1.899651911561876432e+03
2.960130316499640344e+02
6.248985975867235254e+00
2.054610417813989329e+02
2.231908362379331656e+00
7.517835813260136561e-76
2.354736397415059886e-108
6.248984589369770859e+00
6.248982194650878341e+00
6.248982048474129414e+00
6.248968250624547416e+00
6.248967698093938594e+00
6.248966431212532591e+00
6.248966257336030061e+00
6.248962934451997242e+00
6.248958797099709805e+00
6.248953342936165889e+00
6.248982692237531111e+00
6.248977685415236571e+00
6.248970924371094249e+00
6.248966861176928234e+00
6.248961276315042390e+00
6.248949576097545311e+00
6.248945232775582781e+00
6.248942508712524102e+00
6.248937948320397950e+00
6.248936203244826793e+00
8.214994992193476175e-01
4.551271615995479891e+01
1.202739138563414940e+02
2.446525400296680527e-04
6.035239111328528016e-06
0.000000000000000000e+00
0.000000000000000000e+00
0.000000000000000000e+00
2.720446785354472402e-02
0.000000000000000000e+00
1.500123036770629081e+00
2.397326554750807581e+00
7.983472132019215678e+03
5.327255186468642378e-01
6.926555813317056103e-03
1.115519226399680065e+03
2.324338058078907476e-01
5.868321196986708843e-01
3.834174399771582031e+00
7.842685006536012082e-01
2.550193346076058409e-01
8.878713161449058866e-01
2.742535749207475781e+00
1.140447383273586901e+01
1.121912936129783933e+00
1.413909982572802733e+02
4.918653386009501816e+01
1.603438689808243822e+01
5.526236814037000755e+01
4.029773830057314932e+00
1.403376065430367170e+01
5.236418416377396134e+00
1.285431902827041561e+00
2.046309300243925122e+01
5.986922155994117700e-01
1.087965214359870032e+02
1.160208904565328325e+01
4.202478353533901867e+00
4.166526492008647153e+01
3.444424252867836156e+00
3.900259548751615846e+00
6.838544267386569286e-01
7.114603103379224081e+01
7.296395280727314692e-01
9.400559851615067686e+00
2.653040735436017172e+01
1.674509306021196053e+01
8.401560705485487668e-02
1.499789576781429823e-01
8.901509218360261002e+03
2.969925459884549812e-01
2.087351795737936300e+01
4.813324616500761488e-01
2.291065570750785985e-01
2.629661104955551831e-01
1.707897012457486666e-02
0.000000000000000000e+00
8.028870729841052878e+00
0.000000000000000000e+00
0.000000000000000000e+00
5.257422110980718433e-01
0.000000000000000000e+00
2.650579089469587402e+01
0.000000000000000000e+00
5.010217391440867970e-04
8.400445956948493498e-01
1.293070050698847794e-03
8.047162635691834964e+01
6.365071686920926314e-03
2.102034350673775574e-04
4.770194962646833403e+01
3.165393302834427202e-08
5.882208843228323852e-04
1.478128060338183587e-07
5.111779081894145982e+00
6.726162390857513178e-05
6.402304185944545907e+02
4.210566165102656954e-06
1.303559936293049226e+00
5.051833050374528966e+01
7.248329181724279149e-05
1.677460462644590983e-06
1.168960053899456675e+01
5.523272280439404469e-05
8.827625594613166982e+01
4.677711872352751044e-08
1.749222251217799314e-04
2.343449961627837308e-03
1.667894288283634063e+00
1.101405240383753099e-02
1.736433553877224692e-04
8.159778270424124843e-04
9.533735675062873573e-07
4.478584766107987168e-06
2.259934225381999113e+03
6.806074156056848403e-06
6.755493565967798887e-04
1.551044334415290723e+04
6.024076410706898088e-02
6.021566029179025170e-01
1.453315396603169347e+03
5.644508775975430083e-03
4.536085876300281761e-02
4.214217518608855129e-02
4.963708397584017107e-02
3.303914548130601128e-06
1.140703635519951277e-02
3.780054608528380378e+00
3.584198790375955034e-03
4.121223656279556988e-03
2.400266248390557980e-03
1.126802035264679314e-01
2.638394805743234373e-01
2.295124804629075310e+00
1.146666504848605217e-01
3.104660799640326929e-02
5.923061004397855642e-03
3.777732734116707292e+00
1.022841118466108590e+00
1.940308124513801524e-01
7.557072071467776930e-02
1.052913337949599722e-07
2.489706321678443857e+00
1.964119088380678058e-04
3.481369038254866766e-02
4.054038628138916032e-05
3.099127008946375716e-01
2.980389829219004831e-04
0.000000000000000000e+00
0.000000000000000000e+00
0.000000000000000000e+00
0.000000000000000000e+00
0.000000000000000000e+00
0.000000000000000000e+00
0.000000000000000000e+00
5.357661109952072565e+01
1.392333598033818287e+00
4.054217783006810016e+00
1.053652547185644772e-01
1.733730331822522119e+00
0.000000000000000000e+00
0.000000000000000000e+00
0.000000000000000000e+00
8.563372545415919745e+00
2.296225908778681268e-01
1.866002609991601058e-01
2.181842706074164917e-02
2.979532524946703134e-02
2.870409912613733905e+00
2.172079704081044393e-01
9.288599348064434380e-02
0.000000000000000000e+00
1.643651101603958026e-02
7.028833939548375688e-03
0.000000000000000000e+00
0.000000000000000000e+00
0.000000000000000000e+00
7.333086945083967800e-02
3.481942970856957595e-05
7.269612528712918742e-01
3.093495737911182153e-01
0.000000000000000000e+00
0.000000000000000000e+00
0.000000000000000000e+00
0.000000000000000000e+00
0.000000000000000000e+00
0.000000000000000000e+00
0.000000000000000000e+00
0.000000000000000000e+00
0.000000000000000000e+00
0.000000000000000000e+00
0.000000000000000000e+00
0.000000000000000000e+00
0.000000000000000000e+00
0.000000000000000000e+00
0.000000000000000000e+00
0.000000000000000000e+00
0.000000000000000000e+00
0.000000000000000000e+00
0.000000000000000000e+00
0.000000000000000000e+00
0.000000000000000000e+00
0.000000000000000000e+00
0.000000000000000000e+00
0.000000000000000000e+00
0.000000000000000000e+00
0.000000000000000000e+00
0.000000000000000000e+00
0.000000000000000000e+00
0.000000000000000000e+00
0.000000000000000000e+00
0.000000000000000000e+00
0.000000000000000000e+00
0.000000000000000000e+00
0.000000000000000000e+00
0.000000000000000000e+00
0.000000000000000000e+00
0.000000000000000000e+00
1.392543837543403773e-01
1.053762083198240586e-02
0.000000000000000000e+00
0.000000000000000000e+00
0.000000000000000000e+00
0.000000000000000000e+00
0.000000000000000000e+00
0.000000000000000000e+00
0.000000000000000000e+00
0.000000000000000000e+00
0.000000000000000000e+00
0.000000000000000000e+00
0.000000000000000000e+00
0.000000000000000000e+00
0.000000000000000000e+00
0.000000000000000000e+00
0.000000000000000000e+00
0.000000000000000000e+00
0.000000000000000000e+00
0.000000000000000000e+00
0.000000000000000000e+00
0.000000000000000000e+00
0.000000000000000000e+00
0.000000000000000000e+00
0.000000000000000000e+00
0.000000000000000000e+00
0.000000000000000000e+00
0.000000000000000000e+00
0.000000000000000000e+00
0.000000000000000000e+00
0.000000000000000000e+00
0.000000000000000000e+00
0.000000000000000000e+00
0.000000000000000000e+00
0.000000000000000000e+00
0.000000000000000000e+00
0.000000000000000000e+00
0.000000000000000000e+00
0.000000000000000000e+00
0.000000000000000000e+00
0.000000000000000000e+00
0.000000000000000000e+00
0.000000000000000000e+00
0.000000000000000000e+00
0.000000000000000000e+00
0.000000000000000000e+00
0.000000000000000000e+00
0.000000000000000000e+00
0.000000000000000000e+00
0.000000000000000000e+00
0.000000000000000000e+00
0.000000000000000000e+00
0.000000000000000000e+00
0.000000000000000000e+00
0.000000000000000000e+00
0.000000000000000000e+00
0.000000000000000000e+00
0.000000000000000000e+00
0.000000000000000000e+00
0.000000000000000000e+00
0.000000000000000000e+00
0.000000000000000000e+00
0.000000000000000000e+00
0.000000000000000000e+00
0.000000000000000000e+00
0.000000000000000000e+00
0.000000000000000000e+00
0.000000000000000000e+00
0.000000000000000000e+00
0.000000000000000000e+00
0.000000000000000000e+00
0.000000000000000000e+00
0.000000000000000000e+00
0.000000000000000000e+00
0.000000000000000000e+00
0.000000000000000000e+00
0.000000000000000000e+00
0.000000000000000000e+00
0.000000000000000000e+00
0.000000000000000000e+00
0.000000000000000000e+00
0.000000000000000000e+00
0.000000000000000000e+00
0.000000000000000000e+00
0.000000000000000000e+00
0.000000000000000000e+00
0.000000000000000000e+00
0.000000000000000000e+00
0.000000000000000000e+00
0.000000000000000000e+00
0.000000000000000000e+00
0.000000000000000000e+00
0.000000000000000000e+00
0.000000000000000000e+00
0.000000000000000000e+00
0.000000000000000000e+00
0.000000000000000000e+00
0.000000000000000000e+00
0.000000000000000000e+00
0.000000000000000000e+00
0.000000000000000000e+00
0.000000000000000000e+00
0.000000000000000000e+00
0.000000000000000000e+00
0.000000000000000000e+00
0.000000000000000000e+00
0.000000000000000000e+00
0.000000000000000000e+00
0.000000000000000000e+00
0.000000000000000000e+00
0.000000000000000000e+00
0.000000000000000000e+00
0.000000000000000000e+00
0.000000000000000000e+00
0.000000000000000000e+00
0.000000000000000000e+00
0.000000000000000000e+00
0.000000000000000000e+00
0.000000000000000000e+00
0.000000000000000000e+00
0.000000000000000000e+00
0.000000000000000000e+00
0.000000000000000000e+00
0.000000000000000000e+00
0.000000000000000000e+00
0.000000000000000000e+00
0.000000000000000000e+00
0.000000000000000000e+00
0.000000000000000000e+00
0.000000000000000000e+00
0.000000000000000000e+00
0.000000000000000000e+00
0.000000000000000000e+00
0.000000000000000000e+00
0.000000000000000000e+00
0.000000000000000000e+00
0.000000000000000000e+00
0.000000000000000000e+00
0.000000000000000000e+00
0.000000000000000000e+00
0.000000000000000000e+00
0.000000000000000000e+00
0.000000000000000000e+00
0.000000000000000000e+00
0.000000000000000000e+00
0.000000000000000000e+00
0.000000000000000000e+00
0.000000000000000000e+00
0.000000000000000000e+00
0.000000000000000000e+00
0.000000000000000000e+00
0.000000000000000000e+00
0.000000000000000000e+00
0.000000000000000000e+00
0.000000000000000000e+00
0.000000000000000000e+00
0.000000000000000000e+00
0.000000000000000000e+00
0.000000000000000000e+00
0.000000000000000000e+00
0.000000000000000000e+00
0.000000000000000000e+00
0.000000000000000000e+00
0.000000000000000000e+00
0.000000000000000000e+00
0.000000000000000000e+00
0.000000000000000000e+00
0.000000000000000000e+00
0.000000000000000000e+00
0.000000000000000000e+00
0.000000000000000000e+00
0.000000000000000000e+00
0.000000000000000000e+00
0.000000000000000000e+00
0.000000000000000000e+00
0.000000000000000000e+00
0.000000000000000000e+00
0.000000000000000000e+00
0.000000000000000000e+00
0.000000000000000000e+00
0.000000000000000000e+00
0.000000000000000000e+00
0.000000000000000000e+00
0.000000000000000000e+00
0.000000000000000000e+00
0.000000000000000000e+00
0.000000000000000000e+00
0.000000000000000000e+00
0.000000000000000000e+00
0.000000000000000000e+00
0.000000000000000000e+00
0.000000000000000000e+00
0.000000000000000000e+00
0.000000000000000000e+00
0.000000000000000000e+00
0.000000000000000000e+00
0.000000000000000000e+00
0.000000000000000000e+00
0.000000000000000000e+00
0.000000000000000000e+00
0.000000000000000000e+00
0.000000000000000000e+00
0.000000000000000000e+00
0.000000000000000000e+00
0.000000000000000000e+00
0.000000000000000000e+00
0.000000000000000000e+00
0.000000000000000000e+00
0.000000000000000000e+00
0.000000000000000000e+00
0.000000000000000000e+00
0.000000000000000000e+00
0.000000000000000000e+00
0.000000000000000000e+00
0.000000000000000000e+00
0.000000000000000000e+00
0.000000000000000000e+00
0.000000000000000000e+00
0.000000000000000000e+00
0.000000000000000000e+00
0.000000000000000000e+00
0.000000000000000000e+00
0.000000000000000000e+00
0.000000000000000000e+00
0.000000000000000000e+00
0.000000000000000000e+00
0.000000000000000000e+00
0.000000000000000000e+00
0.000000000000000000e+00
0.000000000000000000e+00
0.000000000000000000e+00
0.000000000000000000e+00
0.000000000000000000e+00
0.000000000000000000e+00
0.000000000000000000e+00
0.000000000000000000e+00
0.000000000000000000e+00
0.000000000000000000e+00
0.000000000000000000e+00
0.000000000000000000e+00
0.000000000000000000e+00
0.000000000000000000e+00
0.000000000000000000e+00
0.000000000000000000e+00
0.000000000000000000e+00
0.000000000000000000e+00
0.000000000000000000e+00
0.000000000000000000e+00
0.000000000000000000e+00
0.000000000000000000e+00
0.000000000000000000e+00
0.000000000000000000e+00
0.000000000000000000e+00
0.000000000000000000e+00
0.000000000000000000e+00
0.000000000000000000e+00
0.000000000000000000e+00
0.000000000000000000e+00
0.000000000000000000e+00
0.000000000000000000e+00
0.000000000000000000e+00
0.000000000000000000e+00
0.000000000000000000e+00
0.000000000000000000e+00
0.000000000000000000e+00
0.000000000000000000e+00
0.000000000000000000e+00
0.000000000000000000e+00
0.000000000000000000e+00
0.000000000000000000e+00
0.000000000000000000e+00
0.000000000000000000e+00
0.000000000000000000e+00
0.000000000000000000e+00
0.000000000000000000e+00
0.000000000000000000e+00
0.000000000000000000e+00
0.000000000000000000e+00
0.000000000000000000e+00
0.000000000000000000e+00
0.000000000000000000e+00
0.000000000000000000e+00
0.000000000000000000e+00
0.000000000000000000e+00
0.000000000000000000e+00
0.000000000000000000e+00
0.000000000000000000e+00
0.000000000000000000e+00
0.000000000000000000e+00
0.000000000000000000e+00
0.000000000000000000e+00
0.000000000000000000e+00
0.000000000000000000e+00
0.000000000000000000e+00
0.000000000000000000e+00
0.000000000000000000e+00
0.000000000000000000e+00
0.000000000000000000e+00
0.000000000000000000e+00
0.000000000000000000e+00
0.000000000000000000e+00
0.000000000000000000e+00
0.000000000000000000e+00
0.000000000000000000e+00
0.000000000000000000e+00
0.000000000000000000e+00
0.000000000000000000e+00
0.000000000000000000e+00
0.000000000000000000e+00
0.000000000000000000e+00
0.000000000000000000e+00
0.000000000000000000e+00
0.000000000000000000e+00
0.000000000000000000e+00
0.000000000000000000e+00
0.000000000000000000e+00
0.000000000000000000e+00
0.000000000000000000e+00
0.000000000000000000e+00
0.000000000000000000e+00
0.000000000000000000e+00
0.000000000000000000e+00
0.000000000000000000e+00
0.000000000000000000e+00
0.000000000000000000e+00
0.000000000000000000e+00
0.000000000000000000e+00
0.000000000000000000e+00
0.000000000000000000e+00
0.000000000000000000e+00
0.000000000000000000e+00
0.000000000000000000e+00
0.000000000000000000e+00
0.000000000000000000e+00
0.000000000000000000e+00
0.000000000000000000e+00
0.000000000000000000e+00
0.000000000000000000e+00
0.000000000000000000e+00
0.000000000000000000e+00
0.000000000000000000e+00
0.000000000000000000e+00
0.000000000000000000e+00
0.000000000000000000e+00
0.000000000000000000e+00
0.000000000000000000e+00
0.000000000000000000e+00
0.000000000000000000e+00
0.000000000000000000e+00
0.000000000000000000e+00
0.000000000000000000e+00
0.000000000000000000e+00
0.000000000000000000e+00
0.000000000000000000e+00
0.000000000000000000e+00
0.000000000000000000e+00
0.000000000000000000e+00
0.000000000000000000e+00
0.000000000000000000e+00
0.000000000000000000e+00
0.000000000000000000e+00
0.000000000000000000e+00
0.000000000000000000e+00
0.000000000000000000e+00
0.000000000000000000e+00
0.000000000000000000e+00
0.000000000000000000e+00
0.000000000000000000e+00
0.000000000000000000e+00
0.000000000000000000e+00
0.000000000000000000e+00
0.000000000000000000e+00
0.000000000000000000e+00
0.000000000000000000e+00
0.000000000000000000e+00
0.000000000000000000e+00
0.000000000000000000e+00
0.000000000000000000e+00
0.000000000000000000e+00
0.000000000000000000e+00
0.000000000000000000e+00
0.000000000000000000e+00
0.000000000000000000e+00
0.000000000000000000e+00
0.000000000000000000e+00
0.000000000000000000e+00
0.000000000000000000e+00
0.000000000000000000e+00
0.000000000000000000e+00
0.000000000000000000e+00
0.000000000000000000e+00
0.000000000000000000e+00
0.000000000000000000e+00
0.000000000000000000e+00
0.000000000000000000e+00
0.000000000000000000e+00
0.000000000000000000e+00
0.000000000000000000e+00
0.000000000000000000e+00
0.000000000000000000e+00
0.000000000000000000e+00
0.000000000000000000e+00
0.000000000000000000e+00
0.000000000000000000e+00
0.000000000000000000e+00
0.000000000000000000e+00
0.000000000000000000e+00
0.000000000000000000e+00
0.000000000000000000e+00
0.000000000000000000e+00
0.000000000000000000e+00
0.000000000000000000e+00
0.000000000000000000e+00
0.000000000000000000e+00
0.000000000000000000e+00
0.000000000000000000e+00
0.000000000000000000e+00
9.354331075164405984e-01
1.794783771066625622e-02
5.298172692959402852e+00
6.070206417311148783e+01
4.444096917857224827e-01
1.153805495552503030e-01
2.212718858583991643e+00
2.377620302036445588e-02
8.959712095838678891e+00
2.017203598112253804e+00
3.321313600501609731e-01
1.723782158357155536e+00
2.749530133347541483e+00
1.819927554112807655e-01
0.000000000000000000e+00
0.000000000000000000e+00
0.000000000000000000e+00
9.667552204731023835e+00
0.000000000000000000e+00
1.415879645437172929e+00
1.635453822932165622e+02
7.847026257052045484e-01
0.000000000000000000e+00
1.446305926407705833e+00
5.569828485478792501e+00
7.866070637666224830e-01
5.793070858327205030e-01
6.425991879095076242e-02
1.420620229275018573e+02
1.208775782880874239e+01
1.028295216402084833e+01
1.977345581951315840e-03
1.048255076139574665e-01
1.886473805024653672e+00
7.176605547951933772e+01
1.865324802657507830e-01
4.733645533338822209e-01
3.761440656826010257e-03
7.688332971174867934e-03
2.590224152474533970e+00
5.552097250005965517e-02
2.870140313962080469e+00
1.585901104264123007e-02
4.539647564571848903e+01
3.522786840433494859e+01
1.762705653929259597e+01
1.789400603354762040e+02
0.000000000000000000e+00
9.998271872281688047e+03
1.605497224019008407e+00
2.319419450560888940e+00
7.349935054206996332e-01
4.820648669971890854e+01
3.888858316770545803e-02
3.889081934987228539e-01
1.150887710106751527e+01
1.847617188177988201e-01
6.348194095051357122e-02
1.661433752889411031e-01
1.188243744938161761e+00
1.840864564591521813e+00
3.953849157160383397e-03
4.079258989420420534e+01
1.441383176397815769e+00
5.495874617813682750e-02
3.601289491144687993e-01
7.513628553196183280e-02
1.978166199788531365e-01
2.017474153481689925e+01
0.000000000000000000e+00
0.000000000000000000e+00
1.039382004343129665e+03
0.000000000000000000e+00
2.441278510258524648e+02
1.223647976760866030e+01
2.859119337683086570e+00
3.009728578839137580e-01
5.108473647676663454e-01
1.051841694917928436e+02
0.000000000000000000e+00
2.944108779479728266e-01
1.846828514316349867e+01
1.018292654018668753e+00
6.517846151576680569e-01
1.075101414927626564e+00
8.356087325295006533e-04
1.155097643362752941e-03
1.447696827872064357e-02
0.000000000000000000e+00
1.851739732898370497e-03
0.000000000000000000e+00
1.521479902237315163e-01
1.294595152476371754e-02
1.255175352162739788e+00
6.291346016928550666e-02
1.865337004052119718e-01
1.618288340745326612e-06
6.450028501699179980e-06
1.114394701908619223e-03
4.441136263309967622e-03
0.000000000000000000e+00
3.385291816694046933e-03
4.526619997245273186e-04
3.895386639344486888e-04
1.442226190292976093e-02
7.002834824859454060e-04
5.148120565341855531e-04
0.000000000000000000e+00
1.078361373299887649e-03
3.055533002156894488e-03
5.320463583805736928e-04
3.337344775018216388e-04
2.199100328947000798e-05
0.000000000000000000e+00
1.317608263542674933e-05
8.172057832830990909e-02
6.678098635931146651e-04
8.624576102954005464e-04
7.338469862206757296e-05
2.354268200722544577e+02
1.529840961125729848e+01
6.186988431687785728e-02
4.394659318233279932e-01
3.739322916086663950e-02
9.025442464368843787e+00
0.000000000000000000e+00
0.000000000000000000e+00
0.000000000000000000e+00
0.000000000000000000e+00
3.767613874527708617e+01
8.869825844543841242e+01
0.000000000000000000e+00
0.000000000000000000e+00
0.000000000000000000e+00
0.000000000000000000e+00
0.000000000000000000e+00
0.000000000000000000e+00
0.000000000000000000e+00
0.000000000000000000e+00
0.000000000000000000e+00
0.000000000000000000e+00
0.000000000000000000e+00
0.000000000000000000e+00
0.000000000000000000e+00
0.000000000000000000e+00
0.000000000000000000e+00
0.000000000000000000e+00
0.000000000000000000e+00
0.000000000000000000e+00
0.000000000000000000e+00
0.000000000000000000e+00
0.000000000000000000e+00
2.525534237962685433e-03
1.580426384277731217e-02
6.327155866377848475e-04
9.467460927004268077e-04
6.324811941223549682e-04
5.373453139897799331e-03
5.380153080050920252e-03
5.376911809481767918e-03
5.375710656161544060e-03
1.891192283599109130e-03
3.150268942153038433e-04
6.303121443439850665e-04
5.376201560241605434e-03
5.376201560241605434e-03
5.374398971919754596e-03
5.380153080422629859e-03
5.377616289915854338e-03
5.372892645027743663e-03
5.376201560241605434e-03
5.373450679836265509e-03
5.375917843947473559e-03
5.376201560241605434e-03
5.374587960142128244e-03
5.378084807630423465e-03
5.383622190567123079e-03
3.794989941205448129e-03
1.393655584873280430e-02
6.323804940038771794e-04
3.470249266886619478e-03
2.214091697822878971e-03
0.000000000000000000e+00
3.163237645308313029e-04
4.112204264368756433e-03
3.162232506329596370e-03
2.528342528819446829e-03
1.580213593791512071e-03
1.138521327335430787e-02
4.112332407465489094e-03
7.269962529448619100e-03
8.543519333511603170e-03
1.581444400357174488e-03
6.636811210413527153e-03
4.745366525708406488e-03
0.000000000000000000e+00
9.489461763217604600e-04
6.642618934714307997e-03
9.485014125712555111e-04
2.907697669007957772e-02
2.848785518397205316e-03
6.333573363752394852e-04
6.323025365280702951e-04
4.106154367075856571e-03
3.162459337107747593e-04
1.265537228479570939e-03
9.489153158070818108e-04
0.000000000000000000e+00
0.000000000000000000e+00
2.534339675684173145e-03
1.263395948687893056e-03
5.366526437066220824e-03
0.000000000000000000e+00
0.000000000000000000e+00
5.687633271770019781e-03
0.000000000000000000e+00
3.163642900673928706e-04
3.163068666008888989e-04
0.000000000000000000e+00
6.280236127683683960e-04
9.489651487350386815e-04
1.580260955557917513e-03
3.163698709847836380e-04
3.163698709847836380e-04
6.328142501245432455e-04
6.325117393561306700e-04
0.000000000000000000e+00
0.000000000000000000e+00
6.325908799032609704e-04
3.159881527568860903e-04
2.844472663508607665e-03
3.162631905680218162e-04
1.581837391082036980e-03
0.000000000000000000e+00
3.160524879896533406e-04
4.433685333676985058e-03
2.526637813411575922e-03
9.488262817462680791e-04
1.267271371699408384e-03
1.897206749512580278e-03
3.163038582258300129e-04
6.326467698223383089e-04
9.489451210705140494e-04
3.071069324186715939e-04
3.158860391865381061e-04
6.319084192442478605e-04
1.264710894582896095e-03
3.157409618875840784e-04
9.350323192577368126e-04
8.070447021841075513e-04
2.206994599059462509e-03
6.320695369499833597e-04
1.045295305929395437e-02
7.294954686972591855e-03
3.171526074945549474e-04
9.459756066174758102e-04
9.495663864523388748e-04
1.265333279074485522e-03
3.171402783855548318e-04
9.486896315548217417e-04
1.264918450753700716e-03
3.157861707403157407e-04
6.326074523831608622e-04
3.163037261915804311e-04
0.000000000000000000e+00
9.489121630386844388e-04
1.165699459347991143e-02
1.898248402034391187e-03
6.325302442135552657e-04
1.264985025830431264e-03
9.794281018209912912e-03
3.168448875370807665e-04
9.509029796269459663e-04
6.339317771436062078e-04
1.199971875776215634e-02
9.500797953825141327e-04
0.000000000000000000e+00
2.213400891760208995e-03
3.160955977301520650e-04
6.320254292018178928e-04
0.000000000000000000e+00
0.000000000000000000e+00
1.200744619161961402e-02
9.494385634905491830e-04
6.329593659437014437e-04
0.000000000000000000e+00
0.000000000000000000e+00
9.493183632887787190e-04
1.580722207961636309e-03
6.322884560775622739e-04
1.581946977835337748e-03
1.897771757842407021e-03
0.000000000000000000e+00
