1.899759997861255442e+03
2.958788469160846830e+02
6.252975546524515593e+00
2.053328189949922091e+02
2.231921156721434318e+00
7.605863432388827142e-76
2.567457809299022263e-108
6.252975055213212840e+00
6.252974206677679447e+00
6.252974154882131153e+00
6.252969267273946308e+00
6.252969071553519775e+00
6.252968622804075949e+00
6.252968561214494514e+00
6.252967384285248009e+00
6.252965919011514551e+00
6.252963987608341156e+00
6.252974383003420122e+00
6.252972609076497434e+00
6.252970213973467750e+00
6.252968774711037625e+00
6.252966796683187667e+00
6.252962653795869130e+00
6.252961116030713917e+00
6.252960151626113294e+00
6.252958537264390770e+00
6.252957919537844411e+00
8.209635451140552265e-01
4.548651068672488407e+01
1.202961164087813870e+02
2.448164104621759892e-04
6.061743609508021594e-06
0.000000000000000000e+00
0.000000000000000000e+00
0.000000000000000000e+00
2.718700198471085683e-02
0.000000000000000000e+00
1.498411234639141387e+00
2.395614728011403738e+00
7.982835467676290136e+03
5.318444148310560449e-01
6.928505099178814200e-03
1.116762826019742761e+03
2.322560696697153204e-01
5.863265040250217330e-01
3.829850232191903014e+00
7.813395376654002078e-01
2.553460223927294659e-01
8.891803434173241039e-01
2.747621396671419358e+00
1.140450161135798091e+01
1.121100297756248310e+00
1.414051216076277626e+02
4.918015140564177301e+01
1.602747430562752484e+01
5.526236634567119665e+01
4.030175486834064458e+00
1.403408740051357384e+01
5.238475800354604139e+00
1.282458774244500388e+00
2.041088632738876285e+01
5.990245043139151848e-01
1.087956990142309195e+02
1.161058099249802211e+01
4.202705570423467485e+00
4.167567430887533675e+01
3.444430933368032299e+00
3.900274500366071706e+00
6.838566577578907291e-01
7.114573975434996100e+01
7.296416788054125302e-01
9.400563160005631858e+00
2.653040610770257857e+01
1.674509373928070488e+01
8.379800465811158838e-02
1.499789794400371579e-01
8.910739545920498131e+03
2.968324188017724685e-01
2.087359070585069176e+01
4.807868987062315358e-01
2.295460399985892463e-01
2.630473795144475657e-01
1.707907999282838249e-02
0.000000000000000000e+00
8.023608439417657223e+00
0.000000000000000000e+00
0.000000000000000000e+00
5.254038281023269974e-01
0.000000000000000000e+00
2.648826581214343889e+01
0.000000000000000000e+00
5.535047848163415990e-04
8.393350482711599003e-01
1.428104946302918539e-03
7.979201612838390645e+01
6.974388450019035693e-03
2.265061739010564403e-04
4.769570087938838299e+01
3.410446599175082075e-08
6.404547306152289518e-04
1.608322221318782704e-07
5.155101997047980333e+00
7.309285952306922556e-05
6.398203980484987596e+02
4.534221589367909608e-06
1.671769896185400395e+00
5.050784920469617134e+01
8.010100678497350025e-05
1.816570573107978682e-06
1.199885432800870078e+01
6.142773879072630199e-05
8.820181129698499944e+01
5.061360868450470199e-08
1.670273769893590942e-04
2.235137841227742735e-03
1.712019939232891863e+00
1.078450442888407440e-02
1.579628135678884490e-04
7.621560266886425600e-04
7.889621813743090630e-07
3.806549704637804997e-06
2.259945343347796552e+03
5.632383017134951168e-06
5.628342121447648750e-04
1.552027511389747997e+04
5.022146203156725025e-02
5.020746267690308073e-01
1.440021603951303860e+03
4.659710640702563987e-03
3.753011399349876626e-02
3.514032341042201690e-02
5.797524285476661488e-02
3.217762096103282607e-06
1.202464920324666960e-02
3.452314956728376849e+00
3.419318049266804795e-03
3.897434264839265503e-03
1.992987006672395159e-03
1.083756781003916564e-01
2.210744062955614375e-01
2.886162225398510639e+00
1.065352460095500275e-01
3.023217403979865103e-02
5.771082427368641639e-03
3.602690118017912724e+00
1.022358110358601913e+00
1.940534720206770758e-01
6.920763023715229001e-02
9.634443614191080051e-08
2.340386506799065902e+00
3.573707532744341232e-04
6.334338635407529838e-02
3.764133064470013765e-05
5.380239725202750067e-01
5.501486305459540784e-04
0.000000000000000000e+00
0.000000000000000000e+00
0.000000000000000000e+00
0.000000000000000000e+00
0.000000000000000000e+00
0.000000000000000000e+00
0.000000000000000000e+00
5.236154277066660967e+01
2.703530593135900162e+00
3.956306139011638301e+00
2.042824273982415950e-01
1.734664011173054909e+00
0.000000000000000000e+00
0.000000000000000000e+00
0.000000000000000000e+00
8.554801466960141099e+00
2.293533384581890044e-01
1.862667474313240423e-01
2.181026456452794804e-02
2.978456428711256931e-02
2.741689764923085360e+00
2.071551653299422979e-01
9.082831242272126904e-02
0.000000000000000000e+00
1.565219550444511484e-02
6.862777474022418132e-03
0.000000000000000000e+00
0.000000000000000000e+00
0.000000000000000000e+00
7.318414890790257699e-02
3.469507402574234918e-05
7.263378984851116549e-01
3.091088699011109719e-01
0.000000000000000000e+00
0.000000000000000000e+00
0.000000000000000000e+00
0.000000000000000000e+00
0.000000000000000000e+00
0.000000000000000000e+00
0.000000000000000000e+00
0.000000000000000000e+00
0.000000000000000000e+00
0.000000000000000000e+00
0.000000000000000000e+00
0.000000000000000000e+00
0.000000000000000000e+00
0.000000000000000000e+00
0.000000000000000000e+00
0.000000000000000000e+00
0.000000000000000000e+00
0.000000000000000000e+00
0.000000000000000000e+00
0.000000000000000000e+00
0.000000000000000000e+00
0.000000000000000000e+00
0.000000000000000000e+00
0.000000000000000000e+00
0.000000000000000000e+00
0.000000000000000000e+00
0.000000000000000000e+00
0.000000000000000000e+00
0.000000000000000000e+00
0.000000000000000000e+00
0.000000000000000000e+00
0.000000000000000000e+00
0.000000000000000000e+00
0.000000000000000000e+00
0.000000000000000000e+00
0.000000000000000000e+00
0.000000000000000000e+00
2.703938738831428990e-01
2.043036659090944479e-02
0.000000000000000000e+00
0.000000000000000000e+00
0.000000000000000000e+00
0.000000000000000000e+00
0.000000000000000000e+00
0.000000000000000000e+00
0.000000000000000000e+00
0.000000000000000000e+00
0.000000000000000000e+00
0.000000000000000000e+00
0.000000000000000000e+00
0.000000000000000000e+00
0.000000000000000000e+00
0.000000000000000000e+00
0.000000000000000000e+00
0.000000000000000000e+00
0.000000000000000000e+00
0.000000000000000000e+00
0.000000000000000000e+00
0.000000000000000000e+00
0.000000000000000000e+00
0.000000000000000000e+00
0.000000000000000000e+00
0.000000000000000000e+00
0.000000000000000000e+00
0.000000000000000000e+00
0.000000000000000000e+00
0.000000000000000000e+00
0.000000000000000000e+00
0.000000000000000000e+00
0.000000000000000000e+00
0.000000000000000000e+00
0.000000000000000000e+00
0.000000000000000000e+00
0.000000000000000000e+00
0.000000000000000000e+00
0.000000000000000000e+00
0.000000000000000000e+00
0.000000000000000000e+00
0.000000000000000000e+00
0.000000000000000000e+00
0.000000000000000000e+00
0.000000000000000000e+00
0.000000000000000000e+00
0.000000000000000000e+00
0.000000000000000000e+00
0.000000000000000000e+00
0.000000000000000000e+00
0.000000000000000000e+00
0.000000000000000000e+00
0.000000000000000000e+00
0.000000000000000000e+00
0.000000000000000000e+00
0.000000000000000000e+00
0.000000000000000000e+00
0.000000000000000000e+00
0.000000000000000000e+00
0.000000000000000000e+00
0.000000000000000000e+00
0.000000000000000000e+00
0.000000000000000000e+00
0.000000000000000000e+00
0.000000000000000000e+00
0.000000000000000000e+00
0.000000000000000000e+00
0.000000000000000000e+00
0.000000000000000000e+00
0.000000000000000000e+00
0.000000000000000000e+00
0.000000000000000000e+00
0.000000000000000000e+00
0.000000000000000000e+00
0.000000000000000000e+00
0.000000000000000000e+00
0.000000000000000000e+00
0.000000000000000000e+00
0.000000000000000000e+00
0.000000000000000000e+00
0.000000000000000000e+00
0.000000000000000000e+00
0.000000000000000000e+00
0.000000000000000000e+00
0.000000000000000000e+00
0.000000000000000000e+00
0.000000000000000000e+00
0.000000000000000000e+00
0.000000000000000000e+00
0.000000000000000000e+00
0.000000000000000000e+00
0.000000000000000000e+00
0.000000000000000000e+00
0.000000000000000000e+00
0.000000000000000000e+00
0.000000000000000000e+00
0.000000000000000000e+00
0.000000000000000000e+00
0.000000000000000000e+00
0.000000000000000000e+00
0.000000000000000000e+00
0.000000000000000000e+00
0.000000000000000000e+00
0.000000000000000000e+00
0.000000000000000000e+00
0.000000000000000000e+00
0.000000000000000000e+00
0.000000000000000000e+00
0.000000000000000000e+00
0.000000000000000000e+00
0.000000000000000000e+00
0.000000000000000000e+00
0.000000000000000000e+00
0.000000000000000000e+00
0.000000000000000000e+00
0.000000000000000000e+00
0.000000000000000000e+00
0.000000000000000000e+00
0.000000000000000000e+00
0.000000000000000000e+00
0.000000000000000000e+00
0.000000000000000000e+00
0.000000000000000000e+00
0.000000000000000000e+00
0.000000000000000000e+00
0.000000000000000000e+00
0.000000000000000000e+00
0.000000000000000000e+00
0.000000000000000000e+00
0.000000000000000000e+00
0.000000000000000000e+00
0.000000000000000000e+00
0.000000000000000000e+00
0.000000000000000000e+00
0.000000000000000000e+00
0.000000000000000000e+00
0.000000000000000000e+00
0.000000000000000000e+00
0.000000000000000000e+00
0.000000000000000000e+00
0.000000000000000000e+00
0.000000000000000000e+00
0.000000000000000000e+00
0.000000000000000000e+00
0.000000000000000000e+00
0.000000000000000000e+00
0.000000000000000000e+00
0.000000000000000000e+00
0.000000000000000000e+00
0.000000000000000000e+00
0.000000000000000000e+00
0.000000000000000000e+00
0.000000000000000000e+00
0.000000000000000000e+00
0.000000000000000000e+00
0.000000000000000000e+00
0.000000000000000000e+00
0.000000000000000000e+00
0.000000000000000000e+00
0.000000000000000000e+00
0.000000000000000000e+00
0.000000000000000000e+00
0.000000000000000000e+00
0.000000000000000000e+00
0.000000000000000000e+00
0.000000000000000000e+00
0.000000000000000000e+00
0.000000000000000000e+00
0.000000000000000000e+00
0.000000000000000000e+00
0.000000000000000000e+00
0.000000000000000000e+00
0.000000000000000000e+00
0.000000000000000000e+00
0.000000000000000000e+00
0.000000000000000000e+00
0.000000000000000000e+00
0.000000000000000000e+00
0.000000000000000000e+00
0.000000000000000000e+00
0.000000000000000000e+00
0.000000000000000000e+00
0.000000000000000000e+00
0.000000000000000000e+00
0.000000000000000000e+00
0.000000000000000000e+00
0.000000000000000000e+00
0.000000000000000000e+00
0.000000000000000000e+00
0.000000000000000000e+00
0.000000000000000000e+00
0.000000000000000000e+00
0.000000000000000000e+00
0.000000000000000000e+00
0.000000000000000000e+00
0.000000000000000000e+00
0.000000000000000000e+00
0.000000000000000000e+00
0.000000000000000000e+00
0.000000000000000000e+00
0.000000000000000000e+00
0.000000000000000000e+00
0.000000000000000000e+00
0.000000000000000000e+00
0.000000000000000000e+00
0.000000000000000000e+00
0.000000000000000000e+00
0.000000000000000000e+00
0.000000000000000000e+00
0.000000000000000000e+00
0.000000000000000000e+00
0.000000000000000000e+00
0.000000000000000000e+00
0.000000000000000000e+00
0.000000000000000000e+00
0.000000000000000000e+00
0.000000000000000000e+00
0.000000000000000000e+00
0.000000000000000000e+00
0.000000000000000000e+00
0.000000000000000000e+00
0.000000000000000000e+00
0.000000000000000000e+00
0.000000000000000000e+00
0.000000000000000000e+00
0.000000000000000000e+00
0.000000000000000000e+00
0.000000000000000000e+00
0.000000000000000000e+00
0.000000000000000000e+00
0.000000000000000000e+00
0.000000000000000000e+00
0.000000000000000000e+00
0.000000000000000000e+00
0.000000000000000000e+00
0.000000000000000000e+00
0.000000000000000000e+00
0.000000000000000000e+00
0.000000000000000000e+00
0.000000000000000000e+00
0.000000000000000000e+00
0.000000000000000000e+00
0.000000000000000000e+00
0.000000000000000000e+00
0.000000000000000000e+00
0.000000000000000000e+00
0.000000000000000000e+00
0.000000000000000000e+00
0.000000000000000000e+00
0.000000000000000000e+00
0.000000000000000000e+00
0.000000000000000000e+00
0.000000000000000000e+00
0.000000000000000000e+00
0.000000000000000000e+00
0.000000000000000000e+00
0.000000000000000000e+00
0.000000000000000000e+00
0.000000000000000000e+00
0.000000000000000000e+00
0.000000000000000000e+00
0.000000000000000000e+00
0.000000000000000000e+00
0.000000000000000000e+00
0.000000000000000000e+00
0.000000000000000000e+00
0.000000000000000000e+00
0.000000000000000000e+00
0.000000000000000000e+00
0.000000000000000000e+00
0.000000000000000000e+00
0.000000000000000000e+00
0.000000000000000000e+00
0.000000000000000000e+00
0.000000000000000000e+00
0.000000000000000000e+00
0.000000000000000000e+00
0.000000000000000000e+00
0.000000000000000000e+00
0.000000000000000000e+00
0.000000000000000000e+00
0.000000000000000000e+00
0.000000000000000000e+00
0.000000000000000000e+00
0.000000000000000000e+00
0.000000000000000000e+00
0.000000000000000000e+00
0.000000000000000000e+00
0.000000000000000000e+00
0.000000000000000000e+00
0.000000000000000000e+00
0.000000000000000000e+00
0.000000000000000000e+00
0.000000000000000000e+00
0.000000000000000000e+00
0.000000000000000000e+00
0.000000000000000000e+00
0.000000000000000000e+00
0.000000000000000000e+00
0.000000000000000000e+00
0.000000000000000000e+00
0.000000000000000000e+00
0.000000000000000000e+00
0.000000000000000000e+00
0.000000000000000000e+00
0.000000000000000000e+00
0.000000000000000000e+00
0.000000000000000000e+00
0.000000000000000000e+00
0.000000000000000000e+00
0.000000000000000000e+00
0.000000000000000000e+00
0.000000000000000000e+00
0.000000000000000000e+00
0.000000000000000000e+00
0.000000000000000000e+00
0.000000000000000000e+00
0.000000000000000000e+00
0.000000000000000000e+00
0.000000000000000000e+00
0.000000000000000000e+00
0.000000000000000000e+00
0.000000000000000000e+00
0.000000000000000000e+00
0.000000000000000000e+00
0.000000000000000000e+00
0.000000000000000000e+00
0.000000000000000000e+00
0.000000000000000000e+00
0.000000000000000000e+00
0.000000000000000000e+00
0.000000000000000000e+00
0.000000000000000000e+00
0.000000000000000000e+00
0.000000000000000000e+00
0.000000000000000000e+00
0.000000000000000000e+00
0.000000000000000000e+00
0.000000000000000000e+00
0.000000000000000000e+00
0.000000000000000000e+00
0.000000000000000000e+00
0.000000000000000000e+00
0.000000000000000000e+00
0.000000000000000000e+00
0.000000000000000000e+00
0.000000000000000000e+00
0.000000000000000000e+00
0.000000000000000000e+00
0.000000000000000000e+00
0.000000000000000000e+00
0.000000000000000000e+00
0.000000000000000000e+00
0.000000000000000000e+00
0.000000000000000000e+00
0.000000000000000000e+00
0.000000000000000000e+00
0.000000000000000000e+00
0.000000000000000000e+00
0.000000000000000000e+00
0.000000000000000000e+00
0.000000000000000000e+00
0.000000000000000000e+00
0.000000000000000000e+00
0.000000000000000000e+00
0.000000000000000000e+00
0.000000000000000000e+00
0.000000000000000000e+00
0.000000000000000000e+00
0.000000000000000000e+00
0.000000000000000000e+00
0.000000000000000000e+00
0.000000000000000000e+00
0.000000000000000000e+00
0.000000000000000000e+00
0.000000000000000000e+00
0.000000000000000000e+00
0.000000000000000000e+00
0.000000000000000000e+00
0.000000000000000000e+00
0.000000000000000000e+00
0.000000000000000000e+00
0.000000000000000000e+00
0.000000000000000000e+00
0.000000000000000000e+00
0.000000000000000000e+00
0.000000000000000000e+00
0.000000000000000000e+00
0.000000000000000000e+00
0.000000000000000000e+00
0.000000000000000000e+00
0.000000000000000000e+00
0.000000000000000000e+00
0.000000000000000000e+00
0.000000000000000000e+00
0.000000000000000000e+00
0.000000000000000000e+00
0.000000000000000000e+00
0.000000000000000000e+00
0.000000000000000000e+00
0.000000000000000000e+00
0.000000000000000000e+00
0.000000000000000000e+00
0.000000000000000000e+00
0.000000000000000000e+00
0.000000000000000000e+00
0.000000000000000000e+00
0.000000000000000000e+00
0.000000000000000000e+00
0.000000000000000000e+00
0.000000000000000000e+00
0.000000000000000000e+00
0.000000000000000000e+00
0.000000000000000000e+00
0.000000000000000000e+00
0.000000000000000000e+00
0.000000000000000000e+00
9.348173550986847991e-01
1.794469647766216980e-02
5.293985626798089150e+00
6.065289811746912818e+01
3.686074663718242883e-01
1.901358679732984003e-01
2.212130434894064024e+00
2.373911947935286246e-02
8.953792990122018125e+00
2.012547369622366134e+00
3.354354188432052686e-01
1.723052279871246206e+00
2.746479900850602895e+00
1.842257320172729917e-01
0.000000000000000000e+00
0.000000000000000000e+00
0.000000000000000000e+00
9.658114399461487309e+00
0.000000000000000000e+00
1.424110195348353258e+00
1.646595083625421410e+02
7.864172982364089348e-01
0.000000000000000000e+00
2.631164929008166453e+00
5.100103311716395638e+00
7.250035921577209219e-01
6.634240981461168030e-01
6.832466504837257648e-02
1.365140285041591426e+02
1.424240805865609616e+01
1.485580539401553146e+01
1.956383599452774652e-03
2.082656884996729185e-01
3.747795262048184028e+00
7.175232451882396845e+01
3.705289730781514135e-01
9.402953653814196677e-01
2.908564353343236382e-03
1.179596896484954270e-02
2.602009113639265347e+00
1.108006708139282759e-01
2.866154118851039545e+00
3.160516424111224631e-02
4.538991834246092338e+01
3.542007448370142697e+01
1.772322479313977439e+01
1.793951816892357840e+02
0.000000000000000000e+00
9.998271597987035420e+03
1.605806006990605717e+00
2.318760905716473086e+00
7.348234879743444914e-01
4.818507126757560144e+01
3.886359967327952802e-02
3.886583400409991951e-01
1.150262565671724602e+01
1.846968754882486186e-01
6.346846856307584994e-02
1.656929922158398849e-01
1.190941475913570802e+00
1.840072150594852962e+00
3.951320455165289493e-03
4.076229663063762843e+01
1.439387496240060571e+00
5.546843986754115829e-02
3.556150254280973644e-01
7.916383924822929796e-02
1.971486522548527576e-01
2.014528237383342102e+01
0.000000000000000000e+00
0.000000000000000000e+00
1.037560319732438984e+03
0.000000000000000000e+00
2.349768651014885563e+02
1.682783903534139469e+01
5.680454157878959798e+00
3.008253174697215204e-01
5.102682764561730089e-01
1.051275416864090175e+02
0.000000000000000000e+00
2.934648439697979949e-01
1.845761800466118885e+01
1.030192020992655388e+00
6.520872087495546143e-01
1.088799688318516923e+00
7.112533553998933410e-04
1.903487727868351026e-03
2.633695433529383706e-02
0.000000000000000000e+00
1.866573753365534947e-03
0.000000000000000000e+00
5.829543539559361998e-02
6.081919844370058115e-03
1.745382297974068297e+00
1.249953367550133421e-01
3.705313783659056615e-01
2.485701300225194966e-06
9.908574407517436655e-06
2.223714744461253393e-03
8.863201896247068987e-03
0.000000000000000000e+00
3.384981545836030902e-03
4.523984628151015244e-04
3.892883502713339683e-04
1.440229301361303262e-02
6.910617410910554689e-04
1.010000424078855413e-03
0.000000000000000000e+00
1.092099203814127489e-03
3.091236640796517655e-03
5.314438976187606115e-04
3.370494700163806519e-04
2.992184254303970067e-05
0.000000000000000000e+00
4.016176901184309350e-05
9.425805657799009307e-02
8.884454227019084917e-04
3.912426649027383693e-04
4.081805910366744346e-05
2.349241611025755390e+02
1.527282905194729423e+01
5.256060936708055464e-02
1.793810816439163902e-01
1.871469615548229312e-02
9.021015949475254203e+00
0.000000000000000000e+00
0.000000000000000000e+00
0.000000000000000000e+00
0.000000000000000000e+00
3.768635288031924091e+01
8.853287132663349723e+01
0.000000000000000000e+00
0.000000000000000000e+00
0.000000000000000000e+00
0.000000000000000000e+00
0.000000000000000000e+00
0.000000000000000000e+00
0.000000000000000000e+00
0.000000000000000000e+00
0.000000000000000000e+00
0.000000000000000000e+00
0.000000000000000000e+00
0.000000000000000000e+00
0.000000000000000000e+00
0.000000000000000000e+00
0.000000000000000000e+00
0.000000000000000000e+00
0.000000000000000000e+00
0.000000000000000000e+00
0.000000000000000000e+00
0.000000000000000000e+00
0.000000000000000000e+00
2.525471417059475115e-03
1.580426384347854638e-02
6.327155866378800404e-04
9.466679811592995262e-04
6.324862655459416016e-04
5.373450470898757589e-03
5.380153080634561893e-03
5.376911809478044334e-03
5.375710656157535114e-03
1.890945175136779424e-03
3.150049514275651721e-04
6.302696597393219087e-04
5.376201560241605434e-03
5.376201560241605434e-03
5.374398971807327167e-03
5.380153080634473423e-03
5.377608526326036441e-03
5.372892645016474900e-03
5.376201560241605434e-03
5.373450679835931575e-03
5.375906170356567135e-03
5.376201560241605434e-03
5.374566810571393752e-03
5.378084807630299433e-03
5.383622942612183854e-03
3.795008735697973784e-03
1.393669145611676173e-02
6.323805036581612790e-04
3.470165920328543725e-03
2.214091786671948565e-03
0.000000000000000000e+00
3.163237645689036585e-04
4.112204264627652636e-03
3.162232508779368526e-03
2.528342175645625477e-03
1.580213639303987587e-03
1.138521326975546963e-02
4.112333221214999578e-03
7.269962514173369285e-03
8.543528887470194441e-03
1.581444400365250276e-03
6.636587037719438899e-03
4.745368447255662869e-03
0.000000000000000000e+00
9.489461701695839271e-04
6.642618934719565077e-03
9.484976729722623037e-04
2.907682905062695250e-02
2.848733315792085184e-03
6.333576656683727194e-04
6.323026099240448145e-04
4.106125523338161401e-03
3.162459337963037282e-04
1.265537228565828112e-03
9.486818533986951822e-04
0.000000000000000000e+00
0.000000000000000000e+00
2.534046345879940876e-03
1.263025008609157092e-03
5.366106560919205008e-03
0.000000000000000000e+00
0.000000000000000000e+00
5.687222582182026136e-03
0.000000000000000000e+00
3.162425728514218419e-04
3.161242904448364056e-04
0.000000000000000000e+00
6.283220307910895733e-04
9.489651481513037981e-04
1.580261663975746468e-03
3.163730325392180662e-04
3.163730325392180662e-04
6.328142502364561117e-04
6.325117394806615894e-04
0.000000000000000000e+00
0.000000000000000000e+00
6.325908799052101491e-04
3.159880615453475512e-04
2.844472663499777922e-03
3.162632047421212646e-04
1.581839678438229455e-03
0.000000000000000000e+00
3.160524879898555985e-04
4.433708966275780490e-03
2.526636835248202272e-03
9.488103584691034856e-04
1.267289629861003851e-03
1.897201875245595887e-03
3.163038582280922550e-04
6.326490473639579098e-04
9.489445273281184139e-04
3.077332783484837777e-04
3.158841115998396124e-04
6.319071309566653451e-04
1.264721835863668545e-03
3.157376815217024786e-04
9.359718381524548443e-04
8.170414385509789648e-04
2.207530763177097555e-03
6.323817016562245522e-04
1.045349671109321865e-02
7.295334562128337474e-03
3.172063417539947310e-04
9.458974691830251275e-04
9.495666114388735942e-04
1.265333279533889087e-03
3.171906348656988207e-04
9.486894348447578139e-04
1.264919198680181014e-03
3.157767277051716547e-04
6.326080509873996307e-04
3.163040254936998153e-04
0.000000000000000000e+00
9.489120764812307429e-04
1.165450133954223401e-02
1.898237169723932492e-03
6.325371377372619904e-04
1.264985025834111047e-03
9.794272023599646243e-03
3.168685307038743358e-04
9.509131458992285246e-04
6.339420972606240028e-04
1.199971793231013190e-02
9.500812485449725529e-04
0.000000000000000000e+00
2.213400891901599801e-03
3.156871582798532420e-04
6.319467582272021450e-04
0.000000000000000000e+00
0.000000000000000000e+00
1.200750351960561471e-02
9.494385635842691367e-04
6.329593661487622385e-04
0.000000000000000000e+00
0.000000000000000000e+00
9.492203460769826863e-04
1.580722883634056017e-03
6.322887259468376380e-04
1.581987660049715382e-03
1.897644699967075384e-03
0.000000000000000000e+00
