gene	Exp GCN	Exp RNA	kGin	kGac	kTCleak	kTCmaxs	kTCd
TP53	2	8	0.005	0.0005	7.247048E-04	0.1	1.647056E-05
MDM2	2	50	0.005	0.0005	1.654648E-02	0.1	6.016903E-05
PPM1D	2	2	0.005	0.0005	9.540314E-04	0.1	8.673013E-05
ATM	2	3	0.005	0.0005	2.156772E-04	0.1	1.307134E-05
ATR	2	2	0.005	0.0005	1.935969E-04	0.1	1.759972E-05
RB1	2	10	0.005	0.0005	2.812902E-03	0.1	3.008451E-05
E2F1	2	0	0.005	0.0005	4.500643E-03	0.1	4.813522E-05
E2F2	2	1	0.005	0.0005	7.378104E-03	0.1	7.891020E-05
E2F3	2	2	0.005	0.0005	7.469947E-03	0.1	7.989248E-05
CCND1	2	6	0.005	0.0005	4.538279E-04	0.1	1.375292E-05
CCND2	2	1	0.005	0.0005	7.562257E-05	0.1	1.375292E-05
CCND3	2	2	0.005	0.0005	1.512636E-04	0.1	1.375292E-05
CCNE1	2	1	0.005	0.0005	1.200172E-02	0.1	1.283606E-04
CCNE2	2	2	0.005	0.0005	1.200172E-02	0.1	1.283606E-04
SKP2	2	2	0.005	0.0005	6.383891E-03	0.1	6.827691E-05
CDC25A	2	1	0.005	0.0005	4.865560E-03	0.1	5.203808E-05
CDC25B	2	1	0.005	0.0005	2.066885E-03	0.1	2.210573E-05
CDC25C	3	10	0.005	0.0005	4.858994E-03	0.1	7.795177E-05
CCNA2	2	5	0.005	0.0005	1.200172E-02	0.1	1.283606E-04
CDKN1B	2	2	0.005	0.0005	8.373290E-03	0.1	8.955390E-05
CDH1	2	15	0.005	0.0005	2.112978E-03	0.1	2.259870E-05
CCNB1	2	87	0.005	0.0005	1.200172E-02	0.1	1.283606E-04
CDC20	2	12	0.005	0.0005	2.000286E-03	0.1	2.139343E-05
WEE1	2	7	0.005	0.0005	8.109267E-03	0.1	8.673013E-05
CHEK1	2	10	0.005	0.0005	3.061662E-03	0.1	3.274505E-05
CDKN1A	2	12	0.005	0.0005	1.268336E-02	0.1	1.925409E-04
CDK1	2	44	0.005	0.0005	5.235381E-03	0.1	2.163381E-05
CDK2	2	2	0.005	0.0005	4.487182E-04	0.1	4.079256E-05
CDK4	2	11	0.005	0.0005	1.110460E-03	0.1	1.835471E-05
CDK6	2	7	0.005	0.0005	1.594156E-03	0.1	4.140664E-05
TNFSF10	2	0	0.005	0.0005	0.000000E+00	0	0.000000E+00
TNFRSF10A	2	1	0.005	0.0005	3.383306E-04	0.1	6.151466E-05
TNFRSF10B	2	13	0.005	0.0005	4.398298E-03	0.1	6.151466E-05
CFLAR	2	10	0.005	0.0005	2.909272E-03	0.1	5.289585E-05
CASP8	2	8	0.005	0.0005	1.433469E-03	0.1	3.257883E-05
CASP10	2	5	0.005	0.0005	8.959178E-04	0.1	3.257883E-05
BFAR	2	36	0.005	0.0005	1.162289E-02	0.1	5.870149E-05
CASP3	2	13	0.005	0.0005	2.195642E-03	0.1	3.070827E-05
CASP7	2	23	0.005	0.0005	3.805691E-03	0.1	3.008451E-05
CASP6	2	27	0.005	0.0005	3.387716E-03	0.1	2.281290E-05
XIAP	2	5	0.005	0.0005	2.013260E-03	0.1	7.320946E-05
PARP1	4	21	0.005	0.0005	6.059529E-04	0.1	1.049269E-05
BID	2	15	0.005	0.0005	2.525377E-03	0.1	3.061063E-05
BCL2	2	0	0.005	0.0005	0.000000E+00	0	7.027040E-05
BCL2L1	2	3	0.005	0.0005	5.776227E-04	0.1	3.500743E-05
MCL1	3	21	0.005	0.0005	5.930259E-03	0.1	7.701635E-05
BAX	2	3	0.005	0.0005	3.117688E-04	0.1	1.889508E-05
CYCS	2	92	0.005	0.0005	9.860899E-03	0.1	1.948794E-05
DIABLO	2	9	0.005	0.0005	6.093845E-04	0.1	1.231080E-05
APAF1	2	2	0.005	0.0005	3.535809E-04	0.1	3.214372E-05
CASP9	2	2	0.005	0.0005	3.529916E-04	0.1	3.209015E-05
BAD	2	13	0.005	0.0005	1.349674E-03	0.1	1.887656E-05
BBC3	2	1	0.005	0.0005	4.449474E-04	0.1	8.089953E-05
PMAIP1	2	4	0.005	0.0005	1.817983E-03	0.1	8.263557E-05
BCL2L11	2	3	0.005	0.0005	1.201570E-03	0.1	8.263557E-05
EGF	2	0	0.005	0.0005	0.000000E+00	0	1.925409E-05
NRG1	2	0	0.005	0.0005	0.000000E+00	0	1.925409E-05
EGFR	2	8	0.005	0.0005	9.669568E-04	0.1	2.314193E-05
ERBB2	2	4	0.005	0.0005	3.487022E-04	0.1	1.818139E-05
ERBB3	2	17	0.005	0.0005	1.852738E-03	0.1	2.036392E-05
ERBB4	2	0	0.005	0.0005	0.000000E+00	0	2.036392E-05
EGFRvIII	2	0	0.005	0.0005	0.000000E+00	0	2.314193E-05
MET	2	18	0.005	0.0005	1.788629E-03	0.1	1.858503E-05
HGF	2	0	0.005	0.0005	0.000000E+00	0	1.925409E-05
PDGFRA	2	1	0.005	0.0005	2.349211E-04	0.1	5.203808E-05
PDGFRB	3	1	0.005	0.0005	1.395180E-04	0.1	5.203808E-05
PDGFB	2	0	0.005	0.0005	0.000000E+00	0	1.925409E-05
SPRY2	2	2	0.005	0.0005	3.138670E-03	0.1	2.873745E-04
CBL	2	3	0.005	0.0005	6.997631E-04	0.1	4.240989E-05
GRB2	2	5	0.005	0.0005	6.266123E-04	0.1	2.278590E-05
PLCG1	2	1	0.005	0.0005	1.012404E-04	0.1	1.840735E-05
PLCG2	2	1	0.005	0.0005	1.012404E-04	0.1	1.840735E-05
PIK3CA	2	2	0.005	0.0005	6.702373E-04	0.1	6.093066E-05
PIK3CB	2	2	0.005	0.0005	6.457164E-04	0.1	5.870149E-05
PIK3CG	2	0	0.005	0.0005	0.000000E+00	0	6.418029E-05
PIK3CD	2	0	0.005	0.0005	0.000000E+00	0	4.307402E-05
PIK3R1	2	2	0.005	0.0005	8.273241E-04	0.1	7.521128E-05
PIK3R2	2	1	0.005	0.0005	1.033146E-04	0.1	1.878448E-05
PIK3R3	2	9	0.005	0.0005	3.858613E-03	0.1	7.795177E-05
PIK3R4	2	1	0.005	0.0005	2.084596E-04	0.1	3.790175E-05
PIK3C2A	2	5	0.005	0.0005	7.097687E-04	0.1	2.580977E-05
RASGRP1	2	0	0.005	0.0005	0.000000E+00	0	7.405419E-05
RASGRP3	2	1	0.005	0.0005	4.072980E-04	0.1	7.405419E-05
NRAS	2	14	0.005	0.0005	1.503615E-03	0.1	1.952747E-05
KRAS	2	8	0.005	0.0005	1.379772E-03	0.1	3.135845E-05
HRAS	2	3	0.005	0.0005	1.575855E-04	0.1	9.550639E-06
NF1	2	4	0.005	0.0005	5.091225E-04	0.1	2.314193E-05
RAF1	2	6	0.005	0.0005	8.083778E-04	0.1	2.449630E-05
BRAF	2	1	0.005	0.0005	3.966198E-04	0.1	7.211269E-05
MAP2K1	2	2	0.005	0.0005	2.398584E-04	0.1	2.180531E-05
MAP2K2	2	3	0.005	0.0005	2.888113E-04	0.1	1.750372E-05
DUSP6	2	1	0.005	0.0005	7.120649E-03	0.1	1.333386E-03
RPS6KA1	2	1	0.005	0.0005	8.680122E-05	0.1	1.578204E-05
RPS6KA2	2	2	0.005	0.0005	1.813313E-04	0.1	1.648466E-05
RPS6KA3	2	4	0.005	0.0005	5.146901E-04	0.1	2.339500E-05
RPS6KA4	2	1	0.005	0.0005	9.281112E-05	0.1	1.687475E-05
DUSP1	3	3	0.005	0.0005	1.445427E-02	0.1	1.333386E-03
FOS	2	3	0.005	0.0005	1.869899E-02	0.1	1.333386E-03
JUN	2	7	0.005	0.0005	2.217217E-02	0.1	5.776804E-04
MYC	3	2	0.005	0.0005	1.724363E-03	0.1	2.406761E-04
CTNNB1	2	33	0.005	0.0005	3.217879E-03	0.1	1.772936E-05
PTEN	2	23	0.005	0.0005	2.055394E-03	0.1	1.624818E-05
AKT1	2	1	0.005	0.0005	6.622732E-05	0.1	1.204133E-05
AKT2	2	3	0.005	0.0005	2.335974E-04	0.1	1.415742E-05
PDPK1	2	3	0.005	0.0005	4.987323E-04	0.1	3.022620E-05
RICTOR	2	4	0.005	0.0005	1.379772E-03	0.1	6.271690E-05
MTOR	2	1	0.005	0.0005	6.727922E-05	0.1	1.223258E-05
GSK3B	2	3	0.005	0.0005	4.685729E-04	0.1	2.839836E-05
TSC1	2	4	0.005	0.0005	7.457569E-04	0.1	3.389804E-05
TSC2	2	1	0.005	0.0005	6.698133E-05	0.1	1.217842E-05
PRKCA	2	2	0.005	0.0005	2.937517E-04	0.1	2.670470E-05
PRKCB	2	1	0.005	0.0005	1.468758E-04	0.1	2.670470E-05
PRKCG	2	0	0.005	0.0005	0.000000E+00	0	2.670470E-05
PRKCD	2	3	0.005	0.0005	4.406275E-04	0.1	2.670470E-05
PEBP1	2	37	0.005	0.0005	2.270108E-03	0.1	1.115532E-05
MAPK1	2	6	0.005	0.0005	6.437537E-04	0.1	1.950769E-05
MAPK3	2	2	0.005	0.0005	1.848124E-04	0.1	1.680112E-05
FOXO3	2	4	0.005	0.0005	1.779790E-03	0.1	8.089953E-05
RHEB	2	31	0.005	0.0005	4.241372E-03	0.1	2.487608E-05
RPTOR	2	1	0.005	0.0005	7.657085E-05	0.1	1.392197E-05
RPS6KB1	2	3	0.005	0.0005	3.340615E-04	0.1	2.024615E-05
RPS6KB2	2	2	0.005	0.0005	2.227076E-04	0.1	2.024615E-05
EIF4EBP1	2	38	0.005	0.0005	4.695571E-03	0.1	2.246685E-05
SOS1	2	3	0.005	0.0005	4.213428E-04	0.1	2.553593E-05
CDKN2A	0	0	0.005	0.0005	0.000000E+00	0	1.747195E-05
MDM4	4	7	0.005	0.0005	1.260684E-03	0.1	6.549010E-05
FGFR1	2	1	0.005	0.0005	4.722100E-05	0.1	1.791078E-05
FGFR2	2	2	0.005	0.0005	8.061812E-04	0.1	7.795177E-05
FGF1	3	0	0.005	0.0005	0.000000E+00	0	1.925409E-05
FGF2	2	0	0.005	0.0005	0.000000E+00	0	1.925409E-05
EIF4E	2	38	0.005	0.0005	3.925956E-03	0.1	1.878448E-05
IRS1	2	3	0.005	0.0005	9.775153E-04	0.1	5.924335E-05
IRS2	2	2	0.005	0.0005	6.516768E-04	0.1	5.924335E-05
IGF1	2	0	0.005	0.0005	0.000000E+00	0	1.925409E-05
IGF2	2	0	0.005	0.0005	0.000000E+00	0	1.925409E-05
IGF1R	2	3	0.005	0.0005	9.972017E-04	0.1	6.354485E-05
MSH6	2	5	0.005	0.0005	7.395076E-04	0.1	2.689118E-05
BRCA2	2	2	0.005	0.0005	2.958030E-04	0.1	2.689118E-05
MGMT	2	5	0.005	0.0005	4.126948E-04	0.1	1.500708E-05
INSR	2	6	0.005	0.0005	1.599062E-03	0.1	5.001062E-05
INS	2	0	0.005	0.0005	0.000000E+00	0	1.925409E-05
IFNG	2	0	0.005	0.0005	0.000000E+00	0	7.409000E-05
IFNGR2	2	6	0.005	0.0005	2.360000E-03	0.1	7.409000E-05
JAK	2	10	0.005	0.0005	2.360000E-03	0.1	7.409000E-05
STAT1	2	8	0.005	0.0005	2.360000E-03	0.1	7.409000E-05
SHP2	2	16	0.005	0.0005	2.360000E-03	0.1	7.409000E-05
PPN	2	8	0.005	0.0005	2.360000E-03	0.1	7.409000E-05
PPX	2	8	0.005	0.0005	2.360000E-03	0.1	7.409000E-05
SOCS1	2	0	0.005	0.0005	0.000000E+00	0.1	5.000000E-03
