1897.48819988413
296.621582356367
6.2460458980107
205.621441479062
2.23073067971472
0
4.59888062664461e-34
6.24604589801071
6.24604589801072
6.24604589801072
6.24604589801083
6.24604589801083
6.24604589801084
6.24604589801084
6.24604589801087
6.2460458980109
6.24604589801094
6.24604589801072
6.24604589801076
6.24604589801081
6.24604589801084
6.24604589801088
6.24604589801096
6.24604589801099
6.24604589801101
6.24604589801105
6.24604589801106
0.821796635780688
45.5036695914286
120.255225575516
0
0
0
0
0
0.0274149365296987
0
1.50375956577311
2.40032283988616
7999.91384264015
0.0142297718473003
0.000194682195424756
1116.72210399409
0.00814522212329839
0.0213577039839475
0.107708683995447
0.0220226490878039
0.255278102746798
0.889294729999397
2.74558649085571
11.408988017037
1.12275232758181
141.285314332117
49.1720270083486
16.0240095006081
55.2985038097457
4.0292791914687
14.0365221776323
5.23645626769391
1.28480602940351
20.4464935146131
0.598761628742998
108.802476742514
11.60595981092
4.20457696403353
41.6559459833029
3.4435354350416
3.90095084613683
0.6842448807806
71.1678157588359
0.730115875259595
9.40299238050852
26.5190630058667
16.7404684970666
0.0839424511037267
0.149754935738145
8933.68061812453
0.00794535037833649
21.3601662872826
0.013804052404362
0.234584736003179
0.268443783921661
0.0175387013216346
6.91320604025733e-20
8.03111970004984
6.99667540138446e-19
2.36608285474029e-22
0.525920537975867
3.29953378702742e-22
26.5553503112981
1.98480986432827e-23
3.00753240681752e-19
0.842460358905495
7.79066045473261e-19
82.8260016433237
3.93413993227263e-18
1.13569905767567e-19
47.6971659828753
1.71116936578833e-23
3.22700231417397e-19
8.12100393495013e-23
5.495126437048
3.9066066574892e-20
641.235336220316
2.2799772011361e-21
1.01402389244075e-15
50.4763542130935
4.35342053075859e-20
9.50465360693857e-22
12.5179697745527
3.35377610669082e-20
88.2607247104658
2.64996855958077e-23
3.20557783384101e-20
4.31391748124858e-19
1.78610301722849
2.17191864145527e-18
0
0
0
3.32014126597902e-31
2260
0
0
15543.140784094
0
0
1474.69636865479
0
0
0
0.539519204932492
0
0
4.55555342797817
0
0
0
0
0
1.8842630856331e-15
0.0942603336126446
0.0289371450005089
0.0055410214545534
3.32549750157045
1.02090030571315
0.194378393318653
0.0597673325324375
0
2.10858700998157
0.000603425819352466
0.10695620269602
3.33586457828106e-05
0.90169427383288
0.000951723241940943
1.64782139560629e-15
1.19187907958035e-14
6.93406530099648e-17
2.31727620242088e-21
1.84652336587751e-18
3.97452974000396e-17
3.62410737691323e-15
50.0344524493683
5.05106246377412
3.79791752939975
0.38342606341894
1.73987038548851
6.28194577873789e-14
6.34280922117566e-15
1.65496689599708e-09
8.57322483324876
0.229676008477831
0.186712990533557
0.0218147935492293
0.0297962143743105
2.50340850834508
0.190023845403595
0.0870521433377764
3.14309185911275e-15
0.0144240276025076
0.00660780275836509
2.38580814091432e-16
1.0929644651701e-16
0
0.0734997028548394
3.48615126032315e-05
0.726899347081026
0.308939915106802
3.07924240834134e-16
1.99568899907979e-16
5.18133882617547e-30
2.14763447024402e-15
5.31540573624502e-22
1.347326403511e-18
3.35712344793112e-15
4.4042616177084e-25
8.41027391322214e-15
1.52528280623345e-15
0
6.87137512455298e-16
8.00304480993703e-15
3.46796405187812e-16
3.25822095849261e-25
2.9489002315965e-28
1.97342311158505e-29
9.67783741817697e-39
2.23832032439415e-28
0
0
1.57848151549593e-14
5.66724857039476e-27
2.20663068477795e-18
1.62863813274631e-17
2.77938332390715e-17
0
1.01186906449595e-30
2.10989432830907e-42
1.50993649459707e-31
1.08504619436811e-43
5.14785707441678e-42
7.58454737135717e-30
0
3.12754873234009e-29
4.754499425912e-27
5.18134984363043e-35
0.505182763767604
0.0383465925834169
6.34276281578269e-16
3.34167813557731e-15
4.3840704276284e-25
8.30594386278035e-15
0
1.5182201281829e-15
1.00718370082679e-30
0
2.09737171537109e-42
6.86675943348256e-16
3.25605931882372e-25
7.96598729418539e-15
2.9754343007585e-28
1.0855136267779e-43
1.97417750415792e-29
9.68391796010564e-39
2.23000826739229e-28
0
0
5.25302485947328e-42
1.57748831685721e-14
7.57977514363062e-30
0
5.67589531327296e-27
3.14143264305283e-29
2.2051908462772e-18
1.62769771277356e-17
2.77691203232543e-17
4.76909223993154e-27
5.17674284105794e-35
1.18647672565476e-17
2.00792464013355e-17
5.19367408153026e-27
3.74319005988978e-35
5.53844224231656e-17
7.26586362987473e-27
1.38749191183871e-16
0
2.51634795578489e-17
1.66933955264535e-32
0
8.22604536426656e-44
1.13360581625733e-17
5.37525336959238e-27
1.32030313872623e-16
4.92596476194947e-30
1.78884584708753e-45
3.20351173042839e-31
1.57213656094237e-40
3.63711416117973e-30
0
0
8.59761581402596e-44
2.60410677302829e-16
1.25126666705702e-31
0
1.11221132097482e-28
5.23075119355356e-31
3.64039089686738e-20
2.68684721382983e-19
4.5852900157199e-19
8.10391671906876e-29
8.54793634860877e-37
1.19803960870656e-14
1.56647218870118e-24
4.14106102397249e-14
0
5.44314958094121e-15
3.61097341457774e-30
0
9.12955389322909e-41
2.65304639082583e-16
1.25800492408874e-25
2.85595822208221e-14
1.21475211922234e-28
4.21776549728211e-44
7.51395878537166e-30
3.67209030988948e-39
7.87779405970994e-28
0
0
2.78747600535204e-42
6.09502205172882e-15
2.92864502813709e-30
0
2.76578865908241e-27
1.23632105031338e-29
8.51993256434941e-19
2.55921043278071e-17
6.23622502200872e-17
1.03496140911915e-26
1.16256097933628e-34
1.19931558685176e-14
1.56814070433604e-24
4.14799405069582e-14
0
5.44894683493503e-15
3.61481929966534e-30
0
9.13426089930673e-41
2.65699175172892e-16
1.25987571061571e-25
2.85899998862006e-14
1.21654350024976e-28
4.22404187764813e-44
7.52526502025042e-30
3.67761331555465e-39
7.88631282840201e-28
0
0
2.79082763986836e-42
6.10408598136583e-15
2.93300022008872e-30
0
2.76944911221387e-27
1.23814133035276e-29
8.53260260708405e-19
2.55943532588962e-17
6.23696751319193e-17
1.03502737869531e-26
1.16269939484065e-34
1.8988527766781e-17
4.62721507858938e-17
7.69726807657699e-27
8.62612037146261e-35
3.20992637496475e-18
4.68118823289224e-28
8.86496318197532e-18
0
1.29632135837429e-18
8.59976573536336e-34
0
0
5.13029191771682e-19
2.78019014750469e-28
6.8017009552786e-18
4.74454632517358e-31
1.05015939967741e-46
2.27416626689385e-32
1.23227727074846e-41
2.74735611982164e-31
0
0
4.49896217415426e-44
3.36736423864446e-18
1.6180065280826e-33
0
8.02847105431341e-31
2.67920368073342e-32
1.88291238817332e-21
6.33070432161115e-21
1.49992053693005e-20
2.77155461724525e-30
2.79616452349294e-38
1.15198176353158e-17
1.67113604493423e-27
4.42575012594927e-17
0
4.65234779874174e-18
3.08635725800851e-33
0
0
1.98509935640026e-19
1.07575083658211e-28
2.44103359382138e-17
1.19645110540247e-31
4.07515411638039e-47
8.0649844541894e-33
4.32363964887052e-42
9.29987784319114e-31
0
0
0
1.30300067541989e-18
6.26089029784879e-34
0
2.93998516143683e-31
1.05682260825112e-32
7.28560310753893e-22
1.01334026765839e-20
3.45709830168942e-20
4.10776203824004e-30
6.44380786420467e-38
5.80112605285039e-17
7.61504450036087e-27
1.44190509621207e-16
0
1.9767133418225e-17
1.31134703501366e-32
0
4.22906415127514e-44
8.94097635610738e-18
4.23960525567825e-27
1.03716658536786e-16
4.45157260771382e-30
9.94753246632393e-46
2.63134832899951e-31
1.35112146032021e-40
3.00711542111997e-30
0
0
4.58905810087522e-44
2.738972693129e-16
1.31606667834884e-31
0
1.2330479824068e-28
2.74336052160458e-31
5.74326652926064e-20
7.7173608111909e-20
3.04743026442479e-19
3.38065792467793e-29
5.68104521780212e-37
3.82845376525821e-16
2.51135270078281e-26
4.75792712005083e-16
0
4.34844061158111e-16
2.88474543608648e-31
0
3.86443028367649e-43
2.36113986995383e-16
9.32998496972392e-26
2.28159250708661e-15
1.26466357046696e-28
3.98679869378556e-44
3.58352860549452e-30
1.18506348896534e-39
2.72237512194996e-29
0
0
9.07415033883383e-43
2.71454290646286e-15
1.30432866388535e-30
0
1.14369408272087e-27
1.52150417213459e-29
1.01191798686027e-18
3.54449525033846e-18
8.28364132506485e-18
1.79979969747573e-27
1.5442434071585e-35
3.28985921135407e-16
2.15804315251277e-26
4.08857239047646e-16
0
3.73669326527094e-16
2.4789136226365e-31
0
3.39499905110429e-43
2.02816477178145e-16
8.01424222158057e-26
1.96061483235845e-15
8.38062805866763e-29
3.08203006112451e-44
2.91475860888007e-30
9.53212874765592e-40
2.19486899278343e-29
0
0
7.78396680028466e-43
2.32974439171625e-15
1.11943391460001e-30
0
8.25418700145917e-28
1.04803413086809e-29
8.6847440224677e-19
3.0643221951947e-18
7.16145579710018e-18
1.34208154888903e-27
1.33504463359173e-35
1.83943017491982e-18
2.60466330320295e-28
7.06246604423017e-18
0
7.42864965064323e-19
4.92814977746549e-34
0
0
3.17010815259832e-20
1.7179223227433e-29
3.89772735224088e-18
2.62764182432159e-32
6.96086436821242e-48
1.37337928360811e-33
7.05826261937306e-43
1.59189119854692e-31
7.17205619106367e-34
0
0
2.08082938507147e-19
9.99834058749029e-35
0
4.89421083207209e-32
1.6780092498834e-33
1.16347575908818e-22
1.61825565632827e-21
5.52081962471999e-21
6.56005455880074e-31
1.02905587797467e-38
2.58890076852547e-17
3.77554377663192e-27
7.14985557730057e-17
0
1.04552160047223e-17
6.93596597579063e-33
0
0
4.13773308338218e-18
2.24230607847029e-27
5.48577343190437e-17
3.8511418831968e-30
8.47081484962946e-46
1.8363554626125e-31
9.9510794695619e-41
2.21750491551153e-30
0
0
3.63276095212624e-43
2.71587961069459e-17
1.3049704839766e-32
0
6.5008143116083e-30
2.16081680359327e-31
1.51862495434382e-20
5.10588970292767e-20
1.20972777050544e-19
2.23534027799711e-29
2.25518471924858e-37
5.272766006291e-16
6.92167580353991e-26
1.3105779992264e-15
0
1.79667651038582e-16
1.19191101975651e-31
0
3.843584739946e-43
8.12666305482704e-17
3.8534766256076e-26
9.4270261331438e-16
4.13279502197724e-29
9.06588582616823e-45
2.39452039453129e-30
1.23225116752267e-39
2.73804379640085e-29
0
0
4.17175906137505e-43
2.48952959787484e-15
1.19621015706618e-30
0
1.12058977927278e-27
2.49426273273263e-30
5.22021706122296e-19
7.01419790385505e-19
2.76976540236323e-18
3.07273434748796e-28
5.16342003859919e-36
3.78983569238003e-15
2.48602044210876e-25
4.70993333782508e-15
0
4.30457736894034e-15
2.855646662775e-30
0
3.82633533440492e-42
2.33732927926288e-15
9.23589801786913e-25
2.25857779868239e-14
1.25358624251577e-27
3.94836143363676e-43
3.54871290675895e-29
1.17363598176712e-38
2.69608337906657e-28
6.84965655696854e-31
0
8.98271709808918e-42
2.68718386516467e-14
1.29118274026321e-29
0
1.13335164846209e-26
1.50797265627081e-28
1.00171917505346e-17
3.50875369451179e-17
8.20011173675927e-17
1.78199697436207e-26
1.52867175080866e-34
0
9.22987419728167e-55
0
0
0
0
0
1.17696773480741e-67
0
0
0
1.22081063983021e-53
0
0
0
0
0
0
6.07565661551809e-68
0
6.90490629815874e-62
2.53360372491382e-55
7.51921100986584e-52
2.64876325999337e-70
0
0
5.93011466348334e-52
0
0
0.935461787032015
0.0180857309775902
5.29936888433424
60.8456867813422
0.277513569383231
0.279885138857962
2.21405272803323
0.0236874687984923
8.96137799214925
2.00964647385111
0.339465267751895
1.72323572555929
2.74231330841099
0.186707744612181
3.21924023972306e-42
4.43761051902081e-44
5.12406675910617e-13
9.67678623714075
4.95844948352237e-14
2.80065927000351
161.306050444692
0.781255690957402
0
3.26892465355017
3.24071651891521
0.90513070198581
0.417242019302022
0.105320569329451
125.159739232186
16.2646247230475
21.1316683050656
0.00199880369569294
0.40720384495832
7.32729920575989
69.9483538494927
0.706250310655124
1.7922478609683
0.00203050124374778
0.0159803712675224
2.98370623694707
0.247153498530966
2.86343775307108
0.0704318406292699
45.328394042308
35.1855445038771
17.6058225212882
178.269127063329
6.83335122951812e-14
9998.26999783911
1.6072594328574
2.31566356691006
0.735098800742672
48.1625788301154
0.0389269866568376
0.389292265914041
11.5072483360818
0.184938344735543
0.0635950412961456
0.16711420371739
1.18040691116318
1.83940611538009
0.00395782381536465
40.765071578563
1.44183254152895
0.0563801707789718
0.348541981206388
0.0871504296013614
0.19640343304647
20.1529019108202
1.03258435550548e-13
9.74786174370997e-11
1039.04377777821
0
220.567782147571
22.0814117623787
11.1065209238548
0.300363928356396
0.510340069731039
105.307444306156
0
0.295618828527003
18.4123203580193
1.04150918008727
0.651987609070126
1.10330353464429
0.000559038690098772
0.0028019808503631
0.0327207008903672
7.27111739993292e-15
0.00364671623606786
0
0.219697897553596
0.0285499464769807
2.33047860666254
0.233308134198406
0.706254938066609
3.30755671903945e-06
1.35239583703142e-05
0.00486026671593614
0.0198703701776037
9.75361137184442e-14
0.00338351965563216
0.000453159639748086
0.000389923504661558
0.0144267660267637
0
0.000678421536265247
0.0019354926018517
0
0.00110664364529391
0.0031251953161449
0.000531494284565431
0.000341098066716826
4.01146446890193e-05
0
0.000106373669613597
0.116397101849557
0.00135479873540708
0.00154151007370867
0.000200320670284852
235.583730956935
15.3134079599125
0.0819197966457038
0.51265055288495
0.0666194169777588
9.00718426357479
0
0
0
0
37.6957165975959
88.8034967354059
