0
0
0
6.02631873204613e-06
1.20866844625784e-05
0
0
0
0
0.000146977773655629
0.000146977773655629
0.000146977773655629
0
0
0
0
0
0
0
0
0
0
0
0
2.4972877235911e-05
0.000385081766977747
8.79985756347686e-06
4.10534932812098e-06
2.76639200415048e-05
1.39623555829495e-05
0
2.68836754382678e-06
2.68836754382678e-06
0.000192540883488874
2.33978470639049e-06
2.33978470639049e-06
2.85668966600703e-05
1.17855716158948e-06
6.06427979492516e-06
5.32116083044643e-07
2.85668966600703e-05
2.50443396837765e-06
2.8327333160052e-06
9.24788105133879e-06
9.24788105133879e-06
0.000192540883488874
2.47132439338819e-06
1.32040106630691e-06
2.09991147877493e-06
6.0604621809529e-06
2.33978470639049e-06
9.24788105133879e-06
2.75058404984105e-05
0.000128360588992582
6.41802944962912e-05
1.92540883488874e-05
1.92540883488874e-05
1.51487713209185e-05
1.03963759983193e-05
1.23305080684517e-05
1.23305080684517e-05
1.51487713209185e-05
6.54678284559244e-06
1.92540883488874e-05
6.41802944962912e-05
6.41802944962912e-05
1.92540883488874e-05
9.62704417444368e-05
6.50695787390584e-06
1.11812359749636e-05
6.21701270548511e-06
6.21701270548511e-06
4.80991465123342e-06
4.80991465123342e-06
4.80991465123342e-06
4.80991465123342e-06
4.68697379476324e-06
4.68697379476324e-06
4.68697379476324e-06
2.98930109437779e-06
8.99303519331498e-06
6.7764271523536e-06
6.7764271523536e-06
5.95364512952609e-06
8.53839838088132e-06
6.34401593044065e-06
2.48921633469779e-06
9.62223305791473e-06
9.62223305791473e-06
2.2182129434202e-06
2.2182129434202e-06
0.000256721177985165
2.13578351069189e-06
3.00188468177227e-06
3.76718613752443e-06
6.55346778382824e-06
0.000256721177985165
0.000256721177985165
8.88636560155415e-05
0.000385081766977747
1.335234975651e-05
1.44832919729858e-06
6.92842329934774e-06
4.67672779909822e-06
7.00658236859075e-06
7.24110129706182e-06
5.15504373464187e-06
5.85408584642365e-06
3.68147004758841e-06
5.35281855682162e-06
3.17986595357347e-06
3.17986595357347e-06
3.17986595357347e-06
3.17986595357347e-06
5.92707044755652e-07
3.61918953926454e-06
1.5991767731634e-06
4.14512128070772e-06
8.4005621068444e-06
2.54683708318616e-05
6.41161783179733e-06
6.41161783179733e-06
3.02737238190053e-05
4.99976326899179e-06
1.30271233754312e-05
0.000260190383093073
6.54678284559244e-06
6.54678284559244e-06
1.92540883488874e-05
1.92540883488874e-05
1.66529046435629e-06
5.81694512050978e-05
5.81694512050978e-05
1.92540883488874e-05
1.92540883488874e-05
6.54678284559244e-06
5.54393560290451e-06
7.70163533955495e-05
5.60363456021169e-06
2.87374452968468e-05
1.92540883488874e-05
