0
0
0
0.00318390506343104
0.0152896558451617
0
0
0
0
0.102430555555555
0.102430555555555
0.102430555555555
0
0
0
0
0
0
0
0
0
0
0
0
0.00874300432029244
0.739421172891771
0.263429136075276
0.179208761545801
0.00822875876143671
0.296189432847786
0
0.00470464320169686
0.00488972696721416
0.0320195489241997
0.0222864493283694
0.00363602543373083
0.00211388888888889
0.0181575768973932
0.0162459419062656
0.00297240043988738
0.0992756792730762
0.241813117382736
0.0301421709711727
0.0202861111111111
0.0724109086319828
0.343951366819124
0.22990483699251
0.0493772590056771
0.0761607561296975
0.00516957424035283
0.0168522993477775
0.0097522462563695
0.0915669430192087
0.0202861111111111
0.154524755715571
0.05
0.05
0.364498373945449
0.0365354643520936
0.00420542857534606
0.0123833333333333
0.0233055555555556
0.0100289438991314
0.05
0.0233055555555556
0.0233055555555556
0.05
0.00275277777777778
0.03634569769768
0.434212117851738
0.0212062303384097
0.0223190756126915
0.0102691677803833
0.00777763199104443
0.00178888888888889
0.00178888888888889
0.0670729384899593
0.00374489206201582
3.38503662955123e-05
0.0187817787759757
0.00980060975367466
0.20735
0.20735
0.0251486222874846
0.14481870763833
0.705850015124664
0.00154455873567998
0.0462653002479637
0.0271828083886091
0.163315927959313
0.279154704886288
0.00164305555555556
0.28819194801521
0.0151361111111111
0.040359748684368
0.250414557487861
0.00164305555555556
0.3
0.0393665996148849
9.22309340088403
0.268109923094149
0.000461765130599588
0.517982782705836
0.127013691386442
0.0863514566379685
0.0114880072077886
0.0970488533483677
0.260520479699494
0.000736294009517681
0.010743106843541
0.00541531171893562
0.00483333333333333
0.00483333333333333
0.0623243127347222
0.052631328313087
0.450265783372928
0.0610205877219825
0.0125307016315794
0.0902355863212296
0.260057534564139
0.105417683184468
0.0391076629650478
0.0430014346540692
0.00296152644299947
0.00868055555555556
0.00319722222222222
0.00128888888888889
0.00128888888888889
0.05
0.05
0.0470838967080103
0.00407186158435685
0.0799248259558044
0.05
0.05
0.0101824295858448
0.0531796478773012
0.0333555555555556
0.14205437755519
0.00980904799465705
0.05
