100.955266666667
68.54
0.7435
0.684830453539001
33.3693539843299
8.01701414419327
0.0702434078899238
0.0181349430756436
1.83792815371763
4.00053762165667
5603.13345781027
370.944666666667
0.000892656666666667
54.09381
3.803
30.3433333333333
52.4366666666667
21.5719
8.1381
9.17683676
36.2633333333333
2.70396166666667
23.96647
14.4196666666667
0
9.10873398006057
0
7.4559122873916
0.946656862977632
31.596973506321
0.53823850277612
90.4542334492746
42.3974763406941
31.8717297976803
763.37531525976
47.1112586935267
13.2068417616902
117.680953171573
3867.20057584642
114.698593662565
0.539519144865319
4.55555292015528
6.00292286163115
1.05278970296404
0.54977832935525
0.761419848253655
0
0
0
0
0
0
0
30.4372919680905
1.11137465113889
0.107859182191887
0
0
6.78239587753117
0.574189957214413
0.809391668673729
1.47561332352965
0.53972997688754
1.82664864052877
0.0633000513817462
5.29936829455341
233.342346402284
3.23616612509191
3.63110740334425
26.3560408205934
5.16970660088707
19.3535703217078
197.462981097027
1.17739142809706
12.1645860181474
0.893400694164433
338.696372898599
0.00607211012560772
83.2577051978686
0.0101201835426795
0.369562070197595
0.840587272597899
30.297826585391
387.35829153229
0
73.0532956998174
15.5901847152055
2.00691001952832
41.6757983286291
70.3688769768796
0.632496066665085
1.26941960579683
20.9559588395477
2527.40351176347
508.337246902746
3.8240712190571
122.292502396727
3.2292086683586
27.9271786195247
13.4761609319663
0.936621258719881
697.436768078254
