0
0
0
5.51378446115288
12.00161286497
0
0
0
0
42.9774168139394
1.98357308372028
2.64476411162704
0
0
0
0
0
0
0
0
0
0
0
0
2.32508716586419
27.3262019401817
994.043288605801
165.660207300586
10.1594968206292
60.3783455935919
0
0.553434058331949
6.90247822905965
0.946656862977632
30.1226251749247
1.47434833139632
0.53823850277612
82.8293008668241
7.62493258245051
42.3974763406941
31.8717297976803
763.37531525976
47.1112586935267
0.693720291950077
7.42866630298144
5.08445516675871
117.680953171573
55245.7225120917
1638.55133803665
0.539519144865319
4.55555292015528
6.00292286163115
1.05278970296404
0.54977832935525
0.761419848253655
0
0
30.4372919680905
1.11137465113889
0.107859182191887
0
0
6.78239587753117
0
0.229675982885765
0.344513974328648
0
0.0633000513817462
5.29936829455341
233.342346402284
3.23616612509191
0
1.35037910232995
2.04549227959488
0
0.235236021419414
18.1026699240214
2.27413960769431
0.0182721085925469
5.96095918028511
5.16970660088707
9.6767851608539
9.6767851608539
78.815402634572
48.2745902611417
70.3729882013129
1.17739142809706
12.1645860181474
0.893400694164433
139.702568724651
198.993804173947
0.00607211012560772
42.6729283777266
4.7837600827148
23.7168631357574
12.0841536016698
0.0303605506280386
1.10868621059279
2.5217618177937
90.8934797561729
387.35829153229
0
47.2866709360151
25.7666247638022
15.5901847152055
2.00691001952832
41.6757983286291
70.3688769768796
0.632496066665085
1.26941960579683
8.07855601147981
0.48069075345442
0
12.3967120746135
2527.40351176347
472.135543907087
36.2017029956595
3.8240712190571
122.292502396727
3.2292086683586
25.9982237402128
1.92895487931184
13.4761609319663
0.936621258719881
0.210730223669771
0.0544048292269307
0.622608975902869
0.186782692770861
0
0
697.436768078254
0.0885494493331121
1.73809919119566
0
0
1.47561332352965
100.10806195299
2.054491360617
24.0510424325798
0.53972997688754
0
