1.75e-12
1.75e-12
1.75e-12
1.75e-12
1.75e-12
1.75e-12
1.75e-12
1.75e-12
1.75e-12
1.75e-12
1.75e-12
1.75e-12
1.75e-12
1.75e-12
1.75e-12
1.75e-12
1.75e-12
1.75e-12
1.75e-12
1.75e-12
1.75e-12
1.75e-12
1.75e-12
1.75e-12
1.75e-12
1.75e-12
1.75e-12
1.75e-12
1.75e-12
1.75e-12
5.25e-12
5.25e-12
5.25e-12
5.25e-12
5.25e-12
5.25e-12
5.25e-12
5.25e-12
5.25e-12
5.25e-12
5.25e-12
5.25e-12
5.25e-12
5.25e-12
5.25e-12
5.25e-12
5.25e-12
3.675e-13
3.675e-13
5.25e-12
5.25e-12
5.25e-12
5.25e-12
5.25e-12
5.25e-12
5.25e-12
5.25e-12
5.25e-12
5.25e-12
5.25e-12
5.25e-12
5.25e-12
5.25e-12
5.25e-12
5.25e-12
5.25e-12
5.25e-12
5.25e-12
5.25e-12
5.25e-12
5.25e-12
5.25e-12
5.25e-12
5.25e-12
5.25e-12
5.25e-12
5.25e-12
5.25e-12
5.25e-12
5.25e-12
5.25e-12
5.25e-12
5.25e-12
5.25e-12
5.25e-12
5.25e-12
5.25e-12
5.25e-12
5.25e-12
5.25e-12
5.25e-12
5.25e-12
5.25e-12
5.25e-12
5.25e-12
5.25e-12
1.75e-12
1.75e-12
1.75e-12
1.75e-12
5.25e-12
5.25e-12
5.25e-12
5.25e-12
5.25e-12
5.25e-12
5.25e-12
5.25e-12
5.25e-12
5.25e-12
5.25e-12
5.25e-12
5.25e-12
5.25e-12
5.25e-12
5.25e-12
5.25e-12
5.25e-12
5.25e-12
5.25e-12
5.25e-12
5.25e-12
5.25e-12
5.25e-12
5.25e-12
5.25e-12
5.25e-12
5.25e-12
5.25e-12
5.25e-12
5.25e-12
5.25e-12
5.25e-12
5.25e-12
5.25e-12
5.25e-12
1.75e-12
1.75e-12
1.75e-12
5.25e-12
5.25e-12
