1897.48819999526
296.62
6.2458
205.62
2.2305
0
0
6.2458
6.2458
6.2458
6.2457
6.2457
6.2457
6.2457
6.2457
6.2457
6.2457
6.2458
6.2458
6.2457
6.2457
6.2457
6.2457
6.2457
6.2457
6.2457
6.2457
0.821796544246801
45.5036645240862
120.255212162899
0
0
0
0
0
0.0272024146134653
0
1.50375939849624
2.400322572994
8000
0.00023875
3.2308e-06
1101.2
0.00013746
0.00036083
0.0018044
0.00037528
0.25164
0.87989
2.7119
11.409
1.128
141.29
48.97
16.02
55.284
3.9644
13.862
5.2721
1.3158
20.798
0.60486
108.79
11.634
4.2027
42.06
3.4408
3.8992
0.68625
71.167
0.73241
9.4317
26.518
16.741
0.085635
2.0389e-118
8809.4
0.00013145
21.8609615521454
0
0
0
0
0
8.03111880647991
0
0
0.525920479432018
0
26.5553473589336
0
0
0.842460265214797
0
82.8259924258599
0
0
47.6971608832808
0
0
0
5.49512582718626
0
641.235264818198
0
0
50.4763486002072
0
0
19.2923950254184
0
88.2607148786794
0
0
0
0
0
0
0
0
0
2260
0
0
15543.1390553897
0
0
1474.69620423298
0
0
0
0.539519144865319
0
0
4.55555292015528
0
0
0
0
0
0
4.33544428895583
1.05278970296404
0.199919392492818
0
0
0
2.28425954476096
0
0
0
0
0
0
0
0
0
0
0
0
0
0
60.8745839361809
0
4.44549860455555
0
1.83360609726208
0
0
0
8.7202232711115
0.229675982885765
0.186782692770861
1.47561332352965
0.647675972265048
0
0
0
0
0
0
0
0
0
0
0
0
0
0
0
0
0
0
0
0
0
0
0
0
0
0
0
0
0
0
0
0
0
0
0
0
0
0
0
0
0
0
0
0
0
0
0
0
0
0
0
0
0
0
0
0
0
0
0
0
0
0
0
0
0
0
0
0
0
0
0
0
0
0
0
0
0
0
0
0
0
0
0
0
0
0
0
0
0
0
0
0
0
0
0
0
0
0
0
0
0
0
0
0
0
0
0
0
0
0
0
0
0
0
0
0
0
0
0
0
0
0
0
0
0
0
0
0
0
0
0
0
0
0
0
0
0
0
0
0
0
0
0
0
0
0
0
0
0
0
0
0
0
0
0
0
0
0
0
0
0
0
0
0
0
0
0
0
0
0
0
0
0
0
0
0
0
0
0
0
0
0
0
0
0
0
0
0
0
0
0
0
0
0
0
0
0
0
0
0
0
0
0
0
0
0
0
0
0
0
0
0
0
0
0
0
0
0
0
0
0
0
0
0
0
0
0
0
0
0
0
0
0
0
0
0
0
0
0
0
0
0
0
0
0
0
0
0
0
0
0
0
0
0
0
0
0
0
0
0
0
0
0
0
0
0
0
0
0
0
0
0
0
0
0
0
0
0
0
0
0
0
0
0
0
0
0
0
0
0
0
0
0
0
0
0
0
0
0
0
0
0
0
0
0
0
0
0
0
0
0
0
0
0
0
0
0
0
0
0
0
0
0
0
0
0
0
0
0
0
0
0
0
0
0
0
0
0
0
0
0
0
0
0
0
0
0
0
0
0
0
0
0
0
0
0
0
0
0
0
0
0
0
0
0
0
0
0
0
0
0
0
0
0
0
0
0
0
0
0
0
0
0
0
0
0
0
0
0
0
0
0
0
0
0
0
0
0
0
0
0
0
0
0
0
0
0
0
0
0
0
0
0
0
0
0
0
0
0
0
0
0
0
0
0
0
0
0
0
0
0
0
0
0
0
0
0
0
0
0
0
0
0
0
0
0
0
0
0
0
0
0
0
0
0
0
0
0
0
0
0
0
0
0
0
0
0
0.935461682597662
0.0180857289662132
5.29936829455341
61.4058806321801
0
0
2.21405248136113
2.37312524212739
11.3115596562384
0
0
1.72323553362902
0
0
0
0
0
9.6767851608539
0
0
167.172189147949
0.784927618731372
0
0
9.12343951361053
0
0.893400694164433
0
165.963805412586
0
0
0.00202403670853591
0
0
71.4987485883057
0
0
0.0182163303768232
0
3.32605863177835
0
2.94205545409265
0
45.4467398780864
0
209.554485583042
0
0
10000
0
2.31904682842754
0
49.4099602318098
0
0
11.6926385364041
0
0
2.00691001952832
5.95368547551844
0
0
42.2213261861278
0
0.252998426666034
0.634709802898414
0
0
20.1528996669053
0
0
1039.0436659472
0
260.202240617316
0
0
3.8240712190571
0
105.307432619403
0
3.2292086683586
19.4568440027514
0
17.0698038471573
0
0.561972755231928
0
0
0
0
0
0
0
0
0
0
0
0
0
0
0
0
0
0
0
0
0
0
0
0
0
0
0
0
0
0
0
0
0
0
339.776887012483
0
0
0
0
0
0
0
0
0
126.499213333017
0
