1897.48819999526
296.62
6.2458
205.62
2.2305
0
0
6.2458
6.2458
6.2458
6.2457
6.2457
6.2457
6.2457
6.2457
6.2457
6.2457
6.2458
6.2458
6.2457
6.2457
6.2457
6.2457
6.2457
6.2457
6.2457
6.2457
2.054491360617
100.10806195299
24.0510424325798
0
0
0
0
0.210730223669771
0.0544048292269307
0
5.51378446115288
12.00161286497
8000
0.00023875
3.2308e-06
1101.2
0.00013746
0.00036083
0.0018044
0.00037528
0.25164
0.87989
2.7119
11.409
1.128
141.29
48.97
16.02
55.284
3.9644
13.862
5.2721
1.3158
20.798
0.60486
108.79
11.634
4.2027
42.06
3.4408
3.8992
0.68625
71.167
0.73241
9.4317
26.518
16.741
0.085635
2.0389e-118
8809.4
0.00013145
27.3262019401817
0
0
0
0
0
7.4559122873916
0
0
0.946656862977632
0
31.596973506321
0
0
0.53823850277612
0
90.4542334492746
0
0
42.3974763406941
0
0
0
31.8717297976803
0
763.37531525976
0
0
47.1112586935267
0
0
13.2068417616902
0
117.680953171573
0
0
0
0
0
0
0
0
0
2260
0
0
55245.7225120917
0
0
1638.55133803665
0
0
0
0.539519144865319
0
0
4.55555292015528
0
0
0
0
0
0
6.00292286163115
1.05278970296404
0.54977832935525
0
0
0
0.761419848253655
0
0
0
0
0
0
0
0
0
0
0
0
0
0
30.4372919680905
0
1.11137465113889
0
0.107859182191887
0
0
0
6.78239587753117
0.574189957214413
0.809391668673729
1.47561332352965
0.53972997688754
0
0
0
0
0
0
0
0
0
0
0
0
0
0
0
0
0
0
0
0
0
0
0
0
0
0
0
0
0
0
0
0
0
0
0
0
0
0
0
0
0
0
0
0
0
0
0
0
0
0
0
0
0
0
0
0
0
0
0
0
0
0
0
0
0
0
0
0
0
0
0
0
0
0
0
0
0
0
0
0
0
0
0
0
0
0
0
0
0
0
0
0
0
0
0
0
0
0
0
0
0
0
0
0
0
0
0
0
0
0
0
0
0
0
0
0
0
0
0
0
0
0
0
0
0
0
0
0
0
0
0
0
0
0
0
0
0
0
0
0
0
0
0
0
0
0
0
0
0
0
0
0
0
0
0
0
0
0
0
0
0
0
0
0
0
0
0
0
0
0
0
0
0
0
0
0
0
0
0
0
0
0
0
0
0
0
0
0
0
0
0
0
0
0
0
0
0
0
0
0
0
0
0
0
0
0
0
0
0
0
0
0
0
0
0
0
0
0
0
0
0
0
0
0
0
0
0
0
0
0
0
0
0
0
0
0
0
0
0
0
0
0
0
0
0
0
0
0
0
0
0
0
0
0
0
0
0
0
0
0
0
0
0
0
0
0
0
0
0
0
0
0
0
0
0
0
0
0
0
0
0
0
0
0
0
0
0
0
0
0
0
0
0
0
0
0
0
0
0
0
0
0
0
0
0
0
0
0
0
0
0
0
0
0
0
0
0
0
0
0
0
0
0
0
0
0
0
0
0
0
0
0
0
0
0
0
0
0
0
0
0
0
0
0
0
0
0
0
0
0
0
0
0
0
0
0
0
0
0
0
0
0
0
0
0
0
0
0
0
0
0
0
0
0
0
0
0
0
0
0
0
0
0
0
0
0
0
0
0
0
0
0
0
0
0
0
0
0
0
0
0
0
0
0
0
0
0
0
0
0
0
0
0
0
0
0
0
0
0
0
0
0
0
0
0
0
0
0
0
0
0
0
0
0
0
0
0
0
0
0
0
0
0
0
0
0
0
0
0
0
0
0
0
0
0
0
0
0
0
0
0
0
0
0
0
0
0
1.82664864052877
0.0633000513817462
5.29936829455341
233.342346402284
0
0
3.23616612509191
3.63110740334425
26.3560408205934
0
0
5.16970660088707
0
0
0
0
0
19.3535703217078
0
0
197.462981097027
1.17739142809706
0
0
12.1645860181474
0
0.893400694164433
0
338.696372898599
0
0
0.00607211012560772
0
0
83.2577051978686
0
0
0.0303605506280386
0
1.10868621059279
0
2.5217618177937
0
90.8934797561729
0
387.35829153229
0
0
10000
0
0
0
73.0532956998174
0
0
15.5901847152055
0
0
2.00691001952832
41.6757983286291
0
0
70.3688769768796
0
0.632496066665085
1.26941960579683
0
0
20.9559588395477
0
0
2527.40351176347
0
508.337246902746
0
0
3.8240712190571
0
122.292502396727
0
3.2292086683586
27.9271786195247
0
13.4761609319663
0
0.936621258719881
0
0
0
0
0
0
0
0
0
0
0
0
0
0
0
0
0
0
0
0
0
0
0
0
0
0
0
0
0
0
0
0
0
0
697.436768078254
0
0
0
0
0
0
0
0
0
126.499213333017
0
