1897.48819999526
296.621582190855
6.24604590305627
205.621441312751
2.23073067966296
0
2.10337776864317e-34
6.24604590305627
6.24604590305627
6.24604590305627
6.24604590305627
6.24604590305627
6.24604590305627
6.24604590305627
6.24604590305627
6.24604590305627
6.24604590305627
6.24604590305627
6.24604590305627
6.24604590305627
6.24604590305627
6.24604590305627
6.24604590305627
6.24604590305627
6.24604590305627
6.24604590305627
6.24604590305627
0.821796544246801
45.5036645240862
120.255212162899
0
0
0
0
0
0.027414933477633
0
1.50375939849624
2.400322572994
7999.91380461945
0.0142297718480886
0.000194682195818798
1116.7221020329
0.00814522211699135
0.0213577039922573
0.107708684038951
0.0220226490522261
0.255278103420426
0.889294731352874
2.74558649626764
11.4089880151272
1.12275232709366
141.285314354103
49.172027473247
16.024009487842
55.2985038082492
4.02927919638883
14.0365222131248
5.23645609686122
1.28480598472719
20.4464934599573
0.598761601183633
108.802476797888
11.6059594245172
4.20457696493337
41.6559450476178
3.44353543384364
3.90095084511125
0.684244880876067
71.1678157587963
0.730115875368761
9.40299238350073
26.5190630058107
16.7404684970948
0.083942450931005
0.149754919106252
8933.68055921493
0.00794535036443705
21.3601639271725
0.0138040508852335
0.23458471038023
0.268443745440531
0.0175386993861986
2.02824000542926e-22
8.03111880647991
2.03895083611252e-21
6.85981035673878e-25
0.525920479432018
9.51197244300734e-25
26.5553473589336
5.75437392414915e-26
3.42311803409096e-19
0.842460265214797
8.93070158525712e-19
82.8259924258599
4.4954069902097e-18
1.29802465968525e-19
47.6971608832808
1.95576208261473e-23
2.78468104137193e-19
7.00774661455269e-23
5.49512582718626
4.46532322120341e-20
641.235264818198
2.6058745076743e-21
2.57550985569294e-14
50.4763486002072
4.98841246510922e-20
0
12.5179679503808
0
88.2607148786794
0
0
0
1.78610275694972
0
1.9816010778499e-28
1.01085313225464e-27
3.17666170914868e-40
1.60118113941497e-39
2260
2.26786619869705e-39
2.25583152265533e-37
15543.1390553897
2.0158334967101e-35
2.01507885417548e-34
1474.69620423298
1.91257505666672e-36
1.51853842412176e-35
1.41029042711237e-35
0.539519144865319
1.20176802035334e-38
3.22040559408665e-35
4.55555292015528
1.14072423871773e-35
1.34863587985064e-35
7.87449883100754e-37
3.84826422007873e-34
9.30262695562936e-35
4.84023895257487e-14
0.0942603437211296
0.0289371459698446
0.00554102162210713
3.32549737367567
1.02090019114126
0.19437837087071
0.0597673400565838
0
2.1085869682288
0.000603425537888966
0.106956152804489
3.33586464113403e-05
0.901693851700037
0.000951722780266537
1.70688635145484e-15
1.19284599368415e-14
7.053493143004e-17
2.3172377763685e-21
1.87390842000635e-18
3.8929803532812e-17
3.62413322538021e-15
50.0344498158102
5.05105920599147
3.79791733023397
0.383425816195144
1.73987019751409
1.02789965521849e-11
1.03785797853293e-12
1.65496689450616e-09
8.57322389749146
0.229675982885765
0.186712969761167
0.0218147923265703
0.0297962126715355
2.50340824481189
0.190023825436716
0.0870521293507435
5.14296522471904e-13
0.0144240260896934
0.00660780169794433
3.90384018415024e-14
1.78839123264162e-14
1.04935622807332e-25
0.07349968681003
3.48615048463326e-05
0.726899265601538
0.308939879796756
3.18961578828791e-16
1.99730842719082e-16
1.16335430731291e-27
2.18462363962072e-15
5.31534166808768e-22
1.3673527681029e-18
3.4774575240984e-15
4.50811165227043e-25
8.71173448168771e-15
1.57995561402486e-15
4.87503858645408e-27
6.87695086804535e-16
8.00953909244905e-15
3.47077781860734e-16
3.26086500416204e-25
3.29272038128525e-26
4.00284683516712e-27
1.90387652884875e-36
4.65545865237092e-26
1.94860224511422e-27
0
1.60566783027773e-14
1.26969891847941e-25
2.23943996173149e-18
1.59522068843789e-17
2.77940290152339e-17
5.11906572288449e-26
1.04898917395917e-30
6.15815217653797e-42
1.51238641621081e-31
1.60094745458623e-41
0
6.59122421174299e-27
7.34735195030979e-29
7.42056985892045e-27
0
5.18142338314604e-35
0.505182437940853
0.0383465678585326
1.03785038533182e-13
3.46145858574248e-15
4.48765908362738e-25
8.603664803143e-15
5.05557669716581e-26
1.57263977971735e-15
1.0441319297585e-30
4.90699488081013e-27
6.14550352631739e-42
6.87233143404616e-16
3.2587016113554e-25
7.97245151150284e-15
3.32174327923674e-26
1.60605112468761e-41
4.00014967214983e-27
1.90265794171113e-36
4.63395284731028e-26
1.94836238004055e-27
0
0
1.60465752550943e-14
6.63536936300494e-27
8.83703169729353e-29
1.26891105885838e-25
7.43970664314739e-27
2.23797872474132e-18
1.59429956422061e-17
2.77693159283814e-17
0
5.17681631571964e-35
1.16213167199561e-17
2.00793856869772e-17
0
3.74324278381142e-35
5.73696393085637e-17
7.51345493897784e-27
1.43722548202793e-16
8.45590941629418e-28
2.60654467846286e-17
1.73057863944169e-32
2.72417481022364e-28
1.85350889871997e-43
1.13452561971124e-17
5.37961512484917e-27
1.32137447156717e-16
5.52563573803739e-28
2.63324417567795e-43
6.56313564169017e-29
3.12162828572981e-38
7.63316905896571e-28
3.19496132953077e-29
0
0
2.64895705951859e-16
4.51754924937955e-28
2.44857888808455e-30
2.08181990699725e-27
2.51275509278565e-28
3.69451981174507e-20
2.63171624437901e-19
4.5853218036809e-19
0
8.54805671204929e-37
1.24098256809616e-14
1.49734443033428e-24
4.28949414011779e-14
2.5938951049636e-24
5.63825567185269e-15
3.74344082103761e-30
0
5.26319806590149e-41
2.65519922568806e-16
1.25902581094493e-25
2.85827581311006e-14
1.314629817281e-26
6.18125898465918e-42
1.53225303288945e-27
7.28814460021177e-37
1.64377447134694e-25
7.46206357048364e-28
0
0
6.19999603687152e-15
1.38491565753334e-26
9.4269999986638e-26
4.85947076795474e-26
7.65456686453245e-27
8.6466176612806e-19
2.50669613770016e-17
6.23626828619109e-17
1.80434217004006e-25
1.16257877691496e-34
1.24230428280596e-14
1.49901186092874e-24
4.2966756757298e-14
2.59823408142082e-24
5.64426072431942e-15
3.74742779097285e-30
0
5.26685223253615e-41
2.65914778789024e-16
1.26089811554641e-25
2.86132004779599e-14
1.31657025325888e-26
6.1904696449753e-42
1.53454203738612e-27
7.29903222477781e-37
1.64553632721957e-25
7.47321100938606e-28
0
0
6.20921607415566e-15
1.38608762088607e-26
9.42904988782647e-26
4.86673024155373e-26
7.66219120530156e-27
8.65947609253258e-19
2.50691641629947e-17
6.23701078255797e-17
1.8043350694095e-25
1.16271719470515e-34
1.85988861443936e-17
4.62724666130073e-17
1.35092356288873e-25
8.6262144607372e-35
3.32498426351322e-18
4.86278093392957e-28
9.18272177101483e-18
5.40102812619196e-29
1.34278718859185e-18
8.91524545677007e-34
8.38467665676536e-30
7.8736982212348e-45
5.1344558310408e-19
2.78244679303468e-28
6.80722165512492e-18
3.75372694971481e-29
1.53869122303131e-44
4.29192654359822e-30
2.24624939298416e-39
5.47276800013206e-29
1.95230329858471e-30
0
0
3.42536051567842e-18
1.43078350198123e-30
6.1193021361677e-33
1.48530408980264e-29
2.20006745112607e-29
1.91091061770981e-21
6.20092523330266e-21
1.4999312194515e-20
2.618112109707e-29
2.79620443513919e-38
1.19327381171965e-17
1.67282320612357e-27
4.58438769590096e-17
2.77755736567386e-27
4.81910813730478e-18
3.19957926607039e-33
3.40773930218859e-29
6.38772945075379e-44
1.98671055197947e-19
1.07662402322623e-28
2.44301493300125e-17
1.27187891629411e-29
5.93364708656392e-45
1.64722156303903e-30
8.62283782446327e-40
1.94387468001446e-28
7.69961453595441e-31
0
0
1.32544209271184e-18
2.95335034732e-30
0
5.71551775930372e-30
1.25388242578288e-29
7.39394287123663e-22
9.92564444341644e-21
3.45712253252455e-20
1.01370747920408e-28
6.44484353758724e-38
6.00906327343457e-17
7.7918175676158e-27
1.4935890430304e-16
8.77668973129374e-28
2.04756716916723e-17
1.3594532526549e-32
7.49379056491038e-29
8.24299731235371e-44
8.94823048340936e-18
4.24304522782049e-27
1.03800810797867e-16
4.77449854628938e-28
1.39334553368952e-43
5.20712426899043e-29
2.47654106126431e-38
6.03361787553164e-28
1.63303668009691e-29
0
0
2.78614592778977e-16
1.23232778839053e-28
1.54563639608936e-30
2.75568208437696e-27
6.58319119070168e-29
5.8286597081844e-20
7.5590091340975e-20
3.04745106427844e-19
0
5.6811246037404e-37
3.96568162834632e-16
2.60297876426575e-26
4.92847082839711e-16
2.89720819122846e-27
4.50430687884115e-16
2.99057086015583e-31
1.07680165452309e-27
8.31500574796135e-43
2.36305544828498e-16
9.33755483990043e-26
2.28344362241105e-15
1.17623443663145e-26
5.5095879380696e-42
6.874706548053e-28
2.18288433271826e-37
5.30828885095913e-27
6.563465748889e-28
0
0
2.76129510929513e-15
1.38941179494664e-27
1.54103056881042e-29
2.25238931073558e-26
4.98792688299686e-27
1.02696382074332e-18
3.47177938883533e-18
8.28369745414843e-18
1.04276775710467e-27
1.54426491046805e-35
3.40778186499359e-16
2.20948562899601e-26
4.23512403142304e-16
2.48864137262693e-27
3.87063227038113e-16
2.56985153219788e-31
5.01658489155675e-28
6.13057816518122e-43
2.0298102923536e-16
8.02074489317248e-26
1.96220560972759e-15
1.23242513692889e-26
5.63782282113651e-42
5.90700812482247e-28
1.8731367753297e-37
4.56165253265007e-27
6.20879942024099e-28
0
0
2.36986950183393e-15
1.02924618917643e-27
2.28183847280274e-28
1.86223014421432e-26
2.27486114274448e-27
8.81387223184764e-19
3.00144570724487e-18
7.16150467702262e-18
0
1.33506328936885e-35
1.90536314572026e-18
2.7026222893171e-28
7.31561377961432e-18
4.43195086038264e-28
7.69492378863014e-19
5.10893673829436e-34
0
1.02520006084371e-44
3.17268078735628e-20
1.71931656088081e-29
3.90089060993337e-18
2.02600437348703e-30
9.47062258218872e-46
2.6305818980649e-31
1.3772037691696e-40
3.10367119617687e-29
1.22882714591039e-31
0
0
2.11666699727878e-19
4.71924558515576e-31
0
9.25461736228207e-31
2.01568031128961e-30
1.18077697677288e-22
1.58507785507159e-21
5.52085769316638e-21
1.62518597339217e-29
1.02921038206978e-38
2.68169804895824e-17
3.92285745854647e-27
7.40613642199317e-17
4.35614513055874e-28
1.08299754178089e-17
7.19040887118006e-33
6.78152121383164e-29
6.35788638028501e-44
4.14109092395734e-18
2.24412587043116e-27
5.49022540436168e-17
3.02718289379034e-28
1.24095463500094e-43
3.46178965505767e-29
1.81178226944833e-38
4.41425139482211e-28
1.57447284730344e-29
0
0
2.76265500846903e-17
1.15416863776735e-29
4.88109548815311e-32
1.19949856304819e-28
1.79127088349935e-28
1.54120620175775e-20
5.00121993871067e-20
1.2097362461516e-19
2.14355286754721e-28
2.25521664801541e-37
5.46176453839594e-16
7.08219133197314e-26
1.35755463020008e-15
7.97732916052985e-27
1.86107705073209e-16
1.2356357771224e-31
6.85923787665304e-28
7.50269365535217e-43
8.13325650153926e-17
3.85660329709757e-26
9.43467491025985e-16
4.42717216193883e-27
1.26640861216501e-42
4.73281770490217e-28
2.25094717682957e-37
5.48409759468713e-27
1.48160602167897e-28
0
0
2.53240668234199e-15
1.12344931550693e-27
1.39622302287378e-29
2.50521189987669e-26
5.98884673172527e-28
5.2978333349405e-19
6.8702743483829e-19
2.76978430701641e-18
0
5.16349219125955e-36
3.92567932160293e-15
2.57687589000685e-25
4.87875675129851e-15
2.86798776541217e-26
4.4588713945426e-15
2.96040461312403e-30
1.06895083885294e-26
8.23849542477975e-42
2.33922554031639e-15
9.24339155116162e-25
2.26041024168549e-14
1.16433835001766e-25
5.45395458113889e-41
6.80530979256381e-27
2.16086680090163e-36
5.25469545389134e-26
6.495645592757e-27
0
0
2.73346486677255e-14
1.37629612275843e-26
1.52672396935924e-28
2.2298976471556e-25
4.94093872276326e-26
1.01661336721996e-17
3.43677107656028e-17
8.20016729975928e-17
1.03177065351604e-26
1.52869303726745e-34
1.69415391281867e-39
1.52615008657458e-49
2.10562834527362e-39
0
1.92431896311138e-39
1.27629490974621e-54
0
1.57966454111647e-65
9.89894145256753e-40
3.91180480219512e-49
9.56992690558486e-39
5.99241582288928e-50
3.81378835273142e-65
4.49528747929349e-50
7.51692869401057e-55
3.47730839224678e-49
3.75438931739752e-50
6.2370278140311e-54
1.18922977749094e-63
1.16920953694266e-38
3.03874736949658e-49
9.47488192522288e-52
0
0
4.26390305316926e-42
1.54125725990922e-29
3.49610296697067e-41
0
4.80760540760918e-58
0.935461682597662
0.0180857289662126
5.29936829455341
60.8456800055394
0.277513621396767
0.279885025528135
2.21405248136112
0.0236874676891411
8.96137699672306
2.00964615131606
0.339465326578498
1.72323553362901
2.74231290853728
0.186707806932513
4.93074978002643e-21
7.78613306384309e-23
5.23147084164297e-13
9.67678516085359
5.06238154715172e-14
2.80065912805779
161.306031767786
0.781255600936177
0
3.26892314853464
3.24071694650893
0.90513077568164
0.417241987426387
0.105320564530301
125.159721570538
16.2646227230621
21.131666090517
0.00199880352877166
0.407203603759677
7.32729485188397
69.9561958996053
0.706329071660236
1.79244775016216
0.0020304742093347
0.0159805013003681
2.98370417402541
0.247158627038344
2.86343717721404
0.0704332881160476
45.3283889929873
35.1855595338041
17.6058300418266
178.269126560106
6.9765831162781e-14
9998.2699977218
1.60725955406743
2.31566330889297
0.735098775168484
48.1625733924808
0.0389269832157498
0.389292231501183
11.5072470389612
0.184938337835872
0.0635950430578325
0.167114194235642
1.18040684109081
1.83940590182251
0.003957823470208
40.7650671649708
1.44183225796738
0.0563801675092767
0.348541958932085
0.0871504065791663
0.196403409104737
20.1528996669042
1.05422794070677e-13
9.9521818099989e-11
1039.04366539254
0
220.567696695554
22.0814010140521
11.1065143450954
0.300363911041367
0.510339995198155
105.307432619403
0
0.295618804947142
18.4123179730302
1.04150939281884
0.651987740899002
1.10330412604286
0.000559038826362349
0.00280197971582361
0.0327206858261151
7.42352348890294e-15
0.00364671563104375
0
0.21969785654041
0.0285499416653894
2.33047745956341
0.233307996183417
0.70633369942014
3.30788156859333e-06
1.3523770274286e-05
0.0048608054207342
0.019870344632348
9.95805181835867e-14
0.00338351953379693
0.000453159607076143
0.000389923470192423
0.0144267631894881
0
0.000678421432937853
0.00193549133170212
0
0.00110664423843382
0.00312519595447602
0.000531494206943168
0.000341098125826393
4.01146218128465e-05
0
0.000106374471974961
0.116397087064913
0.00135479839123888
0.00154150946458215
0.000200320594763613
235.583642957804
15.3134053360163
0.0819198099863616
0.512650564028631
0.0666194196348692
9.00718374433908
0
0
0
0
37.6957264824295
88.8034868505876
