1897.48819999526
296.621582190855
6.24604590305628
205.621441312751
2.23073067966296
0
0
6.24604590305627
6.24604590305627
6.24604590305628
6.24604590305628
6.24604590305628
6.24604590305628
6.24604590305627
6.24604590305628
6.24604590305627
6.24604590305628
6.24604590305628
6.24604590305627
6.24604590305627
6.24604590305627
6.24604590305627
6.24604590305627
6.24604590305627
6.24604590305627
6.24604590305627
6.24604590305627
2.054491360617
100.10806195299
24.0510424325798
0
0
0
0
0.212376553542084
0.0548298669552661
0
5.51378446115288
12.00161286497
7999.91383559259
0.0142296220352837
0.000194679771124252
1117.49480246024
0.00814531872520196
0.0213574656246712
0.1077074715726
0.0220224976184538
0.255459669023664
0.889293684313667
2.74558116641422
11.4089680422006
1.12275506614894
141.285299888197
49.176924440826
16.0240167215091
55.2985368326337
4.03230362396189
14.037057849343
5.23470436112116
1.28438180956559
20.4465830350045
0.598471782739923
108.803056434216
11.6045547555084
4.20458873713547
41.6461511253556
3.44358931170195
3.90066348934146
0.684200757154199
71.1678337825595
0.730065408835266
9.40292633473354
26.5190889809019
16.7404555095488
0.0839374055871882
0.149754919106252
8939.86213112715
0.00795076433248159
26.7003171544138
0.0172549419050101
0.293231551545292
0.33544384005673
0.0219220526559947
9.17040124909812e-17
7.4559122873916
8.61665802400272e-16
2.71678681967926e-19
0.946656862977632
6.82000192005569e-19
31.596973506321
2.71167727996893e-20
1.02467949837759e-16
0.53823850277612
1.69521382663207e-16
90.4542334492742
1.46356392363357e-15
7.32786626352997e-18
42.3974763406941
9.81419902606288e-22
1.83169214427699e-17
5.48474117536426e-21
31.8717297976803
1.4619763709343e-17
763.37531525976
1.75131910083271e-19
3.82263473435611e-14
47.1112586935267
1.38389354114761e-17
6.17065035475166e-19
8.04791562635329
1.44922903380949e-17
117.680953171573
2.29389051276374e-20
4.34949561316908e-17
6.04144208553429e-16
1.14878534994175
2.02483120011774e-15
1.11118783420387e-28
4.96432537543586e-28
2.69035174730382e-40
1.00601824350853e-39
2260
1.92093230635179e-39
9.40583340626685e-37
55245.7225120917
2.98748191021102e-34
2.98644996860486e-33
1638.55133803665
8.86067239009345e-36
5.27868025765433e-35
2.09015060824682e-34
0.539519144865319
1.78110582489307e-37
2.94644651559929e-34
4.55555292015528
3.04648942805339e-35
3.93247883663691e-35
1.18410477797223e-36
5.95935628959572e-33
8.10241027292371e-34
3.80926380482919e-13
0.123622208299233
0.0427561299117464
0.0233420059294241
2.9134223313348
1.00763985205329
0.526436323425827
0.0267367028513979
0
0.630107714675699
0.000560208656010749
0.0992960338159456
0.000621643430042223
2.94010606740019
0.00259036014936729
5.90025457616671e-15
3.49345127822821e-15
2.41532930114599e-16
7.66465829493375e-16
5.62085924804753e-19
1.05412126141988e-18
4.88775569881948e-19
23.796937377643
4.98559051775917
0.884723818194506
0.18536416120771
0.105259056728277
5.28057164478611e-11
1.1064926830327e-11
1.82436768208244e-07
6.69280907734388
0.574189957214412
0.808085672316839
0.0218147923265703
0.0271390437387027
0.566285650023672
0.0210533983649674
0.00250480523667091
1.25659573587771e-12
0.0007827280969451
9.31240463013914e-05
4.67180058973103e-14
5.55821333267916e-15
2.7921049941493e-24
0.0447934000931134
0.000652998178766482
0.726899265601539
0.256295466574419
1.17065171544977e-15
7.22541392441883e-18
0
7.17304735876321e-15
4.39532794992613e-16
3.65577675209916e-19
2.91169339834072e-15
1.84499465905232e-22
1.47696075065988e-14
3.41133292378207e-16
4.92266180995854e-26
5.74019970320344e-18
1.36555667499277e-16
7.59603624303882e-19
1.29518406866593e-24
3.79268680689133e-28
0
0
0
0
0
4.1077549686978e-14
1.32101759985604e-30
2.5096721922908e-18
2.53590711530695e-19
2.70672451699934e-21
0
6.57716166336228e-32
6.53781673432407e-39
1.05815348231958e-34
0
0
9.10979759612934e-29
9.65674027558257e-34
0
0
5.4637671791328e-27
0.4986345773471
0.0185383432363072
1.10648877101048e-12
2.8982427095825e-15
1.83650640487467e-22
1.45862437992861e-14
0
3.39538432530034e-16
6.5464122428633e-32
4.89988639698818e-26
6.64501950005754e-39
5.73609164165431e-18
1.29427719567228e-24
1.35917242748271e-16
3.79308164414071e-28
0
0
0
0
0
0
0
4.10511805962832e-14
9.11911661438698e-29
9.64773344781246e-34
1.31978548858268e-30
0
2.50795097910725e-18
2.53335564210045e-19
2.70277349453706e-21
0
5.51406286693501e-27
3.54401205748279e-19
3.72667309576364e-21
0
1.32076563297496e-26
1.68125234243204e-16
1.0653853240301e-23
8.52817718744794e-16
0
1.96975116685061e-17
3.79774479710902e-33
2.81275357622006e-27
3.76358038662665e-40
3.3144644098688e-19
7.47855775355013e-26
7.88489814458289e-18
2.37517375457664e-29
5.69837634388053e-32
0
0
0
0
0
0
2.37187445802673e-15
6.79013823106347e-30
5.57592485081902e-35
7.62772392464925e-32
0
1.44911645450479e-19
1.46426508015814e-20
1.56296861162699e-22
0
4.40254800856619e-28
1.0390361646108e-14
6.59502040545292e-22
7.27186178663823e-14
0
1.21729206891535e-15
2.34697899924569e-31
1.70505958715615e-25
1.08039450524667e-37
2.21618863265167e-18
5.00051389144762e-25
4.8728030601941e-16
1.63674335621382e-28
5.4318014099598e-30
0
0
0
0
0
0
1.58611231977768e-14
4.97704759052348e-29
3.72765542267029e-34
5.09933817976481e-31
0
9.68960972754683e-19
3.16818339249642e-19
4.94281757494853e-21
0
6.6264640512586e-26
1.04014279810072e-14
6.60203734252463e-22
7.28403646650926e-14
0
1.21858855523255e-15
2.34947866735029e-31
1.70689528441906e-25
1.08149910947427e-37
2.2194843400635e-18
5.00795018565673e-25
4.87799288781919e-16
1.63904273185288e-28
5.42551033007311e-30
0
0
0
0
0
0
1.58847103367911e-14
4.98330573905292e-29
3.73319884138647e-34
5.10692143611346e-31
0
9.70401920601046e-19
3.16846182926156e-19
4.94340623850185e-21
0
6.62671010229432e-26
4.59011868634766e-19
7.16142830825833e-21
0
9.67822740691821e-26
3.01025798033871e-18
2.11940801311434e-25
1.68333255699265e-17
0
3.13476783025871e-19
6.04393509859662e-35
6.31268446268664e-29
0
4.63388812590967e-21
1.19494718272314e-27
1.25484762679842e-19
3.94411752628181e-31
0
0
0
0
0
0
1.3624653279042e-30
9.47521562683709e-18
2.11184816250511e-32
1.11317961766735e-37
1.52280145134921e-34
1.32780374515584e-34
2.31548790824477e-21
2.04463489697912e-22
3.01003499770754e-24
0
2.01751724470501e-29
1.08030488788396e-17
7.61853558037632e-25
8.4034774220066e-17
0
1.12501405250833e-18
2.16906395604626e-34
2.16959889120636e-28
0
1.79302357730095e-21
4.62365969800943e-28
4.50341546241055e-19
1.70207728618422e-31
5.63010269973357e-33
0
0
0
0
0
0
3.66644496907584e-18
1.15615178562106e-32
4.30840972496818e-38
5.89379505889187e-35
8.05553817237255e-33
8.95937150114232e-22
2.64868188617409e-22
5.78540796975581e-24
0
8.81759839952661e-29
7.35402847294907e-17
4.65996204720931e-24
3.70112730236838e-16
0
6.46161023427292e-18
1.24581962728241e-33
9.33082829069984e-28
1.26438514023051e-40
1.09167176548035e-19
2.46322053322768e-26
2.58658261644855e-18
4.82161585923775e-30
0
0
0
0
0
0
0
1.04181370773958e-15
2.32882150331176e-30
3.05706789365822e-35
4.18199141355791e-32
0
9.54717095550671e-20
3.36936291548374e-21
8.26706337603715e-23
0
2.95716093295618e-28
5.90529665933525e-16
1.87096561426665e-23
1.48600558012274e-15
0
1.72956112742488e-16
3.33465052980796e-32
9.98066526922682e-27
7.59539931754526e-39
3.50779534837459e-18
6.59575051286061e-25
6.92343116178027e-17
2.35356751489098e-28
0
0
0
0
0
0
0
1.25633179034037e-14
2.92907226212221e-29
2.92637170078796e-34
4.00320232945217e-31
0
2.04675718759014e-18
1.88295401610931e-19
2.7343188668917e-21
0
1.0437415319322e-26
8.55989894601176e-16
2.7120439032603e-23
2.15400822903663e-15
0
2.50704906557219e-16
4.83367275216204e-32
1.44693225433791e-26
1.96153753598742e-39
5.08263226344261e-18
9.55693563306715e-25
1.0035717688862e-16
3.36544361438289e-28
0
0
0
0
0
0
0
1.81881689456516e-14
4.06688126737909e-29
4.27116547296633e-34
5.84284613717071e-31
0
2.96313262346265e-18
2.74594352205071e-19
3.98746442061344e-21
0
1.4219730190938e-26
2.04540553581576e-18
1.44247143795042e-25
1.59009804399368e-17
0
2.13005605795558e-19
4.10681787455536e-35
3.84690755329978e-29
0
3.3952613937807e-22
8.75534123999741e-29
8.52658448505475e-20
3.22342738866084e-32
1.06887719499462e-33
0
0
0
0
0
0
6.94276374204142e-19
2.19000190148182e-33
8.15838530683185e-39
1.11604638710423e-35
1.56794260543756e-33
1.69654256571184e-22
5.01553197851522e-23
1.09552230318399e-24
0
1.67250488824157e-29
2.87885263249978e-17
2.02689019944621e-24
1.60985084824045e-16
1.35838144624853e-32
2.99792731365857e-18
5.78010209860283e-34
6.03915094170486e-28
0
4.43160785402605e-20
1.14278488738062e-26
1.20007036506038e-18
3.77196424725681e-30
0
0
0
0
0
0
1.32603692544457e-29
9.06160038107309e-17
2.01982893476148e-31
1.06458391169248e-36
1.45632376131371e-33
6.80096702417564e-33
2.21441146679605e-20
1.9553772254983e-21
2.87863334501439e-23
0
1.94235528722528e-28
6.68169650113014e-16
4.23393111300636e-23
3.36275681246503e-15
0
5.87086637654725e-17
1.13192227569853e-32
8.47806117760687e-27
1.1531909024891e-39
9.91869709984944e-19
2.23802970194654e-25
2.35010784170678e-17
4.38119565911973e-29
0
0
0
0
0
0
0
9.46574719589721e-15
2.11653588039348e-29
2.77745584562611e-34
3.79948921713172e-31
0
8.6744017521917e-19
3.06120380247496e-20
7.51096514094574e-22
0
2.68929775153926e-27
5.84351194733374e-15
1.85139036621254e-22
1.47045810942021e-14
0
1.71146543430199e-15
3.29976144048735e-31
9.87622265825635e-26
7.5330470724418e-38
3.47110439304454e-17
6.52676006062451e-24
6.85099410800811e-16
2.32916392207707e-27
0
0
0
0
0
0
0
1.24319789053598e-13
2.89932203697103e-28
2.8956136913994e-33
3.96112615199532e-30
0
2.02536004583464e-17
1.86325991571167e-18
2.70572024989837e-20
0
1.03290856214005e-25
0
7.38592431395544e-34
0
0
0
7.56169142715822e-59
0
0
3.64586244686342e-49
3.00091005269599e-56
2.05687739404301e-48
0
6.46463681722304e-58
0
0
0
0
0
8.26351730784791e-54
8.95413823582924e-34
3.69904784276829e-34
9.65063033692526e-65
0
3.13306533178844e-53
1.35972930500856e-46
4.29560603348375e-46
2.68874201577749e-35
0
9.11069394321128e-51
1.82664864052877
0.0633000513817428
5.29936829455341
232.407921729
0.300072728873432
0.628064279090265
3.23616612509189
0.0164819004153434
22.7399561474029
3.57410799679975
0.0404794433537205
5.16970660088705
3.20526605068825
0.0125185351332123
2.37416082290404e-29
5.13667732265143e-31
1.25704462610608e-12
19.3535703217076
2.43282996342249e-13
2.58836051808188
191.269640776992
1.17230014672035
0
6.11854897028546
2.92282371553614
0.753585852767876
0.361332266799835
0.0700523098995257
285.401719201886
24.9866169633751
21.8699461228057
0.00587774304468106
0.845079538780972
15.2033497300901
79.0566530174489
1.65653890623266
4.20392821348808
0.00166860517452917
0.0278010548680546
0.895948058138144
0.157940295600976
2.47593486475036
0.0389176575136002
90.6567779859745
41.1216108556297
20.5760573758909
349.641181778587
1.67663882350134e-13
9994.47769687957
4.97056612438421
0
2.58929169623505
63.232397615111
0.553113867832763
5.53147797097835
14.8459409713239
0.737875166715764
0.833005565470466
0.00587135284620961
36.4548868552536
1.99549780011073
0.0580996673359901
46.6762734999461
23.4578438343275
0.201337457370248
0.214034283729099
0.616297423933197
0.430700638523793
20.9559588395453
2.63398152779899e-13
6.04835053800336e-10
2527.40350979806
0
428.227749173711
44.2862057435721
23.049419346641
0.108386342172686
2.6166866238295
122.292502396727
0
0.011040720824431
27.8213588508679
0.105517403863504
0.230053690407106
0.0261021362045935
0.000174070209652187
0.00628766532584049
0.0612443638074126
4.23021497722087e-14
0.00505722285784006
0
0.33321696027459
0.0291727904630872
4.68265076447503
0.48426762530217
1.65654926421692
6.37550876617789e-06
2.30594800919742e-05
0.00342329317081068
0.0123802121865433
6.05192266053144e-13
0
0.0063685771653199
0.00554086656978928
0.234715762574853
0
0.00591961147128537
0.00246661696334817
0
2.61811570897764e-05
0.000316619865317348
0.00272515145792329
4.06741460214533e-05
0.000236583819734235
0
0.000383975850755577
0.093013848687506
0.000865125791165522
0.00224461974674533
0.00019651407145407
576.387220737608
13.2199789243228
0.056780138378194
0.810253557258624
0.0709368371537841
3.25024300003788
0
0
0
0
18.7024539470583
107.796759385959
