1897.4882
296.62160418957
6.24604523236962
205.621463418098
2.23073068651506
0
0
6.24604523237048
6.24604523237196
6.24604523237205
6.24604523238062
6.24604523238096
6.24604523238175
6.24604523238186
6.24604523238392
6.24604523238649
6.24604523238987
6.24604523237166
6.24604523237476
6.24604523237896
6.24604523238148
6.24604523238495
6.24604523239221
6.2460452323949
6.24604523239659
6.24604523239942
6.2460452324005
0.821796635101532
45.5036695415744
120.255225444178
0
0
0
0
0
0.0274149365073299
0
1.50375956416601
2.40032283768865
7999.9138431599
0.0142297734267247
0.000194682216701521
1116.72210218292
0.0081452230166148
0.021357706323315
0.107708695894701
0.022022651567583
0.255278102302603
0.889294728824848
2.74558648660272
11.4089880171064
1.12275232823342
141.285314331523
49.1720269804389
16.0240095009171
55.2985038081578
4.02927918403343
14.0365221574576
5.23645627367405
1.28480603361483
20.446493558188
0.598761629744321
108.802476740501
11.6059598183851
4.20457696379999
41.6559460393563
3.44353543475086
3.90095084595245
0.684244881003911
71.1678157587447
0.73011587551501
9.40299238368437
26.5190630057352
16.7404684971324
0.0839424513097638
0.149754919151898
8933.6806042242
0.00794535124733817
21.3601639285894
0.0138040524049892
0.2345847097369
0.268443754587948
0.0175386993906506
2.07613689052895e-22
8.03111968686201
2.10119003410957e-21
7.10559601999157e-25
0.525920537545944
9.90876403875269e-25
26.5553502602098
5.96059301102482e-26
1.61543684678563e-18
0.842460358186854
4.18904802171995e-18
82.8260014829527
2.11436014591694e-17
6.10389616263145e-19
47.6971649324692
9.19681299711544e-23
2.03371548693573e-18
5.11804411063707e-22
5.49512643236047
2.09965760212204e-19
641.235335083605
1.2253915120759e-20
3.96072196145138e-15
50.4763541343209
2.34068901350272e-19
4.29778446723588e-21
12.5179697595641
1.48048773255111e-19
88.2607245515864
1.19822219855569e-22
1.21954848130403e-19
1.61881562556314e-18
1.78610301508984
7.95664853423969e-18
0
0
4.65352950660796e-43
6.12186750759448e-42
2260
3.32638827070222e-42
3.18097510463262e-40
15543.1407047438
2.84254044707878e-38
2.83935870843823e-37
1474.69636536683
2.696935022008e-39
9.76495226386738e-27
1.98652633286616e-38
0.539519204356752
1.69279579617524e-41
2.54984329128496e-25
4.55555341921363
1.78536173505428e-25
2.16552672191258e-25
1.36203845994108e-27
6.19132356929644e-24
1.72363002462643e-25
7.16601847017e-15
0.0942603337221035
0.0289371450112144
0.00554102145646373
3.32549750144998
1.02090030486741
0.194378393152722
0.0597673326162835
0
2.10858701041528
0.000603425816489114
0.106956202188378
3.33586459315398e-05
0.901694269619641
0.000951723237194895
1.67738353048008e-15
1.19236899132303e-14
6.99256286663416e-17
2.31728905628034e-21
1.84598105449289e-18
3.97591500457337e-17
3.62411640263375e-15
50.0344524341823
5.05106243118653
3.79791752810628
0.383426060931005
1.73987038393494
7.40161103502198e-13
7.4733224519513e-14
1.65496689575426e-09
8.57322482444646
0.229676008287325
0.186712990338683
0.0218147935402969
0.0297962143619205
2.50340850682545
0.190023845281203
0.0870521432336242
3.70330216161918e-14
0.0144240275926827
0.00660780275021438
2.81104366056956e-15
1.28776944663251e-15
4.00460598991368e-28
0.073499702703912
3.48615125304609e-05
0.726899346315222
0.308939914836842
3.13448442844167e-16
1.99650930954716e-16
2.94475122949468e-25
2.16575246752297e-15
5.32234947946119e-22
1.34695130294179e-18
3.41735069516487e-15
8.5355301857863e-25
8.56115535178035e-15
1.55264658523949e-15
2.13041552167796e-26
6.87419954062084e-16
8.00633438963597e-15
3.46938952499254e-16
3.25956022115212e-25
1.85773001239148e-27
1.10771546792927e-24
5.46255310124947e-34
1.47583300708853e-23
5.20711855341309e-25
2.37972637968148e-30
1.59179799008989e-14
3.44595342761369e-23
2.20602126299756e-18
1.62920994747805e-17
2.77939024194138e-17
4.00596571135659e-31
1.0304455125914e-30
1.38205528869505e-29
1.51117804549554e-31
2.47375606784769e-40
1.96407124303108e-31
1.06151702787202e-27
1.70235025732829e-42
4.3060324873711e-30
8.19942171804211e-33
0
0.505182760508394
0.0383465923346009
7.4732677755179e-15
3.40162829184432e-15
8.50741771347961e-25
8.45495360639367e-15
3.95627144399901e-31
1.54545720180382e-15
1.02567413244633e-30
2.12058609047522e-26
1.33030505471378e-29
6.86958195231543e-16
3.25739769296181e-25
7.96926164176146e-15
1.86937108168544e-27
2.47669646236669e-40
1.10771931809504e-24
5.46284809335904e-34
1.46984484803682e-23
5.20874796045528e-25
2.38438724231516e-30
1.97374103012226e-31
1.59079641257217e-14
1.07149666706598e-27
4.78484673234374e-42
3.44575870115277e-23
4.32545404488625e-30
2.20458182660369e-18
1.62826919940629e-17
2.77691894420599e-17
8.22459884191613e-33
0
1.18689345952825e-17
2.00792963593446e-17
8.98100668298133e-33
0
5.63780264065325e-17
2.19215207984793e-26
1.41238370137425e-16
6.60889205410867e-33
2.56149157629337e-17
1.69998620355117e-32
3.42603747411372e-28
6.21352832750413e-31
1.13407177361392e-17
5.37746281492285e-27
1.32084583633901e-16
6.9388261038831e-29
5.82647781901696e-42
2.20802431886721e-26
1.14752939727117e-35
2.98755896347019e-25
1.00310022301753e-26
9.13130519964131e-32
1.58517033294546e-32
2.62607568203996e-16
3.32128832540873e-28
2.27828752837683e-44
7.22916624628087e-25
6.93255065100536e-32
3.63938652083875e-20
2.68779134405812e-19
4.58530142407179e-19
1.36298570604581e-34
0
1.21953260067234e-14
6.56140785732466e-24
4.21535220883072e-14
1.9724668963667e-30
5.54080041783745e-15
3.67726564421538e-30
3.88025616969828e-25
1.0615584076134e-27
2.65413689913853e-16
1.25852201476806e-25
2.85713213498573e-14
1.97177355354239e-27
1.57543491610238e-40
5.57047018414714e-25
2.94901610703307e-34
8.42919609454977e-23
2.47320718696722e-25
1.10813538097721e-29
3.34018686498904e-30
6.14644121168025e-15
3.39835031499217e-28
2.5426998864273e-42
2.17185673683974e-23
1.61574622338267e-30
8.51758291307563e-19
2.5601280784729e-17
6.23624054433791e-17
1.381186703235e-32
3.53372144664256e-27
1.22083147003665e-14
6.56615284493312e-24
4.22240961497359e-14
1.97576922443882e-30
5.54670167534538e-15
3.68118213416995e-30
3.88441329708014e-25
1.06271780534531e-27
2.65808388174305e-16
1.26039357026367e-25
2.86017515181125e-14
1.9737270944879e-27
1.57729141928221e-40
5.577739313353e-25
2.95274248767273e-34
8.43615638009785e-23
2.47652287315699e-25
1.10898408189881e-29
3.34258648818953e-30
6.15558160694123e-15
3.40349613696177e-28
2.54655007246607e-42
2.17442536974235e-23
1.61819280529539e-30
8.53024945899457e-19
2.56035305054933e-17
6.23698303736928e-17
1.38130034797913e-32
3.53423795921351e-27
1.89953376132838e-17
4.62722659226059e-17
1.02535500278271e-32
2.90111022328119e-27
3.26751289399636e-18
9.10271024485601e-28
9.02400182656524e-18
4.22254277522779e-34
1.31957754104534e-18
8.75764497757574e-34
2.48947809668892e-29
0
5.13240068858143e-19
2.78133292591488e-28
6.80449674820719e-18
2.15749000586211e-30
2.38206936785388e-43
1.18313516838971e-27
6.41969298193907e-37
1.72697965261513e-26
5.00690746358017e-28
3.06312956908113e-33
2.54241980983573e-34
3.39577219372362e-18
2.31736931132486e-31
2.34293411565901e-43
3.68006742230184e-27
3.70871540761142e-33
1.88239237999593e-21
6.3329279161415e-21
1.4999242720502e-20
4.79212966831402e-36
0
1.172648474101e-17
7.00776214955925e-27
4.50514868091427e-17
2.10807104832201e-33
4.73581155541262e-18
3.14301830346379e-33
4.64902602622595e-28
1.76834584501339e-30
1.98591531602287e-19
1.07619301583386e-28
2.44203696144196e-17
1.89913629992753e-30
1.51533368990756e-43
5.95370746478173e-28
3.46701384863238e-37
9.90519597428518e-26
2.37907095770149e-28
1.4208238162207e-32
4.28259259230766e-33
1.31399312417901e-18
3.48357303799482e-32
4.55956594545614e-42
2.32140438033499e-27
1.3818190760172e-33
7.28359387775851e-22
1.01370368343728e-20
3.45710691181392e-20
5.47194772140806e-36
3.28019702879336e-30
5.90519903011831e-17
1.49704760614749e-26
1.46777306490633e-16
6.86805542403614e-33
2.01217584334737e-17
1.33542146277755e-32
2.75996263760581e-28
0
8.94465145340339e-18
4.24134790310547e-27
1.03759290228372e-16
1.80732778413894e-29
2.16533336316474e-42
1.44822138687054e-26
7.15160982395019e-36
1.92214368518367e-25
4.53897743672665e-27
2.10460840570139e-32
1.76111513849119e-33
2.76207936576218e-16
1.98083098876191e-29
1.01898965541342e-43
7.50473331104215e-25
3.771251865279e-32
5.74168040812213e-20
7.72007146772923e-20
3.04743784329874e-19
5.84264184077512e-35
0
3.89713673545252e-16
5.44742822970649e-26
4.84328496057615e-16
2.26628805450771e-32
4.42645221461369e-16
2.93770517221584e-31
2.42816467106668e-27
2.97288172733329e-31
2.36211039086837e-16
9.33381996064419e-26
2.28253033125144e-15
7.55339701110056e-28
8.9956731745202e-41
1.96531487767471e-25
6.53414518320285e-35
1.74141546094196e-24
1.84422313341959e-25
4.6200401591361e-31
4.52252388818771e-32
2.7374434812359e-15
2.7550835859528e-28
3.62460470306171e-41
6.09191923951666e-24
1.87389564083612e-30
1.01163856596019e-18
3.54574036865381e-18
8.28366192028551e-18
2.68657613302658e-33
0
3.34887972592412e-16
4.22830784917907e-26
4.16192192190234e-16
1.94746111923471e-32
3.80373004218204e-16
2.52442287813186e-31
2.08751755392424e-27
1.34959345045904e-30
2.0289984284552e-16
8.01753639662337e-26
1.96142072359526e-15
5.58209697131155e-28
7.35314584666125e-41
1.6407119424333e-25
5.39905916523695e-35
1.45161752090608e-24
1.54270545072501e-25
3.5640203422561e-31
2.96342854293072e-32
2.3493987101898e-15
1.65083873715027e-28
6.89241352011592e-43
5.10206663916621e-24
1.67084322588956e-30
8.68234553819891e-19
3.06539850717233e-18
7.16147360816436e-18
2.31981939285745e-33
0
1.87242980207811e-18
1.11910251688709e-27
7.18916763104626e-18
3.36399027881377e-34
7.56192063454897e-19
5.01862345836731e-34
9.62062664990958e-29
1.62303570005401e-30
3.17141119741416e-20
1.71862845986286e-29
3.89932947811091e-18
3.10605592941159e-31
2.42065663704284e-44
9.50949463965636e-29
5.53788291004834e-38
1.58224411281519e-26
3.79983351436833e-29
2.27060893785339e-33
6.84430437430058e-34
2.09838379455608e-19
1.81940893792236e-32
7.28124423089931e-43
3.71119859024491e-28
2.21079407931696e-34
1.16315489385205e-22
1.61883600159863e-21
5.52083338095217e-21
8.73848639232331e-37
3.38854982853799e-30
2.63534600021177e-17
7.34186852971521e-27
7.27812495039804e-17
3.40560591073224e-33
1.06427839998817e-17
7.0633002567383e-33
2.00783590032416e-28
0
4.1394338653306e-18
2.24322776082264e-27
5.48802831580578e-17
1.74477591924115e-29
1.92124449341045e-42
9.54243558217741e-27
5.17774350357228e-36
1.3928756808773e-25
4.03826009302899e-27
2.47061226683427e-32
2.05070499047992e-33
2.73879147008558e-17
1.86938143042928e-30
1.91653461236729e-42
2.96811119590558e-26
2.99142632472947e-32
1.51820555062425e-20
5.1076830885099e-20
1.20973078166876e-19
3.86498788700993e-35
0
5.36736013365665e-16
1.36154101608123e-25
1.33408994237975e-15
6.24252066496619e-32
1.82890912709406e-16
1.21379277567534e-31
2.50854223821689e-27
0
8.13000343692733e-17
3.8550605587132e-26
9.43090101762093e-16
1.65107853529349e-28
1.96876781548711e-41
1.3165687586218e-25
6.50187934371663e-35
1.74742858657792e-24
4.12631643976706e-26
1.91438406967669e-31
1.60271807023577e-32
2.51053190489595e-15
1.80542061067312e-28
9.25165897970076e-43
6.82235855248713e-24
3.42855284996363e-31
5.2187753923847e-19
7.01666158240796e-19
2.76977229068965e-18
5.31033487258705e-34
0
3.8578258492057e-15
5.39610190023042e-25
4.79443016356099e-15
2.24342774248873e-31
4.38180205956487e-15
2.90807218769026e-30
2.40366377891855e-26
2.85365623024455e-30
2.33829001309137e-15
9.23969433534548e-25
2.25950616289665e-14
7.48376370481034e-27
8.90798195775246e-40
1.94587979465158e-24
6.46997302029624e-34
1.72421215138336e-23
1.82596073110568e-24
4.57673373388253e-30
4.48404038991413e-31
2.70985363210069e-14
2.73312677932318e-27
3.61039405602512e-40
6.03154432778689e-23
1.8559654890768e-29
1.00144257065186e-17
3.50998625766485e-17
8.20013212429969e-17
2.65949010560918e-32
0
1.69596590677023e-41
6.6886901807368e-51
2.10771024574923e-41
3.00071037796261e-56
1.92631542336519e-41
1.27843780265053e-56
1.30697106543238e-52
5.08416204622907e-52
1.02759292532551e-41
4.06050767077655e-51
9.9336520264012e-41
7.92321126807916e-51
7.83351347393845e-66
1.18748642696307e-50
3.90847844824542e-60
1.1139471041713e-49
0
2.04874366318313e-55
2.23674449766607e-55
1.18988661651014e-40
1.07233963582366e-51
2.66081738804726e-57
3.07012110487744e-49
0
4.39723450360069e-44
1.5481189264091e-43
0
0
2.65014463785509e-33
0.935461786254322
0.018085730962698
5.29936887879211
60.8456867250017
0.27751356998692
0.27988513774592
2.21405272568817
0.0236874687867771
8.96137798153049
2.00964647037826
0.339465268507365
1.72323572389792
2.74231330505737
0.186707745349757
5.11518888197224e-23
0
5.17740685441167e-13
9.6767862271337
5.01006554434045e-14
2.800659269756
161.306050269322
0.781255689576409
0
3.26892463827792
3.24071652370077
0.905130703244179
0.417242018960765
0.105320569380469
125.15973893537
16.2646247037711
21.1316683050933
0.00199880369474812
0.407203842454798
7.32729916048661
69.9484800573289
0.706251580604733
1.79225108399842
0.00203050080593086
0.0159803733925792
2.98370620635894
0.247153582120612
2.86343774653547
0.0704318642919137
45.3283940054754
35.1855446832927
17.6058226110555
178.269127128536
6.90448448580363e-14
9998.26999783428
1.60725943749685
2.31566355703333
0.735098801941046
48.1625787736458
0.0389269867851908
0.389292267197633
11.5072483237633
0.184938345071405
0.06359504157351
0.167114203635297
1.18040691050362
1.83940611342206
0.00395782382859377
40.7650715299862
1.44183254456513
0.0563801707743048
0.348541980777035
0.0871504295986383
0.196403432788235
20.152901882266
1.04333326728809e-13
9.84933415432157e-11
1039.0437574221
0
220.567780793941
22.0814116268768
11.1065208555716
0.300363927414832
0.510340069813913
105.307444203065
0
0.295618828355036
18.4123203347439
1.04150918288522
0.65198760994204
1.1033035404791
0.000559038691524907
0.00280198083923171
0.0327207007375179
7.34680767366769e-15
0.00364671622929942
0
0.219697897139005
0.0285499464569738
2.33047859236338
0.233308132767023
0.706256208021848
3.30756195390393e-06
1.35239553707145e-05
0.00486027540642013
0.0198703698511245
9.85514352113599e-14
0.00338351965096757
0.000453159641309807
0.000389923505947108
0.014426766057141
0
0.000678421537666455
0.0019354925875679
0
0.00110664365114557
0.00312519532454016
0.000531494284651801
0.000341098067474864
4.01146444238946e-05
0
0.000106373683101871
0.116397101744066
0.00135479873295138
0.00154151006725885
0.000200320669684338
235.5837303153
15.3134079386809
0.0819197968734967
0.51265055309472
0.0666194170840506
9.00718423533653
0
0
0
0
37.6957166696722
88.803496663337
