1897.4882
296.621591002696
6.24604563440194
205.621450167325
2.2307306824063
0
8.43266200567959e-36
6.24604563440226
6.24604563440282
6.24604563440285
6.24604563440605
6.24604563440618
6.24604563440647
6.24604563440651
6.24604563440728
6.24604563440824
6.2460456344095
6.2460456344027
6.24604563440386
6.24604563440543
6.24604563440637
6.24604563440767
6.24604563441038
6.24604563441138
6.24604563441202
6.24604563441307
6.24604563441348
2.05449145169778
100.108066374459
24.0510434880338
0
0
0
0
0.212376562924214
0.0548298693763229
0
5.51378470377541
12.0016133985814
7999.91384376625
0.014229622640686
0.000194679780686819
1117.49480767967
0.00814531908632916
0.0213574665587102
0.107707476323012
0.0220224983794766
0.255459670062732
0.889293688993514
2.74558118462315
11.4089680428173
1.12275506312984
141.285299939855
49.1769242809733
16.0240166967526
55.2985368326006
4.03230362222885
14.0370578353937
5.23470441765424
1.28438181070037
20.4465828477451
0.598471791867804
108.803056416265
11.6045548977218
4.20458873777176
41.6461514380472
3.44358931195714
3.90066348961221
0.684200757195633
71.1678337825419
0.730065408882632
9.40292633479868
26.5190889808778
16.7404555095611
0.0839374047986322
0.149754919087539
8939.86218229852
0.00795076470810531
26.7003171533933
0.0172549426656624
0.2932315536009
0.335443843573457
0.0219220526564582
0
7.45591261469757
4.03299208029491e-31
4.23939085123519e-30
0.946656904814114
1.04188667346698e-29
31.596974888398
4.23141917469736e-31
6.17423646883956e-27
0.53823852651732
9.96675941397727e-27
90.45423734701
8.70739057973091e-26
4.52064309850371e-28
42.3974777899061
6.09951083238279e-32
8.12011349723453e-28
2.43141291996328e-31
31.8717311990043
9.01717404576013e-28
763.375348844839
1.08038843590814e-29
3.98521142245939e-25
47.1112607634152
8.18952161163009e-28
0
8.04791623636647
0
117.680958340138
0
0
0
1.14878543701722
0
0
0
0
0
2260
0
5.57005906528068e-31
55245.7248581907
1.76937456810669e-28
1.75939119589129e-27
1638.55140960878
5.24670137538208e-30
2.93556416819577e-29
1.22792613724445e-28
0.539519168695473
1.04636193031562e-31
1.5179751989122e-28
4.55555312048394
9.53517818762446e-30
1.2047960576606e-29
4.42832984129503e-31
1.82285203711567e-27
2.96299257382907e-28
4.99190927188304e-14
0.123622195666771
0.0427561286035149
0.0233420052681825
2.91342225433517
1.00763989759861
0.52643634841556
0.0267366996446852
0
0.630107686829053
0.000560208721969205
0.099296045507797
0.000621643417328785
2.9401063771207
0.00259036050033466
5.85206693593313e-15
3.49336453484732e-15
2.39759630561469e-16
7.66455166441742e-16
5.55873918099572e-19
1.07595228084469e-18
4.88909834239735e-19
23.7969374096475
4.98559170942391
0.884723818960838
0.185364205425045
0.105259061382686
1.47906226070531e-11
3.09923256093604e-12
1.82436768198963e-07
6.69280937115835
0.574189982572179
0.808085707985116
0.0218147928109118
0.0271390443587415
0.566285651546844
0.0210533984115173
0.00250480535079855
3.51966313010206e-13
0.000782728098301035
9.31240504998668e-05
1.30854847024678e-14
1.55682840681817e-15
2.1910850681089e-25
0.044793404025976
0.000652998236412153
0.726899297814001
0.256295478281355
1.16109092837539e-15
7.22523487054244e-18
0
7.1203839271124e-15
4.395266996354e-16
3.61548909417834e-19
2.88791336234275e-15
1.82910646856548e-22
1.46489829383086e-14
3.38347243674413e-16
3.23113082233532e-25
5.74005749167636e-18
1.36552283872417e-16
7.59584834575425e-19
1.29514366590886e-24
2.96695929689917e-28
0
0
0
0
0
4.07759662942777e-14
1.6160334006366e-26
2.48202914826064e-18
2.58843867796808e-19
2.70686921846203e-21
2.77191371843939e-30
0
3.96790240508377e-38
1.05808080531644e-34
0
5.55920358079955e-28
8.54761075493572e-29
9.65647244148502e-34
4.73084640902463e-37
0
1.37763404399654e-29
0.498634696531112
0.0185383476584812
3.09922160354677e-13
2.87457252588553e-15
1.82069131045854e-22
1.44671167692679e-14
2.74469130409753e-30
3.36765409040916e-16
0
3.22133161395878e-25
3.94843575470853e-38
5.7359495320999e-18
1.29423675635134e-24
1.35913874920264e-16
2.98129965513149e-28
0
0
0
0
0
0
5.71588893989187e-28
4.07497907994773e-14
8.55633237594296e-29
9.64746586325541e-34
1.61635192410614e-26
4.72644231169905e-37
2.48032690794281e-18
2.58583436229027e-19
2.70291540484652e-21
0
1.38382651989162e-29
3.61742785515536e-19
3.72662406817006e-21
0
2.71023770777874e-29
1.66752149169586e-16
1.05614998829831e-23
8.45852725346145e-16
1.56881059736715e-31
1.95366421946218e-17
0
2.58586016363314e-26
2.11648421038358e-39
3.31438246105154e-19
7.47826470105659e-26
7.88470316437189e-18
5.75890929227454e-29
0
0
0
0
0
0
5.2759664197749e-29
2.35446072012394e-15
4.93181913232038e-30
5.57577044902462e-35
1.08618426460246e-27
2.66883037448946e-38
1.43315574742678e-19
1.49459809581283e-20
1.56298105304841e-22
0
8.92284040477336e-31
1.03055031560089e-14
6.52723439418472e-22
7.212472219292e-14
1.34912632284156e-29
1.20735044892292e-15
0
4.9521821929087e-24
1.73614771085883e-36
2.21613381682619e-18
5.00030127445457e-25
4.87268257622306e-16
1.85211306532209e-28
0
0
0
0
0
0
4.16163974793755e-28
1.57446744157359e-14
3.30770651533056e-29
3.72755215679364e-34
7.60465331857034e-27
1.04819664441027e-37
9.58288919247879e-19
3.23418269365801e-19
4.9449440059593e-21
0
2.32452352478204e-27
1.03164791117188e-14
6.53418619559461e-22
7.22454746809717e-14
1.35141365263565e-29
1.20863634684104e-15
0
4.95503724756625e-24
1.73795040555775e-36
2.21942944270667e-18
5.00773729692566e-25
4.87787227549402e-16
1.85431689512119e-28
0
0
0
0
0
0
4.16629330578259e-28
1.57680883833065e-14
3.3126271612859e-29
3.73309542194025e-34
7.61489311093586e-27
1.04978247236497e-37
9.59713996121409e-19
3.23446689867971e-19
4.94553274262925e-21
0
2.32429627438136e-27
4.68574449811418e-19
7.16453532374496e-21
0
3.34280750140016e-27
2.98567260906607e-18
2.10117636127255e-25
1.66958444859387e-17
1.24582547706516e-32
3.10916569611718e-19
0
4.09494873951542e-28
5.01077583071622e-41
4.63377277961757e-21
1.19490967449124e-27
1.25481638637428e-19
3.10495776944981e-31
0
0
0
0
0
0
6.02741740664402e-30
9.40564933198144e-18
2.08245250097628e-32
1.11314861264512e-37
1.86653424619083e-30
4.36327144719153e-40
2.28998328631085e-21
2.08699008445017e-22
3.0099835868036e-24
0
2.26510076899513e-32
1.0714818700788e-17
7.54052720643198e-25
8.33484493102879e-17
1.56254907854807e-32
1.11582593603391e-18
0
6.29523251478524e-27
2.9546461494276e-39
1.79297901783888e-21
4.62346258242693e-28
4.50330358360291e-19
1.92628917854293e-31
0
0
0
0
0
0
5.77085105455955e-31
3.63952633244519e-18
7.6701313626825e-33
4.30828986581525e-38
8.78876006931177e-31
9.69214774909214e-41
8.86069198210495e-22
2.70386145486301e-22
5.78791123052763e-24
0
2.31655224053321e-30
7.2939678462752e-17
4.61983852994052e-24
3.67090005881252e-16
3.30372290731714e-32
6.40883829638191e-18
0
6.18240140273816e-27
7.50236591348431e-40
1.09164476796161e-19
2.46314679519006e-26
2.58651863907494e-18
3.82926719478958e-30
0
0
0
0
0
0
7.34747570727393e-30
1.03416495936111e-15
2.17074763394411e-30
3.05698323914491e-35
5.14232963747777e-28
5.99442101117751e-39
9.4420132189004e-20
3.43916095530645e-21
8.26694393141203e-23
0
6.14551111627193e-31
5.8570678857304e-16
1.85486899263566e-23
1.47386931909526e-15
2.8484840145881e-31
1.71543581224862e-16
0
7.00042999303848e-26
7.94817356942833e-39
3.50770860580794e-18
6.59553584529493e-25
6.92325992868856e-17
2.00870799248667e-28
0
0
0
0
0
0
2.00113755026646e-28
1.24710810250925e-14
2.8423547933593e-29
2.92629066869393e-34
5.08073461386772e-27
3.3616360658072e-37
2.02421323015795e-18
1.92196045904277e-19
2.73425394122553e-21
0
2.08769540983888e-29
8.48998993291068e-16
2.68868682431693e-23
2.13641636492513e-15
4.26558243579482e-31
2.48657400949542e-16
0
9.57307412968709e-26
1.16484832698301e-38
5.08250656934042e-18
9.55663642017556e-25
1.00354694653462e-16
2.66324591725547e-28
0
0
0
0
0
0
2.55911070765535e-28
1.80546357428892e-14
3.7667980002878e-29
4.27104719987647e-34
7.17661034277664e-27
4.88443606746547e-37
2.93049506102882e-18
2.80282711305139e-19
3.98740838847235e-21
0
2.90494371309839e-29
2.02870048625135e-18
1.42766558954421e-25
1.57711154295653e-17
3.04567554197509e-33
2.11265974928312e-19
0
1.20135876895955e-27
5.59437255890773e-40
3.39517717538741e-22
8.75496826500851e-29
8.5263730580622e-20
3.64869965584221e-32
0
0
0
0
0
0
1.09316533982845e-31
6.89179105563887e-19
1.51435320354027e-33
8.15815872459016e-39
1.66446731711384e-31
1.83526513927164e-41
1.67785673376314e-22
5.1200204851546e-23
1.09599525016941e-24
0
0
2.85534060852597e-17
2.00945479795054e-24
1.59670295428832e-16
1.19138568159902e-31
2.97344291661513e-18
0
3.91625771387669e-27
4.79202426410029e-40
4.43149775064623e-20
1.14274906968204e-26
1.20004054462357e-18
2.96951812046655e-30
0
0
0
0
0
0
5.83234951386666e-29
8.99507123887919e-17
1.99294651239891e-31
1.06455431010352e-36
1.78506916023803e-29
4.17279934239145e-39
2.19002028115267e-20
1.99588350743859e-21
2.87858415970885e-23
0
2.16720604739704e-31
6.62712683490182e-16
4.19747607903976e-23
3.33529305320729e-15
2.72411396308032e-31
5.82291904072334e-17
0
5.61935520734074e-26
6.81598218194303e-39
9.91845180618606e-19
2.23796286758433e-25
2.35004971338651e-17
3.48114047608773e-29
0
0
0
0
0
0
6.67968753938277e-29
9.3962519320151e-15
1.97227202196942e-29
2.77737893396018e-34
4.6728528713025e-27
5.4463041036353e-38
8.57885717451022e-19
3.1246181730456e-20
7.51085615856765e-22
0
5.58956197989337e-30
5.79578777171761e-15
1.83546225326923e-22
1.45844882514227e-14
2.81862042515048e-30
1.69748790653761e-15
0
6.92994182666474e-25
7.8644034529957e-38
3.4710185578066e-17
6.52654758204193e-24
6.85082466649019e-16
1.98886758586155e-27
0
0
0
0
0
0
1.98188046817352e-27
1.23407062865667e-13
2.81419392918698e-28
2.89553351099986e-33
5.02834919071261e-26
3.32640797438933e-36
2.00305176770644e-17
1.90185838451825e-18
2.70565596648277e-20
0
2.06599370422469e-28
1.12031984173784e-42
1.41557548986154e-33
2.81916664664212e-42
1.00265329546224e-62
3.28122675140383e-43
0
1.32594167766304e-52
2.50785355534734e-65
6.71258409366543e-45
1.26248914072443e-51
1.32540398715017e-43
3.70159559764719e-55
5.48199423012196e-67
8.25837843325241e-53
0
1.38929160817739e-51
0
8.55270929140479e-53
0
2.38259240425066e-41
0
5.64058017380254e-61
1.15978942942296e-54
5.43092718426513e-64
3.866412463167e-45
0
5.26583903341235e-48
6.51706084185142e-32
0
1.82664872139238
0.0633000541725758
5.29936852871123
232.407932003481
0.300072693711355
0.628064354772785
3.23616626769037
0.0164819004314914
22.739957149642
3.57410815794332
0.0404794421784894
5.16970683051343
3.20526619397944
0.0125185342053195
1.333935770988e-24
0
1.24751967802712e-12
19.3535711746628
2.41439589605058e-13
2.58836055857001
191.269649744948
1.17230020217018
0
6.11854990822598
2.92282346888678
0.753585800897509
0.361332280556681
0.0700523088398892
285.401740994622
24.9866175279321
21.8699454405161
0.00587774313376377
0.845079739635813
15.2033533637806
79.0506209175213
1.65641290395601
4.20360841732648
0.00166862667797781
0.027800960090461
0.895948896903605
0.157937870423543
2.47593507933076
0.038917063231123
90.6567819832633
41.1216084360854
20.576056165219
349.641183805529
1.66393450315256e-13
9994.47769685957
4.97056612427747
0
2.58929177958153
63.2324002035894
0.553113913041383
5.53147842309234
14.8459416216254
0.737875199021284
0.833005596866986
0.00587135284490528
36.4548884694438
1.99549788800167
0.0580996720847215
46.6762742756987
23.4578461415113
0.201337469256221
0.214034279640661
0.616297466378184
0.430700655723027
20.955959761539
2.61402329224139e-13
6.00252111656722e-10
2527.4035990678
0
428.227876683284
44.2862176248666
23.0494248249292
0.108386338504732
2.61668674915001
122.292507833805
0
0.0110407208281063
27.8213600834701
0.105517400717263
0.23005363307743
0.0261021277641185
0.000174070188815242
0.00628766608348696
0.0612443731954655
4.19816194014701e-14
0.00505722317615387
0
0.333216980678048
0.0291727906809496
4.68265201269942
0.484267740115624
1.65642326143886
6.37510593111344e-06
2.30597827729336e-05
0.00342303596245248
0.0123802267355668
6.00606617369038e-13
0
0.00636857764914539
0.0055408670226735
0.234715785660229
0
0.00591961184204816
0.00246661750248791
0
2.6181148624811e-05
0.000316619855876583
0.00272515158843973
4.06741448404736e-05
0.000236583886791652
0
0.000383974633497285
0.0930138536862117
0.000865125884150371
0.00224462015939495
0.000196514097015773
576.387393173981
13.2199795848851
0.0567801305609992
0.810253507576514
0.0709368289903363
3.25024289004507
0
0
0
0
18.7024491791138
107.796764153948
