1897.4882
296.6216042
6.246045232
205.6214634
2.230730687
0
0
6.246045232
6.246045232
6.246045232
6.246045232
6.246045232
6.246045232
6.246045232
6.246045232
6.246045232
6.246045232
6.246045232
6.246045232
6.246045232
6.246045232
6.246045232
6.246045232
6.246045232
6.246045232
6.246045232
6.246045232
0.8217966351
45.50366954
120.2552254
0
0
0
0
0
0.02741493651
0
1.503759564
2.400322838
7999.913843
0.01422977343
0.0001946822167
1116.722102
0.008145223017
0.02135770632
0.1077086959
0.02202265157
0.2552781023
0.8892947288
2.745586487
11.40898802
1.122752328
141.2853143
49.17202698
16.0240095
55.29850381
4.029279184
14.03652216
5.236456274
1.284806034
20.44649356
0.5987616297
108.8024767
11.60595982
4.204576964
41.65594604
3.443535435
3.900950846
0.684244881
71.16781576
0.7301158755
9.402992384
26.51906301
16.7404685
0.08394245131
0.1497549192
8933.680604
0.007945351247
21.36016393
0.0138040524
0.2345847097
0.2684437546
0.01753869939
2.076136891e-22
8.031119687
2.101190034e-21
7.10559602e-25
0.5259205375
9.908764039e-25
26.55535026
5.960593011e-26
1.615436847e-18
0.8424603582
4.189048022e-18
82.82600148
2.114360146e-17
6.103896163e-19
47.69716493
9.196812997e-23
2.033715487e-18
5.118044111e-22
5.495126432
2.099657602e-19
641.2353351
1.225391512e-20
3.960721961e-15
50.47635413
2.340689014e-19
4.297784467e-21
12.51796976
1.480487733e-19
88.26072455
1.198222199e-22
1.219548481e-19
1.618815626e-18
1.786103015
7.956648534e-18
0
0
4.653529507e-43
6.121867508e-42
2260
3.326388271e-42
3.180975105e-40
15543.1407
2.842540447e-38
2.839358708e-37
1474.696365
2.696935022e-39
9.764952264e-27
1.986526333e-38
0.5395192044
1.692795796e-41
2.549843291e-25
4.555553419
1.785361735e-25
2.165526722e-25
1.36203846e-27
6.191323569e-24
1.723630025e-25
7.16601847e-15
0.09426033372
0.02893714501
0.005541021456
3.325497501
1.020900305
0.1943783932
0.05976733262
0
2.10858701
0.0006034258165
0.1069562022
3.335864593e-05
0.9016942696
0.0009517232372
1.67738353e-15
1.192368991e-14
6.992562867e-17
2.317289056e-21
1.845981054e-18
3.975915005e-17
3.624116403e-15
50.03445243
5.051062431
3.797917528
0.3834260609
1.739870384
7.401611035e-13
7.473322452e-14
1.654966896e-09
8.573224824
0.2296760083
0.1867129903
0.02181479354
0.02979621436
2.503408507
0.1900238453
0.08705214323
3.703302162e-14
0.01442402759
0.00660780275
2.811043661e-15
1.287769447e-15
4.00460599e-28
0.0734997027
3.486151253e-05
0.7268993463
0.3089399148
3.134484428e-16
1.99650931e-16
2.944751229e-25
2.165752468e-15
5.322349479e-22
1.346951303e-18
3.417350695e-15
8.535530186e-25
8.561155352e-15
1.552646585e-15
2.130415522e-26
6.874199541e-16
8.00633439e-15
3.469389525e-16
3.259560221e-25
1.857730012e-27
1.107715468e-24
5.462553101e-34
1.475833007e-23
5.207118553e-25
2.37972638e-30
1.59179799e-14
3.445953428e-23
2.206021263e-18
1.629209947e-17
2.779390242e-17
4.005965711e-31
1.030445513e-30
1.382055289e-29
1.511178045e-31
2.473756068e-40
1.964071243e-31
1.061517028e-27
1.702350257e-42
4.306032487e-30
8.199421718e-33
0
0.5051827605
0.03834659233
7.473267776e-15
3.401628292e-15
8.507417713e-25
8.454953606e-15
3.956271444e-31
1.545457202e-15
1.025674132e-30
2.12058609e-26
1.330305055e-29
6.869581952e-16
3.257397693e-25
7.969261642e-15
1.869371082e-27
2.476696462e-40
1.107719318e-24
5.462848093e-34
1.469844848e-23
5.20874796e-25
2.384387242e-30
1.97374103e-31
1.590796413e-14
1.071496667e-27
4.784846732e-42
3.445758701e-23
4.325454045e-30
2.204581827e-18
1.628269199e-17
2.776918944e-17
8.224598842e-33
0
1.18689346e-17
2.007929636e-17
8.981006683e-33
0
5.637802641e-17
2.19215208e-26
1.412383701e-16
6.608892054e-33
2.561491576e-17
1.699986204e-32
3.426037474e-28
6.213528328e-31
1.134071774e-17
5.377462815e-27
1.320845836e-16
6.938826104e-29
5.826477819e-42
2.208024319e-26
1.147529397e-35
2.987558963e-25
1.003100223e-26
9.1313052e-32
1.585170333e-32
2.626075682e-16
3.321288325e-28
2.278287528e-44
7.229166246e-25
6.932550651e-32
3.639386521e-20
2.687791344e-19
4.585301424e-19
1.362985706e-34
0
1.219532601e-14
6.561407857e-24
4.215352209e-14
1.972466896e-30
5.540800418e-15
3.677265644e-30
3.88025617e-25
1.061558408e-27
2.654136899e-16
1.258522015e-25
2.857132135e-14
1.971773554e-27
1.575434916e-40
5.570470184e-25
2.949016107e-34
8.429196095e-23
2.473207187e-25
1.108135381e-29
3.340186865e-30
6.146441212e-15
3.398350315e-28
2.542699886e-42
2.171856737e-23
1.615746223e-30
8.517582913e-19
2.560128078e-17
6.236240544e-17
1.381186703e-32
3.533721447e-27
1.22083147e-14
6.566152845e-24
4.222409615e-14
1.975769224e-30
5.546701675e-15
3.681182134e-30
3.884413297e-25
1.062717805e-27
2.658083882e-16
1.26039357e-25
2.860175152e-14
1.973727094e-27
1.577291419e-40
5.577739313e-25
2.952742488e-34
8.43615638e-23
2.476522873e-25
1.108984082e-29
3.342586488e-30
6.155581607e-15
3.403496137e-28
2.546550072e-42
2.17442537e-23
1.618192805e-30
8.530249459e-19
2.560353051e-17
6.236983037e-17
1.381300348e-32
3.534237959e-27
1.899533761e-17
4.627226592e-17
1.025355003e-32
2.901110223e-27
3.267512894e-18
9.102710245e-28
9.024001827e-18
4.222542775e-34
1.319577541e-18
8.757644978e-34
2.489478097e-29
0
5.132400689e-19
2.781332926e-28
6.804496748e-18
2.157490006e-30
2.382069368e-43
1.183135168e-27
6.419692982e-37
1.726979653e-26
5.006907464e-28
3.063129569e-33
2.54241981e-34
3.395772194e-18
2.317369311e-31
2.342934116e-43
3.680067422e-27
3.708715408e-33
1.88239238e-21
6.332927916e-21
1.499924272e-20
4.792129668e-36
0
1.172648474e-17
7.00776215e-27
4.505148681e-17
2.108071048e-33
4.735811555e-18
3.143018303e-33
4.649026026e-28
1.768345845e-30
1.985915316e-19
1.076193016e-28
2.442036961e-17
1.8991363e-30
1.51533369e-43
5.953707465e-28
3.467013849e-37
9.905195974e-26
2.379070958e-28
1.420823816e-32
4.282592592e-33
1.313993124e-18
3.483573038e-32
4.559565945e-42
2.32140438e-27
1.381819076e-33
7.283593878e-22
1.013703683e-20
3.457106912e-20
5.471947721e-36
3.280197029e-30
5.90519903e-17
1.497047606e-26
1.467773065e-16
6.868055424e-33
2.012175843e-17
1.335421463e-32
2.759962638e-28
0
8.944651453e-18
4.241347903e-27
1.037592902e-16
1.807327784e-29
2.165333363e-42
1.448221387e-26
7.151609824e-36
1.922143685e-25
4.538977437e-27
2.104608406e-32
1.761115138e-33
2.762079366e-16
1.980830989e-29
1.018989655e-43
7.504733311e-25
3.771251865e-32
5.741680408e-20
7.720071468e-20
3.047437843e-19
5.842641841e-35
0
3.897136735e-16
5.44742823e-26
4.843284961e-16
2.266288055e-32
4.426452215e-16
2.937705172e-31
2.428164671e-27
2.972881727e-31
2.362110391e-16
9.333819961e-26
2.282530331e-15
7.553397011e-28
8.995673175e-41
1.965314878e-25
6.534145183e-35
1.741415461e-24
1.844223133e-25
4.620040159e-31
4.522523888e-32
2.737443481e-15
2.755083586e-28
3.624604703e-41
6.09191924e-24
1.873895641e-30
1.011638566e-18
3.545740369e-18
8.28366192e-18
2.686576133e-33
0
3.348879726e-16
4.228307849e-26
4.161921922e-16
1.947461119e-32
3.803730042e-16
2.524422878e-31
2.087517554e-27
1.34959345e-30
2.028998428e-16
8.017536397e-26
1.961420724e-15
5.582096971e-28
7.353145847e-41
1.640711942e-25
5.399059165e-35
1.451617521e-24
1.542705451e-25
3.564020342e-31
2.963428543e-32
2.34939871e-15
1.650838737e-28
6.89241352e-43
5.102066639e-24
1.670843226e-30
8.682345538e-19
3.065398507e-18
7.161473608e-18
2.319819393e-33
0
1.872429802e-18
1.119102517e-27
7.189167631e-18
3.363990279e-34
7.561920635e-19
5.018623458e-34
9.62062665e-29
1.6230357e-30
3.171411197e-20
1.71862846e-29
3.899329478e-18
3.106055929e-31
2.420656637e-44
9.50949464e-29
5.53788291e-38
1.582244113e-26
3.799833514e-29
2.270608938e-33
6.844304374e-34
2.098383795e-19
1.819408938e-32
7.281244231e-43
3.71119859e-28
2.210794079e-34
1.163154894e-22
1.618836002e-21
5.520833381e-21
8.738486392e-37
3.388549829e-30
2.635346e-17
7.34186853e-27
7.27812495e-17
3.405605911e-33
1.0642784e-17
7.063300257e-33
2.0078359e-28
0
4.139433865e-18
2.243227761e-27
5.488028316e-17
1.744775919e-29
1.921244493e-42
9.542435582e-27
5.177743504e-36
1.392875681e-25
4.038260093e-27
2.470612267e-32
2.05070499e-33
2.73879147e-17
1.86938143e-30
1.916534612e-42
2.968111196e-26
2.991426325e-32
1.518205551e-20
5.107683089e-20
1.209730782e-19
3.864987887e-35
0
5.367360134e-16
1.361541016e-25
1.334089942e-15
6.242520665e-32
1.828909127e-16
1.213792776e-31
2.508542238e-27
0
8.130003437e-17
3.855060559e-26
9.430901018e-16
1.651078535e-28
1.968767815e-41
1.316568759e-25
6.501879344e-35
1.747428587e-24
4.12631644e-26
1.91438407e-31
1.60271807e-32
2.510531905e-15
1.805420611e-28
9.25165898e-43
6.822358552e-24
3.42855285e-31
5.218775392e-19
7.016661582e-19
2.769772291e-18
5.310334873e-34
0
3.857825849e-15
5.3961019e-25
4.794430164e-15
2.243427742e-31
4.38180206e-15
2.908072188e-30
2.403663779e-26
2.85365623e-30
2.338290013e-15
9.239694335e-25
2.259506163e-14
7.483763705e-27
8.907981958e-40
1.945879795e-24
6.46997302e-34
1.724212151e-23
1.825960731e-24
4.576733734e-30
4.48404039e-31
2.709853632e-14
2.733126779e-27
3.610394056e-40
6.031544328e-23
1.855965489e-29
1.001442571e-17
3.509986258e-17
8.200132124e-17
2.659490106e-32
0
1.695965907e-41
6.688690181e-51
2.107710246e-41
3.000710378e-56
1.926315423e-41
1.278437803e-56
1.306971065e-52
5.084162046e-52
1.027592925e-41
4.060507671e-51
9.933652026e-41
7.923211268e-51
7.833513474e-66
1.187486427e-50
3.908478448e-60
1.113947104e-49
0
2.048743663e-55
2.236744498e-55
1.189886617e-40
1.072339636e-51
2.660817388e-57
3.070121105e-49
0
4.397234504e-44
1.548118926e-43
0
0
2.650144638e-33
0.9354617863
0.01808573096
5.299368879
60.84568673
0.27751357
0.2798851377
2.214052726
0.02368746879
8.961377982
2.00964647
0.3394652685
1.723235724
2.742313305
0.1867077453
5.115188882e-23
0
5.177406854e-13
9.676786227
5.010065544e-14
2.80065927
161.3060503
0.7812556896
0
3.268924638
3.240716524
0.9051307032
0.417242019
0.1053205694
125.1597389
16.2646247
21.13166831
0.001998803695
0.4072038425
7.32729916
69.94848006
0.7062515806
1.792251084
0.002030500806
0.01598037339
2.983706206
0.2471535821
2.863437747
0.07043186429
45.32839401
35.18554468
17.60582261
178.2691271
6.904484486e-14
9998.269998
1.607259437
2.315663557
0.7350988019
48.16257877
0.03892698679
0.3892922672
11.50724832
0.1849383451
0.06359504157
0.1671142036
1.180406911
1.839406113
0.003957823829
40.76507153
1.441832545
0.05638017077
0.3485419808
0.0871504296
0.1964034328
20.15290188
1.043333267e-13
9.849334154e-11
1039.043757
0
220.5677808
22.08141163
11.10652086
0.3003639274
0.5103400698
105.3074442
0
0.2956188284
18.41232033
1.041509183
0.6519876099
1.10330354
0.0005590386915
0.002801980839
0.03272070074
7.346807674e-15
0.003646716229
0
0.2196978971
0.02854994646
2.330478592
0.2333081328
0.706256208
3.307561954e-06
1.352395537e-05
0.004860275406
0.01987036985
9.855143521e-14
0.003383519651
0.0004531596413
0.0003899235059
0.01442676606
0
0.0006784215377
0.001935492588
0
0.001106643651
0.003125195325
0.0005314942847
0.0003410980675
4.011464442e-05
0
0.0001063736831
0.1163971017
0.001354798733
0.001541510067
0.0002003206697
235.5837303
15.31340794
0.08191979687
0.5126505531
0.06661941708
9.007184235
0
0
0
0
37.69571667
88.80349666
