1897.48819999526
296.621582249479
6.24604590126912
205.621441371658
2.23073067968129
0
0
6.24604590126913
6.24604590126913
6.24604590126913
6.24604590126917
6.24604590126917
6.24604590126917
6.24604590126918
6.24604590126918
6.24604590126919
6.24604590126921
6.24604590126913
6.24604590126915
6.24604590126916
6.24604590126918
6.24604590126919
6.24604590126922
6.24604590126923
6.24604590126923
6.24604590126925
6.24604590126925
2.05449145232756
100.108066415417
24.0510434978382
0
0
0
0
0.212376562995683
0.0548298693929154
0
5.51378470597407
12.0016134026601
7999.91384354888
0.0142296220078327
0.000194679772144176
1117.4948083771
0.00814531872817932
0.0213574656209044
0.107707471552844
0.022022497388167
0.255459670233647
0.889293689401158
2.74558118608256
11.4089680427858
1.12275506290831
141.285299939411
49.17692429316
16.0240166969612
55.2985368332385
4.03230362533588
14.0370578435372
5.23470441490743
1.28438180909557
20.4465828328005
0.598471791409817
108.80305641718
11.6045548938601
4.20458873785545
41.64615141368
3.44358931207503
3.90066348967208
0.684200757104014
71.1678337825794
0.730065408777843
9.40292633352295
26.5190889809317
16.7404555095341
0.0839374047263521
0.149754925733521
8939.86218762996
0.00795076435946077
26.7003183347875
0.0172549426649756
0.293231566729631
0.335443858239709
0.0219220536234957
1.57407946430472e-18
7.4559126192912
1.47897431439051e-17
4.66268624319953e-21
0.946656905101132
1.17038113969889e-20
31.5969749112934
4.65391685504031e-22
1.77912966130333e-18
0.538238526687673
2.94382484200811e-18
90.454237470333
2.54135762474224e-17
1.27242433486065e-19
42.3974781600115
1.70415612673736e-23
3.20078730668294e-19
9.58430525528619e-23
31.871731209092
2.53860708979085e-19
763.375349353454
3.04102369305902e-21
1.14311900876524e-15
47.1112607909694
2.4031755193672e-19
1.11002512378868e-20
8.04791624139284
2.61594598699394e-19
117.680958419765
4.12644302379336e-22
8.07366144669728e-19
1.12293825221435e-17
1.14878543773471
3.77751400966994e-17
5.09573364841806e-32
7.3563773326191e-31
1.17991574101899e-32
3.2085419795152e-31
2260
2.01741237753994e-31
1.54749621578255e-26
55245.72496724
4.91529761530439e-24
4.91664798443225e-23
1638.55141099085
1.45784255997744e-25
8.85303533812207e-25
3.44209938939937e-24
0.539519168910227
2.93316933818774e-27
4.81561377842433e-24
4.55555312378492
5.52159220324124e-25
7.15038271086118e-25
2.18902260417197e-26
1.08383284446663e-22
1.50419926133399e-23
1.42402895294178e-14
0.123622195540046
0.0427561285902708
0.0233420052613169
2.9134222531667
1.00763989791622
0.526436348589723
0.0267366996125589
0
0.630107686465002
0.000560208722545082
0.0992960456098957
0.000621643417141111
2.94010637980823
0.00259036050345463
5.80427185618417e-15
3.49327845980072e-15
2.3800005737851e-16
7.66444503494835e-16
5.55691471951796e-19
1.07591218582502e-18
4.88883499803332e-19
23.7969374080209
4.98559172019891
0.884723818911705
0.185364205828035
0.105259061418544
4.32423176793494e-12
9.06101134602686e-13
1.82436768198963e-07
6.69280937372699
0.574189982748842
0.808085708299038
0.0218147928142246
0.0271390443629365
0.56628565146943
0.0210533984089091
0.00250480535148065
1.02901950262586e-13
0.000782728098214097
9.31240505264195e-05
3.82571242263975e-15
4.55159125827967e-16
1.87135721142872e-26
0.0447934040603586
0.000652998236919503
0.726899298099518
0.256295478364641
1.15160805070478e-15
7.22505684329071e-18
8.20955337329555e-28
7.06812810655254e-15
4.39520585061994e-16
3.61422690321622e-19
2.86432715621816e-15
1.81416132146633e-22
1.45293415616547e-14
3.35583889474811e-16
3.95659416617275e-27
5.73991605812651e-18
1.36548919245568e-16
7.59566118924116e-19
1.29511891454253e-24
3.05495719968933e-29
6.4334480312378e-28
7.03971086685017e-31
1.46310584083846e-26
7.91896013625594e-29
3.56671269855372e-27
4.04767153718937e-14
5.41059081982543e-27
2.48115337803757e-18
2.58833080030066e-19
2.70672061548232e-21
0
5.109894100295e-32
0
1.05802592028476e-34
1.45886656823656e-44
0
8.6651718189498e-29
9.65620376711294e-34
0
2.34696280471606e-38
3.1822696390166e-40
0.49863469760876
0.0185383476987839
9.06097931066465e-14
2.85109527722071e-15
1.80581488772549e-22
1.43489607324437e-14
0
3.34014974021944e-16
5.04032099027769e-32
3.94158975568911e-27
0
5.7358081997663e-18
1.29421207547392e-24
1.35910526023393e-16
3.05266519054702e-29
1.45769993200707e-44
6.42811471619503e-28
7.10633071717619e-31
1.45497279719016e-26
7.91524247690856e-29
3.60401686508213e-27
0
4.04507319765545e-14
8.67685968848319e-29
9.64719743943974e-34
5.41331315801868e-27
0
2.47945172885931e-18
2.58572658216619e-19
2.70276701087504e-21
2.34460143592861e-38
3.21395041836165e-40
3.61727606958832e-19
3.72641871745392e-21
3.27995646678218e-38
8.0642468613022e-40
1.65390248749435e-16
1.04752207873476e-23
8.38944465485058e-16
0
1.93770822708055e-17
3.20173335991789e-33
2.28571375435801e-28
8.06359102001261e-35
3.3143007963067e-19
7.47818192822322e-26
7.88450888839166e-18
1.76464854219298e-30
8.39729269363154e-46
3.70311770262658e-29
4.05208495827218e-32
8.42169411172219e-28
4.56042748403694e-30
2.05950320993982e-28
0
2.33718155861387e-15
4.99685941903191e-30
5.57561531152194e-35
3.16496337391089e-28
0
1.4326496266212e-19
1.49453528305366e-20
1.5628950255393e-22
1.35516630924787e-39
1.82930107182392e-41
1.02213359111032e-14
6.47385051230168e-22
7.15356641881591e-14
0
1.19748976034604e-15
2.07316228311411e-31
9.63704297347705e-27
2.51559214812904e-32
2.21607921228083e-18
5.00026250669734e-25
4.87256251535947e-16
1.18004161702007e-29
5.60727142931498e-45
2.47264337409853e-28
2.733527991395e-31
5.50513169175054e-26
3.04670524089021e-29
1.39241795386004e-27
0
1.56291257596835e-14
3.34642583968765e-29
3.72744844237903e-34
2.1295288091404e-27
0
9.57950377033013e-19
3.23402581614472e-19
4.94454764865775e-21
2.93244530265438e-38
5.90621282030899e-40
1.02322222238392e-14
6.48074553657782e-22
7.16554304648608e-14
0
1.19876515606169e-15
2.07519623855561e-31
9.64733814589829e-27
2.51516933131015e-32
2.21937475695873e-18
5.0076984270335e-25
4.87775208675875e-16
1.1817959558176e-29
5.61562935390949e-45
2.47632897539862e-28
2.73760245454826e-31
5.51101375840627e-26
3.05124483836528e-29
1.39448860361257e-27
0
1.56523678943897e-14
3.35140711221832e-29
3.73299155329357e-34
2.13266579425132e-27
0
9.59374950782315e-19
3.23431000928437e-19
4.94513635127494e-21
2.93270299412639e-38
5.90693636740479e-40
4.68551693097734e-19
7.16395955417426e-21
4.24858146177829e-38
7.5284927878052e-40
2.96128797879448e-18
2.08400481336957e-25
1.65594859338096e-17
0
3.08377247224155e-19
6.42828966920268e-35
5.46433995434503e-30
0
4.63365859921587e-21
1.19488691132478e-27
1.25478546642415e-19
3.17062746429013e-32
1.51230776480424e-47
7.37751904065778e-31
9.02121532366588e-34
1.81362049339387e-29
8.19041813232771e-32
4.88654571945045e-30
0
9.33662215888827e-18
2.00357738622147e-32
1.11311763993209e-37
6.24638216487396e-31
0
2.28917526386546e-21
2.08690250970343e-22
3.00981771798006e-24
1.89229388366889e-41
7.48687488623258e-43
1.06273084759884e-17
7.4788916642776e-25
8.26677246331926e-17
0
1.10671274637628e-18
1.91271862248021e-34
1.00608538476378e-29
3.19459429792626e-35
1.79293483754101e-21
4.62342671168546e-28
4.50319261881561e-19
1.22749198398022e-32
5.83277477025733e-48
2.85786395465473e-31
3.47534723163325e-34
7.15244670323554e-29
3.1691491893468e-32
1.93122012245077e-30
0
3.61281619339632e-18
7.73557557436088e-33
4.30816998807147e-38
2.46128219124037e-31
0
8.85756168746682e-22
2.70373009669995e-22
5.78744755862567e-24
2.45160093243114e-41
1.2617828214551e-41
7.23439645361577e-17
4.58208848060958e-24
3.64091903435262e-16
0
6.35649594778091e-18
0
7.51624303817209e-29
0
1.09161787054268e-19
2.4630942896919e-26
2.58645490867326e-18
3.87355415826083e-31
1.84529792195094e-46
1.21905408780326e-29
1.35252034988735e-32
2.73495059219097e-28
1.0048584320679e-30
9.28794299450495e-29
0
1.02657532189765e-15
2.2043502749021e-30
3.05689818511453e-35
1.71580105220256e-28
0
9.43868156221245e-20
3.43901662531495e-21
8.26648831891254e-23
3.11832013953143e-40
1.78771318514676e-41
5.80923196207903e-16
1.83971105557693e-23
1.46183191378263e-15
0
1.70142548234428e-16
3.40593791180187e-32
8.31786601065444e-28
0
3.50762217829602e-18
6.59541893996176e-25
6.92308934359642e-17
1.86675465351523e-29
8.90165959754196e-45
1.95567146136478e-28
1.44949640728348e-31
2.80522720690294e-27
4.84028939620453e-29
1.32905676075933e-27
0
1.23795569580451e-14
2.69036217416634e-29
2.92620925077083e-34
1.75109360902029e-27
0
2.02349888572254e-18
1.92187970151522e-19
2.73410318685554e-21
1.74265984332776e-38
5.92606542799196e-40
8.42065037220933e-16
2.66671828351734e-23
2.11896779630343e-15
0
2.46626562938223e-16
4.99463686048145e-32
1.16414931985306e-27
0
5.08238133948997e-18
9.55645532458841e-25
1.00352221965134e-16
2.70335726726241e-29
1.29157422821421e-44
2.84784802177601e-28
3.11518226141874e-31
4.29701927469535e-27
7.04248470159639e-29
1.59671415992956e-27
0
1.79221345018913e-14
4.05455334057154e-29
4.27092836696778e-34
2.39703223867827e-27
0
2.92946102797116e-18
2.80270949360381e-19
3.98718866179586e-21
2.54135016247111e-38
8.62146141181912e-40
2.0121316546505e-18
1.41608781856002e-25
1.56423093509592e-17
0
2.09540520502243e-19
3.53943082081656e-35
0
6.05590550395126e-36
3.395093517188e-22
8.7549004989966e-29
8.52616296537866e-20
2.3242103710461e-33
1.10445753774133e-48
5.41129348074819e-32
6.58087973200771e-35
1.75762503096013e-29
5.99879066453128e-33
3.65691963308978e-31
0
6.84121285667188e-19
1.46479902045359e-33
8.15793172802556e-39
4.66073781658084e-32
0
1.67726398268766e-22
5.11977074195573e-23
1.09591125910979e-24
4.64234073562036e-42
2.39979628547171e-42
2.83202042891403e-17
1.99303278797947e-24
1.58366233857318e-16
0
2.94915817105572e-18
6.17075116074532e-34
5.23179675504159e-29
0
4.43138855633766e-20
1.14272730093129e-26
1.20001097490714e-18
3.03222140258702e-31
1.44626928490098e-46
7.05494061527706e-30
8.62741710581921e-33
1.73401714922989e-28
7.83248642856819e-31
4.67187627665119e-29
0
8.92905726340664e-17
1.91612747158481e-31
1.06452468994341e-36
5.97370181482087e-30
0
2.18924753161219e-20
1.99579975652282e-21
2.87842553296462e-23
1.80968667905403e-40
7.1652218356938e-42
6.5730016751524e-16
4.16317716010102e-23
3.30805300280894e-15
0
5.77536201958919e-17
7.36045054773699e-33
6.82978384076642e-28
0
9.91820742196684e-19
2.23791496456522e-25
2.34999180944936e-17
3.51944751744756e-30
1.67640437330046e-45
1.10740635544616e-28
1.22887408025214e-31
2.48333801682412e-27
9.13020680151264e-30
8.4192432656942e-28
0
9.32729374015856e-15
2.00294323701064e-29
2.77730165932072e-34
1.55888728492554e-27
0
8.57583008369942e-19
3.12448704227625e-20
7.51044221266468e-22
2.83312118872989e-39
1.62419377700857e-40
5.74845233583788e-15
1.82046289090895e-22
1.44653736229508e-14
0
1.68362416100455e-15
3.37053151072112e-31
8.23283066996796e-27
0
3.47093303431197e-17
6.52643195595914e-24
6.8506558661601e-16
1.84722831039631e-28
8.80846510975206e-44
1.93514754388212e-27
1.43434069786578e-30
2.7747712535621e-26
4.78966120695117e-28
1.31673103833907e-26
0
1.22501390272166e-13
2.66247916706796e-28
2.89545294882842e-33
1.73344979612188e-26
0
2.00234489048411e-17
1.90177847150124e-18
2.70550678876572e-20
1.72443310087154e-37
5.86403627411225e-39
3.57349810673233e-44
1.13134713007174e-51
8.99233084088341e-44
0
1.04661696693105e-44
7.82268670297694e-58
4.15717724206916e-54
0
3.80045244609925e-33
4.01937593920816e-53
4.22055487581016e-45
1.26034010792453e-56
1.55233301636307e-71
4.05803307651657e-55
7.04464547228127e-33
8.94103434768706e-54
9.09040355635972e-56
3.21126729008608e-54
7.43447087796464e-61
7.59874342717318e-43
1.25718968925591e-56
1.79616151386552e-62
2.3700713532923e-54
0
1.23235789668219e-46
1.0262477127948e-32
4.80713853838284e-31
0
1.20500019113512e-67
1.82664872195568
0.0633000541919088
5.29936853077718
232.407932083369
0.300072693360321
0.62806435543845
3.23616626896887
0.0164819004312782
22.7399571597964
3.5741081595159
0.0404794421620691
5.1697068323654
3.20526619501984
0.0125185341947406
4.24776277911458e-26
5.61326626448332e-28
1.23807042225025e-12
19.35357118212
2.3961082140056e-13
2.58836055851312
191.269649824856
1.17230020295044
0
6.11854991693361
2.92282346652924
0.753585800272439
0.361332280705797
0.0700523088091692
285.401741252207
24.9866175299111
21.8699454242359
0.00587774313366408
0.845079741519986
15.2033533979265
79.0505472878645
1.65641136482088
4.20360451097321
0.00166862694111175
0.027800958925977
0.895948906966335
0.157937840684073
2.47593508137194
0.0389170559342907
90.6567820105837
41.121608407561
20.5760561509474
349.641183778319
1.65133114063389e-13
9994.47769685943
4.97056612427663
0
2.58929178033766
63.2324002268654
0.553113913441399
5.53147842709269
14.8459416272925
0.737875199302827
0.833005597154291
0.00587135284464369
36.4548884846666
1.99549788875633
0.0580996721267324
46.6762742830954
23.4578461621964
0.201337469368396
0.214034279605531
0.616297466759925
0.430700655892324
20.9559597726473
2.59422354606949e-13
5.95705546466561e-10
2527.40361853606
0
428.227878255014
44.2862177562472
23.0494248763189
0.10838633846283
2.61668675003195
122.29250787831
0
0.0110407208270296
27.8213600944534
0.105517400669749
0.23005363269093
0.0261021276981987
0.000174070188617901
0.00628766609015012
0.0612443732826134
4.16636324190668e-14
0.00505722317940873
0
0.333216980832661
0.029172790670467
4.68265202640041
0.484267741191772
1.6564217222976
6.37510101213392e-06
2.30597864611371e-05
0.00342303281991588
0.0123802269024191
5.96057366944873e-13
0
0.00636857765343515
0.00554086702668002
0.23471578586717
0
0.0059196118453576
0.00246661750758253
0
2.6181148558701e-05
0.000316619855734016
0.002725151589357
4.06741448239979e-05
0.000236583887489496
0
0.000383974618276278
0.0930138537226119
0.000865125884827477
0.00224462016317759
0.000196514097185142
576.387394347449
13.2199795895902
0.0567801304667971
0.810253506963528
0.0709368288782656
3.25024288878832
0
0
0
0
18.702449146696
107.796764186563
