1897.49630861366
296.621582358328
6.24604589794961
205.621441481041
2.23073067971475
0
0
6.24604589794961
6.24604589794961
6.24604589794961
6.24604589794961
6.24604589794961
6.24604589794961
6.24604589794961
6.24604589794961
6.24604589794961
6.24604589794962
6.24604589794961
6.24604589794961
6.24604589794961
6.24604589794961
6.24604589794961
6.24604589794961
6.24604589794961
6.24604589794962
6.24604589794962
6.24604589794962
0.821796635788924
45.5036695920225
120.25522557708
0
0
0
0
0
0.0274149365299701
0
1.50375956579223
2.40032283991277
7996.7589168784
0.535533802066896
0.00697007799909845
1119.21836430089
0.233315555572885
0.589124275931758
3.85375843985759
0.787788769496337
0.255285709400528
0.889405518241356
2.74601569488735
11.4089251650976
1.12268600072031
141.286479325137
49.1878267518832
16.0234270040982
55.2985043023618
4.02938007635887
14.0382040319497
5.23080336079808
1.28314263824998
20.4420900217463
0.597849601600743
108.804300796798
11.6014211558306
4.20461256461742
41.6243464962359
3.44350048235255
3.90094655970464
0.684244222600594
71.167816027692
0.730115122462381
9.40299139527633
26.519063393329
16.7404683033355
0.0839242919715676
0.149754935738145
8950.11943465719
0.299689632988572
20.8888027890516
0.483002400280963
0.229443921224567
0.262236527596871
0.0171516511505421
6.18761809276813e-20
8.03111970021141
6.26228433171029e-19
2.11771706454236e-22
0.525920537981083
2.95315938557706e-22
26.555350311931
1.77646597472913e-23
2.54049882043611e-19
0.842460358914202
6.579729737363e-19
82.8260016453137
3.32292135991719e-18
9.59248773541616e-20
47.697166190156
1.44530967172265e-23
2.71612010356538e-19
6.83532759233949e-23
5.49512643710479
3.29964267239235e-20
641.235336234286
1.92574338735509e-21
7.68972624370966e-16
50.4763542140584
3.67679534817083e-20
8.01710249021303e-22
12.5179697747617
2.82842750963535e-20
88.2607247124224
2.23522776022462e-23
2.70034690612854e-20
3.63365498123242e-19
1.78610301725831
1.8291272151947e-18
7.13994573818906e-34
4.56740362725918e-33
3.49435732079599e-34
2.2454115386601e-33
2260
5.9851608972754e-33
4.10523566963066e-33
15543.1407859462
3.62487107922816e-31
3.53012944734331e-30
1474.6963686971
3.37630188575819e-32
2.6222513759339e-31
2.4876901404434e-31
0.539519204939341
2.11986059973744e-34
5.55152068693201e-31
4.55555342808688
1.92958853743154e-31
2.27809708023861e-31
1.30869916179495e-32
6.49976376764358e-30
1.54290393211983e-30
1.41746549484394e-15
0.0942603336106878
0.0289371450003165
0.00554102145451852
3.32549750155695
1.02090030572343
0.194378393320677
0.0597673325309346
0
2.10858700996376
0.000603425819400938
0.106956202704613
3.33586457795726e-05
0.901694273903773
0.000951723242021567
1.40407636351815e-15
1.18747701087466e-14
6.42908061658529e-17
2.31716167906513e-21
1.84561996629623e-18
3.97126043603435e-17
3.62402766465564e-15
50.0344524494386
5.05106246431397
3.79791752940541
0.383426063459952
1.73987038550754
3.34306032537464e-22
3.37588288584392e-23
1.65496689597826e-09
8.5732248333541
0.229676008480141
0.186712990535876
0.0218147935493377
0.0297962143744609
2.50340850835212
0.190023845404145
0.0870521433388513
1.67265853530953e-23
0.0144240276025505
0.00660780275844722
1.26965479926816e-24
5.81265264322448e-25
0
0.0734997028566457
3.48615126040976e-05
0.726899347090139
0.308939915110072
2.6237621957152e-16
1.9883181506133e-16
0
1.99122946558736e-15
5.31514245420025e-22
1.34666756279868e-18
2.86053919148396e-15
3.75360691197822e-25
7.16622981331616e-15
1.29966362961214e-15
0
6.84599648849841e-16
7.97348648165902e-15
3.45515552437184e-16
3.24618709297345e-25
0
0
0
0
2.65625097088025e-29
7.60324139925046e-31
1.46352600878127e-14
2.73813733174553e-27
2.20555172462024e-18
1.62729846329371e-17
2.77932219141663e-17
0
8.59009413702028e-31
5.26776475625919e-44
1.49880353157717e-31
0
0
6.5200590207513e-30
3.22297544049958e-30
0
6.0851003033714e-35
0
0.505182763821597
0.0383465925875185
3.37584331086893e-24
2.84737854309005e-15
3.73639811124533e-25
7.07733221906138e-15
0
1.2936456598609e-15
8.55031852138542e-31
0
5.42877746856571e-44
6.84139784495366e-16
3.24403343707278e-25
7.93656583359187e-15
0
0
0
0
0
2.76008670897433e-29
7.67866329252213e-31
0
1.46260514146321e-14
6.51595657343726e-30
3.17864368301824e-30
2.7331506772396e-27
0
2.20411259021934e-18
1.62635881687837e-17
2.77685095419082e-17
6.08158619262913e-35
0
1.18550076475499e-17
2.0078804758726e-17
4.43301601810038e-35
0
4.71919824811275e-17
6.19255298988232e-27
1.18225470503102e-16
0
2.14413084856904e-17
1.41715805018827e-32
0
8.66581909856417e-46
1.12941897318055e-17
5.35540048765376e-27
1.31542675049773e-16
0
0
0
0
0
4.36970735390258e-31
1.6114848535399e-32
0
2.4144584238312e-16
1.07565186703413e-31
5.31190589984121e-32
4.50441579718071e-29
0
3.63861089805685e-20
2.68463709143811e-19
4.58518916243262e-19
1.00387579904475e-36
0
1.02082610511293e-14
1.33622127853356e-24
3.52851705847476e-14
0
4.63800123632797e-15
3.06547582581765e-30
4.90744851256354e-27
3.11623672631394e-43
2.64324766818874e-16
1.25335862715591e-25
2.84541006791848e-14
0
0
0
0
0
1.08014010546287e-29
4.14172722861184e-31
0
5.65114206858076e-15
2.51761081670802e-30
4.63630028944523e-27
1.0482867472167e-27
0
8.51576668978579e-19
2.55710526425968e-17
6.23608786309999e-17
3.77365276076012e-35
0
1.02191334111974e-14
1.33764441697547e-24
3.53442455486721e-14
0
4.6429409630047e-15
3.06874072600123e-30
4.91269039893333e-27
3.11955769612756e-43
2.64717845735372e-16
1.25522250414736e-25
2.84844060004046e-14
0
0
0
0
0
1.08174976069202e-29
4.14696275727366e-31
0
5.65954590266769e-15
2.52135475912522e-30
4.64319989332878e-27
1.0498489336736e-27
0
8.52843053738053e-19
2.55732997237771e-17
6.2368303379528e-17
3.7744920290712e-35
0
1.89729080824791e-17
4.62711330828954e-17
2.76312930964365e-35
0
2.73511544612321e-18
3.98852065538e-28
7.55366164068407e-18
0
1.10457006058972e-18
7.30062809626643e-34
0
6.38028478074377e-47
5.11134377261651e-19
2.76992183385784e-28
6.77657965248122e-18
0
0
0
0
0
2.7701637834514e-32
9.84548474207194e-34
0
3.12213041185998e-18
1.39091992559235e-33
2.44429266973719e-34
2.78337194818914e-31
0
1.881991714212e-21
6.32549686993225e-21
1.49988754614287e-20
2.36533186918793e-38
0
9.81581116543644e-18
1.4259795720869e-27
3.77109507078019e-17
0
3.96417451341847e-18
2.62011166453604e-33
7.23439005310305e-30
4.23922680775894e-46
1.97776761943248e-19
1.07177767417757e-28
2.43201791608527e-17
0
0
0
0
0
1.0500463527972e-32
5.31188408052361e-34
0
1.20810751289495e-18
5.38217673772479e-34
3.30600504266638e-30
1.09885991493321e-31
0
7.2820407657932e-22
1.01250670828674e-20
3.4570222672057e-20
1.47448019302095e-38
0
4.94302598236397e-17
6.48928098883663e-27
1.22861911457265e-16
0
1.68431875457412e-17
1.11324625610918e-32
0
7.08612463276486e-46
8.90795388534327e-18
4.22394675983725e-27
1.03333592953199e-16
0
0
0
0
0
2.49328673291535e-31
6.7077192212858e-33
0
2.53950251202334e-16
1.1313572186317e-31
4.44585124752448e-32
5.35657586262051e-29
0
5.7404582868164e-20
7.71101273690242e-20
3.04736323629703e-19
2.88342557878697e-37
0
3.262150531073e-16
2.14122866050027e-26
4.05413658697054e-16
1.80052480367338e-30
3.70522114681269e-16
2.44895666124978e-31
0
6.24472035107811e-45
2.35241927065517e-16
9.29552574021746e-26
2.27316570684432e-15
0
0
0
0
8.05928246993339e-30
2.24682611176609e-29
1.38633685462232e-31
0
2.51685186467681e-15
1.12126663049014e-30
2.41136466246259e-31
4.76105594223366e-28
0
1.011423197514e-18
3.54157965240879e-18
8.28345912669763e-18
1.32432147811998e-35
0
2.80322465188227e-16
1.83922920142886e-26
3.48379252105087e-16
0
3.1839632047896e-16
2.10443249264348e-31
0
5.34435549592701e-45
2.0206739777984e-16
7.98464253694886e-26
1.95337352632581e-15
1.79002021516522e-30
0
0
0
0
1.01591236025858e-29
2.17684598166304e-31
0
2.16007693321408e-15
9.62321788763328e-31
3.55483910348674e-31
3.96008661622342e-28
0
8.68049750734261e-19
3.06180157378545e-18
7.16129828111276e-18
1.1449180596663e-35
0
1.56734245461537e-18
2.23490077547985e-28
6.01778910452722e-18
0
6.32980698960801e-19
4.18367079286916e-34
4.93188574508514e-30
6.76900063797587e-47
3.15839972147573e-20
1.71157737358773e-29
3.88333154315663e-18
0
0
0
0
0
1.95833619493653e-33
8.48469638814605e-35
0
1.9292895703087e-19
8.59507730786899e-35
4.74791195129326e-31
1.7800925059978e-32
0
1.16290687027409e-22
1.61692448940916e-21
5.52069821636396e-21
2.3543577288443e-39
0
2.20595168032359e-17
3.21686858189872e-27
6.09225201535139e-17
0
8.90868495019736e-18
5.88817296150911e-33
0
5.14597621086504e-46
4.12245084061196e-18
2.23402437801035e-27
5.46551235664216e-17
0
0
0
0
0
2.23576497006909e-31
7.94080167281181e-33
0
2.51809122111074e-17
1.12181837152113e-32
1.95906677298675e-33
2.24313413139642e-30
0
1.51788240337729e-20
5.10168974789483e-20
1.20970116253099e-19
1.90770615905392e-37
0
4.49282072662703e-16
5.89838018291836e-26
1.11671786528669e-15
0
1.53091289380158e-16
1.01185303732011e-31
0
6.44156004367384e-45
8.09664815685058e-17
3.83924425158303e-26
9.39220849325728e-16
0
0
0
0
0
2.2707248361783e-30
6.09857050223431e-32
0
2.30822551952392e-15
1.02832251470632e-30
3.9131509204574e-31
4.84605989257258e-28
0
5.21766457042177e-19
7.00842823071335e-19
2.76970448146492e-18
2.62070387201468e-36
0
3.22924482692383e-15
2.11963603163435e-25
4.01324202436822e-15
1.81521134820636e-29
3.66784613615549e-15
2.42425374159408e-30
0
6.1819057141367e-44
2.32869662165e-15
9.20178628772938e-25
2.25023600062599e-14
0
0
0
0
8.15227324946352e-29
2.23318069987159e-28
1.37277392098214e-30
0
2.49148529045792e-14
1.10996573226676e-29
2.37712038180642e-30
4.71439619889617e-27
0
1.00122937254255e-17
3.50586749653823e-17
8.19993137562213e-17
1.31096744005169e-34
0
1.14791974144474e-33
6.95266915155515e-56
1.31541163512316e-45
9.38863244522014e-59
1.20220197352724e-45
7.92061747743893e-61
0
2.87728481937268e-73
8.64741048407457e-46
3.41700256168427e-55
8.35937700157248e-45
1.1636457178484e-58
2.13007463675494e-32
5.18368935938108e-58
6.45663145850927e-68
2.65289475663927e-57
0
7.15534843507323e-33
3.20710757856977e-73
8.74600659089285e-45
3.17745289845477e-59
0
1.12938599090192e-56
0
3.72378720683224e-48
1.01091783442679e-46
2.36445230924374e-46
5.09719791605033e-65
2.78672877700693e-58
0.935461787041445
0.0180857309777708
5.29936888440019
60.8456867820237
0.277513569371575
0.279885138875728
2.21405272806113
0.0236874687986359
8.96137799227713
2.00964647389315
0.33946526774243
1.72323572557927
2.7423133084519
0.186707744603076
4.33425006921134e-27
4.5021128826012e-29
4.67644760779648e-13
9.67678623725993
4.52529803298298e-14
2.8006592700067
161.306050446839
0.781255690974223
0
3.26892465380458
3.2407165188256
0.905130701961808
0.417242019308035
0.1053205693283
125.159739236153
16.2646247231759
21.1316683047293
0.00199880369569912
0.407203845001269
7.3272992065382
69.9483507968743
0.706250279908024
1.79224778293462
0.00203050125437603
0.0159803712157393
2.98370623766111
0.247153496496342
2.86343775320163
0.0704318400526043
45.3283940427549
35.1855445015527
17.6058225201252
178.269127062505
6.23641551165419e-14
9998.26999783922
1.60725943277083
2.31566356709409
0.735098800715266
48.1625788308193
0.0389269866538672
0.389292265884336
11.5072483362322
0.184938344727999
0.063595041290486
0.167114203718354
1.18040691117117
1.83940611540344
0.00395782381505931
40.7650715791933
1.44183254144122
0.0563801707788292
0.34854198121291
0.0871504295998583
0.196403433049648
20.1529019111692
9.42381677830515e-14
8.89632440985749e-11
1039.04378104533
0
220.567782177601
22.0814117650524
11.1065209250262
0.300363928375471
0.5103400697245
105.307444307393
0
0.295618828529111
18.4123203582978
1.04150918005223
0.651987609059571
1.10330353457262
0.000559038690074368
0.00280198085054094
0.0327207008929135
6.63593999984661e-15
0.00364671623615053
0
0.219697897558158
0.028549946476894
2.33047860694274
0.233308134222942
0.706254907319373
3.30755659234252e-06
1.35239584425392e-05
0.0048602665054852
0.0198703701844696
8.90157266915465e-14
0.00338351965571881
0.000453159639712705
0.000389923504631809
0.0144267660258859
0
0.000678421536226175
0.00193549260209206
0
0.00110664364522203
0.00312519531603978
0.000531494284558629
0.000341098066707329
4.01146446940004e-05
0
0.0001063736692802
0.116397101851372
0.00135479873544933
0.00154151007380559
0.00020032067029268
235.583730964721
15.3134079601708
0.0819197966413589
0.512650552874009
0.0666194169747513
9.00718426414687
0
0
0
0
37.6957165967259
88.8034967362912
