1897.4987257739
296.621582250177
6.2460459012474
205.621441372362
2.2307306796813
0
0
6.2460459012474
6.2460459012474
6.2460459012474
6.2460459012474
6.2460459012474
6.2460459012474
6.2460459012474
6.2460459012474
6.2460459012474
6.2460459012474
6.2460459012474
6.2460459012474
6.2460459012474
6.2460459012474
6.2460459012474
6.2460459012474
6.2460459012474
6.2460459012474
6.2460459012474
6.2460459012474
2.05449145233489
100.10806641588
24.0510434979491
0
0
0
0
0.212376562996512
0.0548298693931085
0
5.51378470599893
12.0016134027074
7952.54529948362
7.86857102501488
0.0608185920618917
1155.00796665166
1.00597571398952
1.82025998231878
33.473459244907
6.82541431167436
0.255592585369646
0.89070741718148
2.75105951979851
11.408053397036
1.12191099708695
141.300163915307
49.4078281921474
16.0165847090132
55.2985590963906
4.03420086527174
14.0586732118977
5.15177165605117
1.26056798854584
20.3905257049685
0.585196273826932
108.829607452346
11.5363491515794
4.20507131819701
41.1843436157035
3.44311053833342
3.90046977247172
0.684171011258129
71.1678459331384
0.73003138721243
9.40288180721866
26.5191064919556
16.7404467540222
0.0837036395499133
0.149754925733521
9185.25317606187
4.54413111002835
22.3255540429081
4.48388114025171
0.2456757119381
0.276038775657323
0.0183293962637214
1.58279516678982e-18
7.45591261934414
1.48716375969107e-17
4.68850898511029e-21
0.946656905104473
1.1768639262363e-20
31.5969749115589
4.67969103378952e-22
1.79194383023793e-18
0.538238526689652
2.9650962365484e-18
90.4542374721971
2.55969191998795e-17
1.28160422987983e-19
42.3974782327937
1.71645079076924e-23
3.22566440479652e-19
9.65879649427165e-23
31.8717312092091
2.5569224477472e-19
763.375349359361
3.06296320541773e-21
1.22307344300015e-15
47.111260791288
2.42053649358761e-19
1.11836738952465e-20
8.0479162414723
2.63567266041395e-19
117.680958420708
4.1574549488815e-22
8.13670264872802e-19
1.13172021139345e-17
1.14878543774605
3.8071634491383e-17
4.0466396539498e-33
1.36136284997946e-32
0
3.41618723183427e-36
2260
0
4.75814755236539e-32
55245.7249695953
1.51132780263565e-29
1.52082174931662e-28
1638.55141100678
4.48253986675514e-31
3.25060750247924e-30
1.06790525704663e-29
0.539519168912656
9.10037203456837e-33
1.86970912949334e-29
4.55555312382373
3.9654833747346e-30
5.20459585385655e-30
1.40704371650052e-31
7.89692369350647e-28
9.83912100204077e-29
1.60781358565454e-14
0.123622195537535
0.0427561285900072
0.0233420052611788
2.91342225313643
1.00763989791996
0.526436348591808
0.0267366996119162
0
0.630107686456115
0.000560208722555573
0.0992960456117544
0.000621643417133376
2.94010637985429
0.00259036050351279
5.39123756421165e-15
3.49250712947111e-15
2.22731593087925e-16
7.6634854400071e-16
5.54257559624484e-19
1.0748678746683e-18
4.88880025726921e-19
23.7969374079374
4.9855917203946
0.884723818908368
0.185364205835262
0.105259061418976
5.07276313860613e-17
1.06294867675779e-17
1.82436768191067e-07
6.69280937375678
0.574189982750897
0.808085708302584
0.0218147928142632
0.0271390443629853
0.566285651465453
0.0210533984087557
0.00250480535148213
1.20714440899267e-18
0.000782728098208193
9.31240505264504e-05
4.48794930476773e-20
5.33947891706375e-21
8.52147434256645e-33
0.0447934040607574
0.000652998236925232
0.726899298102751
0.256295478365609
1.06965916414979e-15
7.22346152058909e-18
5.05676983863473e-28
6.6146850994678e-15
4.39465556717886e-16
3.60491661539185e-19
2.66050049740833e-15
1.68506299005981e-22
1.34954278418499e-14
3.11703606528177e-16
4.78140678022348e-29
5.73864866042639e-18
1.36518768672655e-16
7.59398403557791e-19
1.29483409936958e-24
1.08851352810786e-30
4.97187735450976e-28
1.23724523022522e-30
1.24797028868812e-26
6.62069814215107e-29
8.51970990968206e-30
3.7880004720813e-14
1.79159530713945e-30
2.47476385078207e-18
2.58581819397087e-19
2.70670209154666e-21
2.0440728311907e-30
2.11968565106302e-33
0
1.05585445323164e-34
0
1.66958685194956e-30
6.45501461302454e-29
9.65362696922969e-34
0
0
6.07418062740296e-28
0.498634697628333
0.0185383476995067
1.06294491868674e-18
2.64821020417899e-15
1.67731052137438e-22
1.3327882984132e-14
2.01308866671479e-30
3.10246335722452e-16
0
4.79846033948124e-29
0
5.73454170909584e-18
1.29392747145403e-24
1.35880516410365e-16
1.09914058815031e-30
0
4.97723996095163e-28
1.24647872696284e-30
1.2436999700859e-26
6.63341754949882e-29
8.55776919376482e-30
1.66820870375952e-30
3.78556882433209e-14
6.45087004670142e-29
9.64430851353748e-34
1.79068385361454e-30
0
2.47306658572804e-18
2.58321650357933e-19
2.70274851156261e-21
0
6.03702500288384e-28
3.61376459444555e-19
3.72639297390561e-21
0
5.51836821132317e-28
1.53621012917113e-16
9.72978911986505e-24
7.79244843906052e-16
1.15507992550854e-31
1.79982013953461e-17
4.41785791127034e-34
2.94604039651117e-30
0
3.31356898467554e-19
7.47653736246061e-26
7.88276795579593e-18
5.89166787292098e-32
0
0
1.520455157881e-31
9.25897342099643e-28
4.83742889680378e-30
1.49461711549936e-30
2.89118361833524e-31
2.18724389216661e-15
3.7272579898279e-30
5.58005437220927e-35
9.35385211359049e-32
9.23610400804667e-34
1.42896032399631e-19
1.4930844585463e-20
1.56288429921817e-22
0
3.36807790924178e-29
9.49398158537189e-15
6.01311184578233e-22
6.64451578947566e-14
9.79751547789207e-30
1.11227591307687e-15
3.12882998975235e-32
4.21253676721962e-28
0
2.21558989260882e-18
4.9991629147481e-25
4.87148663311881e-16
4.15811525876042e-31
0
2.72039673630537e-28
1.26029580787709e-30
6.52879586817397e-26
3.48186064881239e-29
1.58179679183909e-29
4.27773655091517e-29
1.46264673925227e-14
2.49255873796366e-29
3.72413891560951e-34
5.4576772631545e-31
9.58378074596966e-33
9.55483526198947e-19
3.23088617935929e-19
4.94450271323017e-21
4.42800983019094e-34
3.07917449778351e-25
9.50409322376703e-15
6.01951615671822e-22
6.65564015556109e-14
9.81414503528719e-30
1.11346055112652e-15
3.13016266298748e-32
4.21700827871045e-28
0
2.21888470961652e-18
5.00659719987945e-25
4.876675058639e-16
4.16436790588943e-31
0
2.72381542630573e-28
1.26155813761549e-30
6.53442776198403e-26
3.48631610706032e-29
1.58316575582674e-29
4.28419591110964e-29
1.46482184700075e-14
2.49626534697477e-29
3.72967881306878e-34
5.46694323883672e-31
9.58550135581724e-33
9.56904431412143e-19
3.23117009664069e-19
4.94509141074672e-21
4.42799885181079e-34
3.07968997534374e-25
4.6809681679875e-19
7.16389413048165e-21
6.47285920848854e-34
4.59330517447532e-25
2.75056154924563e-18
1.93569861339773e-25
1.53811063332715e-17
3.24782744672366e-33
2.86432999745649e-19
6.37099047996436e-38
1.98204323142764e-31
0
4.6326354677149e-21
1.19462415675584e-27
1.25450840450951e-19
3.293604093082e-33
0
5.75224596086759e-31
1.97466715195642e-32
1.58076555569015e-29
6.89840709865097e-32
1.35265288216271e-32
5.70131045414022e-33
8.73764800816258e-18
1.48895528783992e-32
1.11278299922628e-37
2.06681250111969e-34
0
2.28328012581399e-21
2.0848766463998e-22
3.00979692367496e-24
0
4.45670176594065e-31
9.87106498094803e-18
6.94660028044857e-25
7.67850564924815e-17
1.12661007176449e-32
1.02795862747328e-18
2.89291197675862e-35
6.56722834399266e-31
0
1.79253894989347e-21
4.62240998735803e-28
4.50219829488463e-19
4.32537839936981e-34
0
3.14383122864709e-31
1.60209789092822e-33
8.29566649524581e-29
3.62148192603708e-32
2.19349174158583e-32
8.56003057536482e-32
3.38104248817784e-18
5.76177870958839e-33
4.30434590437579e-38
6.30868014126189e-35
8.85524415791179e-36
8.83475227635802e-22
2.70110530648506e-22
5.78739360939282e-24
3.73525237085121e-37
4.30746922161533e-28
6.71959392682947e-17
4.25602388906794e-24
3.381829788902e-16
7.48323366145562e-32
5.90416516989064e-18
0
9.04013811727405e-31
0
1.0913768367115e-19
2.46255506083376e-26
2.58588380861437e-18
3.12560390779626e-32
0
9.53998420712248e-30
2.83320630615371e-32
2.38212515756235e-28
8.46702305400986e-31
6.57627207721799e-32
4.02807609559697e-32
9.60717234158451e-16
1.63712767103242e-30
3.05596762494608e-35
5.68319743444507e-32
0
9.41437485786355e-20
3.43567819504022e-21
8.26643123240631e-23
0
1.22356058793093e-29
5.39584470690943e-16
1.70879707164679e-23
1.35780737383977e-15
1.87241370629128e-31
1.58035136882668e-16
0
8.99630160365509e-30
0
3.50684768048766e-18
6.59396859443077e-25
6.92156069651692e-17
6.37383420810168e-31
0
1.60480959688815e-28
0
2.6616455686633e-27
4.24757367750435e-29
3.1440261186592e-30
7.24471525877105e-31
1.15853688152412e-14
1.97421739524347e-29
2.92090013572573e-34
5.50390526249471e-31
0
2.01828794533527e-18
1.92001403153749e-19
2.73408427042355e-21
0
3.63040309397018e-28
7.82143354512406e-16
2.47695087203738e-23
1.96818120580229e-15
2.73459094997383e-32
2.29076518703292e-16
0
1.55730752035626e-29
0
5.08125912824947e-18
9.55435370012501e-25
1.00330063774879e-16
9.70093719806628e-31
0
2.21618332515532e-28
4.13209844804442e-31
3.69032337437082e-27
5.90330916904588e-29
4.14795837744323e-30
3.82284733387372e-31
1.67723722961125e-14
2.85812693428108e-29
4.26963662553023e-34
7.93670030600724e-31
0
2.92191701313008e-18
2.79998875957176e-19
3.98716110856988e-21
0
5.90184507500377e-28
1.86894756638714e-18
1.31524336354317e-25
1.4529196400672e-17
1.98695895512143e-33
1.9462953378091e-19
5.53915571914996e-36
7.32359542929993e-32
0
3.39434386609802e-22
8.75297520765818e-29
8.52428035266358e-20
8.19038354084959e-35
0
5.95449227346377e-32
3.04057729875007e-34
1.57098303854318e-29
6.85903114740822e-33
4.16511850893457e-33
1.07094998420642e-31
6.40232718771328e-19
1.0910479195759e-33
8.15068679232677e-39
1.19435945113745e-35
1.67899852750493e-36
1.67294480276444e-22
5.11480114093262e-23
1.09589817883152e-24
7.07369060482871e-38
2.35199916404416e-28
2.63049272960592e-17
1.8512004540467e-24
1.47096829714873e-16
3.118072707215e-32
2.73929490345994e-18
6.19878412294163e-37
1.89551753979722e-30
0
4.43041008694365e-20
1.14247601631568e-26
1.19974600743692e-18
3.17780980391222e-32
0
5.50124314285488e-30
1.88855741989164e-31
1.51178385064608e-28
6.59737593470208e-31
1.29578455043596e-31
5.49727391521776e-32
8.35622970331888e-17
1.42395898518238e-31
1.06420464251043e-36
1.97659414293571e-33
0
2.18360972982886e-20
1.9938623313432e-21
2.87840564642395e-23
0
4.26214132492422e-30
6.1052642636579e-16
3.86692273651549e-23
3.07265063644985e-15
6.90925209341865e-31
5.36438496298763e-17
0
8.21329870754246e-30
0
9.91601743992438e-19
2.23742506791506e-25
2.34947292143151e-17
2.92015758386065e-31
0
8.67061216925884e-29
2.63736194200461e-31
2.16498183274278e-27
7.69507520836846e-30
5.77367192672484e-31
3.66175603234642e-31
8.72891803756199e-15
1.48746712126445e-29
2.77645557900518e-34
5.16376825571728e-31
0
8.55374541436869e-19
3.12145394201073e-20
7.51039034826021e-22
0
1.11162873693852e-28
5.33939018302707e-15
1.69091862430631e-22
1.34360118871441e-14
1.85158325414597e-30
1.56381679658822e-15
0
8.90209676685242e-29
0
3.47016663762149e-17
6.52499678079418e-24
6.84914321269529e-16
6.30491697356738e-30
0
1.58854355163171e-27
0
2.63460257219907e-26
4.20434955678136e-28
3.11328829493638e-29
7.15473582951878e-30
1.1464253458283e-13
1.95357854254574e-28
2.89017145825967e-33
5.446515814776e-30
0
1.99718842627713e-17
1.89993231484381e-18
2.70548807014531e-20
0
3.59184861087093e-27
7.11140078378898e-45
7.83989482127655e-35
1.78961252613219e-44
0
2.08292918401495e-45
1.14801675966366e-60
0
6.02453535361155e-35
4.62180335671102e-47
8.69043339224152e-54
9.12578004650338e-46
2.17485005308266e-58
0
0
2.69908903802771e-33
0
0
8.55063612835515e-57
1.46865598799112e-57
1.52512654381351e-43
3.29617238723764e-58
0
0
0
2.65769466399642e-47
2.54668883488528e-48
3.62647484774407e-50
0
1.2020807197188e-56
1.82664872196223
0.063300054192134
5.29936853080058
232.407932084294
0.300072693352806
0.628064355449575
3.23616626898333
0.0164819004312755
22.7399571599124
3.57410815953379
0.0404794421618912
5.16970683238669
3.20526619503191
0.0125185341946231
9.18677266720851e-27
8.28151185347872e-31
1.15618490570035e-12
19.3535711822046
2.23763050928457e-13
2.58836055851187
191.26964982582
1.17230020296019
0
6.11854991709417
2.92282346648097
0.753585800259675
0.361332280711829
0.0700523088091336
285.401741255147
24.9866175298929
21.8699454239785
0.00587774313365081
0.845079741556122
15.2033533985813
79.0505458981686
1.65641133577217
4.20360443724699
0.00166862694607323
0.027800958903934
0.895948907154178
0.157937840122506
2.47593508140504
0.0389170557964191
90.6567820109017
41.1216084072255
20.5760561507795
349.641183778054
1.54211271427682e-13
9994.47769685945
4.97056612427569
0
2.58929178034578
63.2324002271283
0.553113913445751
5.53147842713621
14.8459416273576
0.737875199305922
0.833005597157429
0.00587135284463975
36.4548884848392
1.99549788876451
0.058099672127189
46.6762742831842
23.4578461624256
0.201337469369697
0.214034279605095
0.616297466764379
0.430700655894229
20.9559597727756
2.42264256703528e-13
5.56305803821598e-10
2527.40362160571
0
428.227878283077
44.2862177586566
23.0494248773046
0.108386338462399
2.61668675004216
122.292507878819
0
0.0110407208270184
27.8213600945778
0.10551740066923
0.230053632686424
0.0261021276974423
0.000174070188614132
0.00628766609026152
0.061244373284221
3.89080152907974e-14
0.00505722317944832
0
0.333216980835925
0.029172790670431
4.68265202665216
0.484267741212418
1.65642169324877
6.37510091927779e-06
2.3059786530696e-05
0.00342303276059756
0.0123802269055479
5.5663435539179e-13
0
0.00636857765348183
0.00554086702672361
0.234715785869463
0
0.00591961184539211
0.00246661750768299
0
2.61811485579424e-05
0.000316619855732459
0.00272515158936761
4.06741448238196e-05
0.000236583887501833
0
0.000383974617988367
0.0930138537241384
0.000865125884855873
0.00224462016327439
0.000196514097191449
576.38739436111
13.2199795896446
0.0567801304648736
0.810253506944427
0.0709368288758109
3.2502428887754
0
0
0
0
18.7024491462825
107.796764186735
