1897.38423054604
296.638574783778
6.245527781052
205.638517369401
2.23073593272921
0
1.75725892502007e-34
6.24552778103749
6.24552778101242
6.24552778101089
6.24552778086649
6.24552778086071
6.24552778084745
6.24552778084563
6.24552778081086
6.24552778076757
6.24552778071051
6.24552778101763
6.24552778096522
6.24552778089446
6.24552778085194
6.2455277807935
6.2455277806711
6.24552778062566
6.24552778059717
6.24552778054947
6.24552778053122
0.821808366469237
45.5043205315014
120.256945778303
0
0
0
0
0
0.027216089471735
0
1.50378107247935
2.40035712968241
7996.75853627821
0.535597205660444
0.00697086199021724
1119.21611787074
0.233335952331731
0.589174888350238
3.85419160524885
0.787877284021073
0.255285112389999
0.889405536164519
2.74601576853231
11.4089252232589
1.122685983022
141.286479525156
49.1878125322855
16.0234269041522
55.2985041934902
4.02937013045798
14.0382024925887
5.23080844983173
1.28314383202276
20.4420891514531
0.597850445545158
108.804299108853
11.6014252634129
4.20461253034627
41.6243749367491
3.44350030034793
3.90094750703747
0.68424436806318
71.167815968273
0.730115288836056
9.40299161301985
26.519063307697
16.7404683461515
0.0839243062386035
0.149754935738145
8950.10104456975
0.299724512634683
20.8711311607654
0.482648031118872
0.229249821103978
0.262014934174115
0.0171371447422374
4.66668634860249e-18
8.03123515135507
4.7230727684487e-17
1.59712791329186e-20
0.525928044660879
2.22707279486857e-20
26.5466074375561
1.33932395524421e-21
0.00036740952868279
0.841521880112865
0.000950507271181526
80.8007502581567
0.00468813592530238
0.000137148463803919
47.6953949206976
2.06635281231689e-08
0.000388322981138698
9.76923258555423e-08
5.4778252145571
4.70280626243519e-05
640.14705706649
2.74865616589519e-06
1.09750455166877
50.4768636739424
5.31747294846802e-05
1.16099998189828e-06
12.5002028782228
4.09018566233582e-05
88.2603288274535
3.23693973770092e-08
5.75330274004738e-05
0.000772054365966875
1.7835631380481
0.00388087916945504
1.8846953951979e-05
9.47378234316618e-05
1.12312417058169e-08
5.64559861056929e-08
2259.99920740439
8.01814950270309e-08
8.01814562767546e-06
15543.3560688978
0.00071651982771756
0.00716330308064287
1474.62458657534
6.79774528768017e-05
0.000542844527497423
0.000501364763369903
0.520019815669719
4.11793194421081e-07
0.00114543037998366
4.52793696560082
0.000415143763066447
0.000479487397462021
2.84219965011604e-05
0.01398222509299
0.00335042881598327
2.02009104051017
0.0946305754304202
0.0290542010357068
0.00554875768258793
3.33382114970079
1.02357519713441
0.194373510671812
0.0600493301757058
1.67410985599577e-08
2.11552900374878
0.000606348576629986
0.10747425646582
3.34900253671382e-05
0.905345441864727
0.000955580686015161
1.28460069458194e-15
1.18465185106139e-14
6.16610150137971e-17
2.35120203265063e-21
1.80132899724315e-18
4.04703141182395e-17
3.62400133553589e-15
50.0345725205806
5.05170476129423
3.7981886286584
0.383501272724361
1.73996243337939
3.37406535331761e-17
3.40718047687528e-18
1.65496689867819e-09
8.57334539166347
0.229679287049369
0.186715659340534
0.0218149506343068
0.0297964320763753
2.50342052357227
0.190037865547291
0.0870569577500652
1.68817483980479e-18
0.014426086879847
0.00660862404106257
1.28152128115862e-19
5.87067884724155e-20
1.02937875878868e-28
0.0735017700046338
3.48625092056949e-05
0.726909818435684
0.308944429801513
2.40046407538519e-16
1.98365857004185e-16
0
1.90977752266057e-15
5.39330057041435e-22
1.31424893784714e-18
2.6172560582533e-15
3.48204124127924e-25
6.55632012328525e-15
1.18910425753564e-15
3.64393597723953e-27
6.83042977236631e-16
7.95479534252143e-15
3.44724080897562e-16
3.23857445175422e-25
0
0
0
0
0
2.70238171288349e-31
1.40367906759365e-14
0
2.15246128508728e-18
1.65820811450873e-17
2.77928367529976e-17
1.16581789729802e-29
7.84067256223926e-31
9.61467827659514e-43
1.49181038128758e-31
0
1.57499894250669e-31
2.32022647300323e-26
0
0
0
2.03122031242107e-27
0.505247003249183
0.0383541142958286
3.40715555102163e-19
2.60521451230847e-15
3.46623597097741e-25
6.47498734517372e-15
1.18945498982146e-29
1.1835981253298e-15
7.80436643104694e-31
3.62982930597543e-27
9.56825435907903e-43
6.82584141386104e-16
3.23642577502892e-25
7.91796059217778e-15
0
0
0
0
0
0
2.69930559726052e-31
1.60743124995504e-31
1.40279584076853e-14
2.32224843556282e-26
0
0
0
2.15105675034973e-18
1.65725051982507e-17
2.77681223841695e-17
0
2.03984138817017e-27
1.2080268124834e-17
2.00786048806936e-17
0
2.47678506798256e-27
4.3179015191058e-17
5.89079781275973e-27
1.0816497882818e-16
3.74637835139814e-31
1.96176261158942e-17
1.29354005125607e-32
8.68871710166953e-29
1.70789061189234e-44
1.12686693813305e-17
5.34291779281548e-27
1.31236191128991e-16
0
0
5.12774979146693e-31
1.5237312863988e-40
6.9826906385906e-30
0
4.29973039624423e-33
1.44004239761634e-32
2.31575872637391e-16
4.03100073687181e-28
0
0
0
3.55107565741505e-20
2.73566935821777e-19
4.58519106640056e-19
0
3.9531630878257e-29
9.34019348617404e-15
1.27115094994992e-24
3.22825130092773e-14
1.09150292925816e-28
4.24351396108564e-15
2.7980733423692e-30
6.13984527989832e-26
3.29371929530738e-42
2.63726440225548e-16
1.25043219091892e-25
2.83877792211686e-14
0
0
2.70691905352273e-29
9.95668728347078e-39
3.91068809029299e-27
0
9.96245520167463e-32
4.48366131933687e-31
5.42010994258729e-15
1.22458870412186e-26
0
0
0
8.31086678086105e-19
2.6056858376879e-17
6.23604174824338e-17
8.67670170221417e-27
3.54604759991128e-25
9.35014130648265e-15
1.27248669939191e-24
3.23365608786576e-14
1.09270502987514e-28
4.24803353709065e-15
2.80105344422473e-30
6.14325597928133e-26
3.29735727684914e-42
2.64118629366881e-16
1.25229171598906e-25
2.84180139060466e-14
0
0
2.70675477288899e-29
9.95363867982009e-39
3.91105857466895e-27
0
9.97760255020327e-32
4.48729299602052e-31
5.42817020795293e-15
1.22621765381663e-26
0
0
0
8.32322592039076e-19
2.60591481486702e-17
6.23678421761644e-17
8.67662218574467e-27
3.54611484349251e-25
1.93336362673279e-17
4.62714507254785e-17
6.50026152889632e-27
2.65433210190085e-25
2.50745259766761e-18
3.70741801154033e-28
6.92445595881836e-18
5.28025413691147e-32
1.01260714870528e-18
6.67689232774719e-34
4.30596727196824e-30
1.78254750606607e-44
5.10981559759751e-19
2.76889592326131e-28
6.77407575512218e-18
0
0
0
0
0
0
3.64434916373919e-34
2.33519682302038e-34
3.00038649859405e-18
6.05398834938571e-30
1.09640722407466e-35
0
0
1.84032526800858e-21
6.45844797384294e-21
1.5028414409071e-20
0
1.93033160136836e-30
8.99889303627192e-18
1.3607990200766e-27
3.45701595008498e-17
1.16830663821981e-31
3.63417912681041e-18
2.39629227774355e-33
7.19848654842927e-29
4.6668916683866e-44
1.97719665348298e-19
1.07139172206415e-28
2.43115201064137e-17
0
0
3.19567448405282e-32
1.30062443152262e-41
4.89273316246054e-30
0
1.34693795947196e-34
5.75953517600016e-34
1.16101076112064e-18
3.12409371832184e-30
0
0
0
7.12089303000636e-22
1.03379955041985e-20
3.46388884949593e-20
3.47616858491798e-30
1.9906639913393e-28
4.52269587195562e-17
6.02562745486689e-27
1.12406860926151e-16
8.04322078194627e-31
1.54105957403752e-17
1.0161382800807e-32
4.73924801357253e-29
1.27338525982523e-44
8.88782547977468e-18
4.21410134262561e-27
1.03092828141193e-16
0
0
0
0
0
0
2.32826845361985e-33
1.54414095380375e-33
2.43569122319488e-16
4.36817425403238e-28
0
0
0
5.60235815208484e-20
7.85764432068765e-20
3.04737647946458e-19
0
3.76814485206241e-29
2.98591190547662e-16
1.98714440547044e-26
3.71058538736988e-16
1.4814919246464e-31
3.39139034141008e-16
2.23620271250065e-31
4.21984363720013e-28
1.48709998308961e-43
2.34801457294668e-16
9.27745804909013e-26
2.26874936380841e-15
0
5.89466694399881e-28
0
0
0
0
4.62459056395745e-32
5.06330822765696e-32
2.41490327634552e-15
3.87761067195318e-27
0
0
0
9.87474107113123e-19
3.61032634819804e-18
8.28670965072641e-18
0
1.15021312641858e-27
2.56485247646496e-16
1.70714717224302e-26
3.18733586981177e-16
5.9490425103205e-31
2.91315222657261e-16
1.92086376232317e-31
3.60029184839543e-28
9.72295811975989e-44
2.01610804393964e-16
7.96603139333478e-26
1.94882219265561e-15
0
0
0
0
0
0
3.79855898806228e-32
3.40536110517079e-32
2.07177600698259e-15
3.73604265634018e-27
0
0
0
8.47166777352745e-19
3.120024350151e-18
7.16132932972632e-18
0
8.86904810748865e-28
1.43695974498095e-18
2.17466547622985e-28
5.51681823662402e-18
1.86550696307937e-32
5.80312388449212e-19
3.82644346012869e-34
1.07091942813411e-29
6.96066802997203e-45
3.15761740255411e-20
1.7110311918592e-29
3.88210810197552e-18
0
0
5.06854610656195e-33
2.06159860413489e-42
7.77819169710685e-31
0
2.1402022101006e-35
9.20441183433585e-35
1.85415435810012e-19
4.13918994581186e-31
0
0
0
1.13721898689047e-22
1.6509958410296e-21
5.53189066479264e-21
5.55200372304775e-31
3.20315898599515e-29
2.02241777921782e-17
2.99027024873208e-27
5.58500800994674e-17
4.26262622875685e-31
8.16731172828223e-18
5.38533241513676e-33
3.47344482714387e-29
1.3645508023584e-43
4.12138733005045e-18
2.23328853231474e-27
5.4637169429353e-17
0
0
0
0
0
0
2.92453230163031e-33
1.88698203239843e-33
2.42000036520808e-17
4.88911337992032e-29
8.97863723476948e-35
0
0
1.48433804188556e-20
5.20913213892764e-20
1.21213326772567e-19
0
1.5578335118837e-29
4.11077381705197e-16
5.47716273049065e-26
1.02168970418137e-15
7.57778338238054e-30
1.4007016007317e-16
9.23589548122279e-32
4.30797118028204e-28
1.15600498093291e-43
8.07835298961039e-17
3.83029552697559e-26
9.37032488557489e-16
0
0
0
0
0
0
2.11616266649402e-32
1.40972172728668e-32
2.21386851210774e-15
3.97051477615738e-27
0
0
0
5.09214146786991e-19
7.14169957281373e-19
2.76971652228438e-18
0
3.42511676834429e-28
2.95579265810736e-15
1.96710475014116e-25
3.67315627267767e-15
1.42948626608533e-30
3.35718098498833e-15
2.21364587087791e-30
4.17745392105388e-27
1.46293286449614e-42
2.32433634612015e-15
9.18390081201369e-25
2.24586420928127e-14
0
5.8896441830911e-27
0
0
0
0
4.57784020155739e-31
5.02674500248638e-31
2.3905642142377e-14
3.83626992792098e-26
0
0
0
9.77521659234532e-18
3.57392097819287e-17
8.20314913513926e-17
0
1.13878650111288e-26
0
0
0
0
0
0
1.34123903164416e-52
0
3.43074540880823e-47
1.45452049047931e-56
3.2106574341699e-46
1.59759167532837e-52
1.69269183185909e-52
0
0
0
0
0
2.25160287372655e-34
0
1.41672397332337e-52
1.53835763127817e-55
1.68453209089288e-52
1.25709325340021e-53
1.39042568043923e-48
0
0
0
0
0.935475140558546
0.018085989137601
5.29944466093326
60.8454198615402
0.278062877683808
0.280474129239855
2.21408439041838
0.0236942840189254
8.96221530867687
2.01045509603718
0.338671519014791
1.72326035139522
2.74282910902571
0.186196258642236
1.05146588113139e-27
5.17134182104108e-29
4.45150622447325e-13
9.67692459504977
4.30768867171577e-14
2.80070353125671
161.312665486579
0.78129053206818
0
3.26917726912056
3.24056265939871
0.905101926327443
0.417237046373995
0.105317613766851
125.17381250225
16.2658204391811
21.1323992128093
0.00198515415913353
0.407254648273442
7.32822956160451
69.528243684104
0.702096150879027
1.78170586639155
0.00201867633208989
0.0158705546838074
2.98388413996067
0.246907639986792
2.87101601768306
0.0705479946102451
45.4399960287096
35.4897198523732
17.7580230138872
179.817676715591
5.93643831907029e-14
9998.27001336078
1.60724342231825
2.31569764861396
0.735101934614482
48.1632790280072
0.038927395044142
0.389296350022914
11.5074146662922
0.184939175635702
0.0635949217638514
0.167120131605212
1.18037964540423
1.83942887417934
0.00395786472319273
40.7656398906386
1.44186776894767
0.0564402947604724
0.34843020103729
0.0871256035696659
0.196549822946664
20.1531910625649
8.97065131349181e-14
8.46867632467222e-11
1039.06245259073
0
220.580265395296
22.083387131768
11.1079065823289
0.301141272407222
0.511666201445789
105.308949396018
0
0.295669176951555
18.4152012074108
1.03881847647796
0.651944993214115
1.10020911633194
0.000560154198096502
0.00280787733980575
0.032723229476587
6.31709461478029e-15
0.00364693650090512
0
0.219716434953481
0.0285512441224565
2.33069111413513
0.233337076033441
0.702100751084714
3.26895295799936e-06
1.3446906835677e-05
0.00483196673513389
0.0198740780601206
8.47367275725102e-14
0.00338353574887753
0.000453163607644157
0.000389927596244994
0.0144271185074375
0
0.000678211076228523
0.00193511327024227
0
0.00110353985903996
0.00311712148014843
0.000532875386071129
0.00034030050013726
3.98442717672756e-05
0
0.000105656086843581
0.116397538777904
0.00135480890483178
0.00154169497713009
0.000200336900895582
235.651191477483
15.3167918104136
0.0819145873849681
0.512675593584245
0.0666200779707175
9.03049492270174
0
0
0
0
37.6881403991128
88.8110729339042
