1897.48820307046
296.622832312904
6.24600778940801
205.62269750161
2.23073106875352
0
0
6.24600778945188
6.24600778952766
6.24600778953229
6.24600778996877
6.24600778998625
6.24600779002633
6.24600779003183
6.24600779013693
6.24600779026779
6.24600779044028
6.24600778951191
6.24600778967033
6.24600778988422
6.24600779001276
6.24600779018941
6.2460077905594
6.24600779069673
6.24600779078286
6.24600779092704
6.24600779098221
2.05450429880191
100.108691063454
24.0511935782048
0
0
0
0
0.211554719981527
0.0546176920738766
0
5.51381911902183
12.0016883905305
7952.5450737481
7.86860660366018
0.0608187494125353
1155.00672530177
1.00595859948889
1.82026124511552
33.4735446445221
6.82543131707632
0.255592265595578
0.890707445767741
2.75105963293731
11.4080534267915
1.12191097630323
141.30016422207
49.407820859621
16.0165845555936
55.2985590367893
4.03419551552281
14.0586726072714
5.15177429959665
1.26056855986698
20.3905244885484
0.5851967059819
108.829606588307
11.5363513308966
4.20507130357723
41.1843582744513
3.44311043751999
3.90047029107296
0.684171090891299
71.1678459006094
0.730031478291902
9.40288192642054
26.5191064450767
16.7404467774618
0.0837036442995065
0.149754925733521
9185.24304328439
4.54414677263252
22.3158625378352
4.48194612381252
0.245569074404389
0.275919088956845
0.0183214416200066
1.58277443344292e-18
7.45595891637946
1.48715351317844e-17
4.6884722462768e-21
0.946662824931272
1.17686206851413e-20
31.5962516177206
4.67954724099667e-22
1.21174106004127e-05
0.538221841715268
2.00498333061607e-05
90.3454461835099
0.000172882280686878
8.72429349237264e-07
42.3975750474937
1.16844610137919e-10
2.19581953627096e-06
6.57492097074659e-10
31.8695852221884
1.74046241084644e-06
763.371759880174
2.08504807388949e-08
0.00832428802021108
47.1115220679149
1.63681455666506e-06
7.56789849368342e-08
8.04145960753964
1.78210675501254e-06
117.679027976999
2.81326880741846e-09
2.47631768116496e-05
0.000344236476215517
1.14786286423338
0.00115709875449721
3.74691792478428e-06
1.25946969078581e-05
4.43924138573295e-10
1.49218361719407e-09
2259.99989603236
3.16924102305943e-09
3.1692386551905e-07
55246.0552038505
0.000100662032352842
0.00100635406457689
1638.53078216433
2.98551340897247e-06
1.79600929525051e-05
7.04354480886056e-05
0.53351697492985
5.93533156771146e-08
9.64264479325489e-05
4.54181558309202
1.04727934394076e-05
1.3524839183599e-05
4.24817631740264e-07
0.00205214747562605
0.0002913510630523
0.109036386366009
0.123899674032688
0.0428389828455715
0.0233600967260035
2.91761901991681
1.00878256630951
0.526421695012207
0.0268290704346127
9.97275024464641e-09
0.631777337582147
0.000562165607844413
0.0996429002068333
0.000623045988268518
2.94680299718386
0.00259627384526875
5.34719601751295e-15
3.49242081538645e-15
2.21096614564089e-16
7.66337882520622e-16
5.59577506913704e-19
1.07208767995305e-18
4.88878429865788e-19
23.7969227098489
4.98577894861901
0.884737666067313
0.185374182789487
0.105260791198717
1.67955708782891e-17
3.51948447830657e-18
1.82436768199044e-07
6.69285060761659
0.574193573044624
0.808090744596334
0.0218148615336864
0.0271391314079972
0.566284951937259
0.0210537149199823
0.00250484496720959
3.99676988938898e-19
0.00078275259996786
9.31270384298446e-05
1.48595248909608e-20
1.76789389823538e-21
0
0.0447939559995646
0.000653006376411219
0.726903869533508
0.256297121881489
1.06091694131954e-15
7.22338007644727e-18
2.31164008421319e-27
6.56613344919243e-15
4.3946219070103e-16
3.63932475084395e-19
2.63879010382686e-15
1.67124239077328e-22
1.33850871611174e-14
3.0916021124629e-16
3.81785720729689e-26
5.73867286267544e-18
1.36517024328589e-16
7.594023208754e-19
1.29481764478305e-24
1.1217326302811e-28
2.12211293885154e-27
4.79850155295396e-34
5.17561713309705e-26
2.70272578242355e-28
2.09503035490137e-27
3.76021959025313e-14
1.3205893615418e-30
2.49837668368987e-18
2.57911907382544e-19
2.70670922356954e-21
8.97883540695986e-29
5.59296094153705e-32
1.98900357208374e-41
1.05753997048276e-34
4.78629900303877e-44
6.12294977224623e-28
5.15297216386916e-27
9.65363808556238e-34
1.29575431278315e-27
2.33057884189125e-38
1.11790087200973e-36
0.498653423288372
0.018539345498703
3.51947203675144e-19
2.62660002849151e-15
1.66355341660366e-22
1.32189111612125e-14
8.98338981120498e-29
3.07714822318984e-16
5.55544921928335e-32
3.83777909238835e-26
1.98555965042471e-41
5.73456586917476e-18
1.29391100531199e-24
1.35878776267497e-16
1.1322389935149e-28
4.75409059380015e-44
2.12309484991403e-27
4.79980368536863e-34
5.15575817597159e-26
2.7057364209426e-28
2.10183437626077e-27
6.28668580156055e-28
3.75780576402722e-14
5.217145785326e-27
9.64463408611184e-34
1.31935764083911e-30
1.29902618811917e-27
2.496663193452e-18
2.57652409485974e-19
2.70275557913181e-21
2.32823509416512e-38
1.12842376586375e-36
3.60442325741283e-19
3.72642272628687e-21
3.25718510738627e-38
2.7121370616654e-36
1.52368377258265e-16
9.64997010204071e-24
7.72878451847407e-16
3.07350708324711e-29
1.78514538266904e-17
3.21332011164472e-33
2.14889420826666e-27
1.11955318836805e-42
3.31360368056111e-19
7.47649190071512e-26
7.8827165287731e-18
6.82858346726422e-30
0
1.24763696111424e-28
3.34838896910399e-35
3.55327399943423e-27
1.84967858754274e-29
2.06461881916355e-28
8.41923782214377e-29
2.17121640322359e-15
3.04476965725857e-28
5.57416870967353e-35
7.62529922102705e-32
9.06077859903602e-29
1.4426027241389e-19
1.48922594870376e-20
1.56289829906225e-22
1.34576888275869e-39
9.98456638213761e-38
9.41656247389436e-15
5.96325578773151e-22
6.59022608388869e-14
2.43483284833451e-27
1.10320650897346e-15
1.97350778493803e-31
1.39219078922602e-25
6.81552029954238e-41
2.21560914320734e-18
4.99912384906204e-25
4.87145260159922e-16
4.69939702443284e-29
0
1.0436555711358e-27
2.38534265346881e-34
2.43146174714658e-25
1.31122360502189e-28
1.59769338186103e-27
7.05392528119166e-28
1.45192636090446e-14
2.07987189018602e-27
3.72647488099975e-34
5.0977082839104e-31
6.4781001130199e-28
9.64603611656863e-19
3.22253221619369e-19
4.94619550736218e-21
2.91262737352211e-38
1.59752990186155e-36
9.42659165646714e-15
5.96960739782907e-22
6.60125955718706e-14
2.43641667739653e-27
1.10438148758434e-15
1.97562131109363e-31
1.39371304271805e-25
6.82297254650183e-41
2.21890398884208e-18
5.00655807435474e-25
4.87664099087245e-16
4.70613014750696e-29
0
1.04503199875441e-27
2.38847258722773e-34
2.43367910122496e-25
1.31296455043319e-28
1.59945183049733e-27
7.06078010674379e-28
1.45408552633604e-14
2.08291489961917e-27
3.73201654412567e-34
5.10528911644674e-31
6.4865866174251e-28
9.66038080117756e-19
3.22281539809615e-19
4.94678424581201e-21
2.9128832662393e-38
1.59776541618175e-36
4.66889413741105e-19
7.16641470275083e-21
4.21990329165516e-38
2.3093417358781e-36
2.73101433623349e-18
1.92186961846167e-25
1.52715532116139e-17
0
2.84397601329535e-19
5.13434793575065e-35
4.95011081502033e-29
2.53480191661376e-44
4.63757642905489e-21
1.195878154116e-27
1.25582503287564e-19
1.18112513430995e-31
4.96661197943914e-47
2.45645290382167e-30
6.10855534139612e-37
6.56587472608866e-29
2.81671926757863e-31
2.79473027605201e-30
5.51374287756948e-30
8.68278105055811e-18
1.20081096173968e-30
1.11400406177913e-37
1.52392486610272e-34
1.20515796418341e-30
2.30751467116627e-21
2.08169644276424e-22
3.0130183906591e-24
1.88115309020165e-41
2.19225088439562e-39
9.80097182361779e-18
6.89634679782382e-25
7.62385813612931e-17
2.81520445194462e-30
1.02065987479801e-18
1.82584345238161e-34
1.81002832186345e-28
8.71550329449682e-44
1.7944588243469e-21
4.62728483590615e-28
4.50694966727304e-19
4.90676878197306e-32
0
1.20794578366999e-30
3.03670258878576e-37
3.09391372998503e-28
1.36566630843788e-31
2.21990688445346e-30
9.80151715286042e-31
3.359826832966e-18
4.81109077207804e-31
4.31162028892189e-38
5.89817003086851e-35
6.00827513793948e-31
8.92855510855873e-22
2.69700015724584e-22
5.79557909081893e-24
2.43763896278422e-41
0
6.66480165980483e-17
4.2211401241354e-24
3.35420011011938e-16
2.9439187872711e-30
5.85602557380727e-18
1.05711631763305e-33
7.73167140343863e-28
3.83817461620058e-43
1.09138824688916e-19
2.46253912450174e-26
2.58586683291349e-18
1.43831886191535e-30
5.96064685283432e-46
4.05913507127169e-29
9.17933683504724e-36
9.84999251517987e-28
3.44717761340467e-30
2.72395069513021e-29
8.08570021730937e-30
9.53677363029636e-16
2.64922709513166e-28
3.05610501309648e-35
4.18066197663336e-32
1.65624778642718e-29
9.50426070294119e-20
3.42681860326644e-21
8.26654882871814e-23
3.09669303190311e-40
6.06788976140643e-38
5.3519032620239e-16
1.69480568284487e-23
1.34672833695006e-15
1.67166275734848e-29
1.56748262340522e-16
2.82731221647769e-32
1.09672598453495e-26
4.54659379037966e-42
3.50692158524113e-18
6.59399646007959e-25
6.9215887608722e-17
7.00267127675542e-29
2.57706011628666e-44
6.72128083636104e-28
1.01644422393764e-34
1.08489609125095e-26
1.70882813237152e-28
7.25345430082571e-28
2.3849621650008e-28
1.15005965535042e-14
1.59186221915556e-27
2.92548105508824e-34
4.00197223522928e-31
9.77291658864309e-28
2.03757943462729e-18
1.91508328263492e-19
2.73415217751851e-21
1.73060232440626e-38
2.12663488909213e-36
7.75765679612005e-16
2.45665015794659e-23
1.95210109827757e-15
1.43510360846309e-29
2.27208744834834e-16
4.10165372926998e-32
1.17700224930978e-26
5.92891288190762e-42
5.08131227347272e-18
9.55428853356497e-25
1.00329405555638e-16
1.15597727736871e-28
4.17684351979341e-44
9.43682073207875e-28
1.42255279050494e-34
1.52743062546206e-26
2.40476706178797e-28
9.41903478292192e-28
2.84811271840317e-28
1.66494690444964e-14
2.31351146051645e-27
4.269820209099e-34
5.84098874833984e-31
1.34756530416982e-27
2.9498146922613e-18
2.7927684301363e-19
3.98721784451985e-21
2.52372401983101e-38
2.9197752549376e-36
1.85571645626989e-18
1.30581808788491e-25
1.44261041945116e-17
5.33231495753498e-31
1.9325178768108e-19
3.45703256715204e-35
4.41762365313611e-29
1.65042971996334e-44
3.39805265965154e-22
8.76239530544619e-29
8.53346055563591e-20
9.29292926779103e-33
0
2.28781107648125e-31
5.75144855705861e-38
5.85894630926094e-29
2.5865207107681e-32
4.20538412273654e-31
1.85703711532213e-31
6.36229061033699e-19
9.19641288135459e-32
8.16464139015208e-39
1.11689898305552e-35
1.13799628216229e-31
1.69074374996757e-22
5.10713822000725e-23
1.09746846933006e-24
4.61600212460863e-42
0
2.61185516293709e-17
1.83801489470726e-24
1.46052272859295e-16
0
2.71988811447954e-18
4.91032522565036e-34
4.73500461653291e-28
2.42444337479137e-43
4.43523107312096e-20
1.14369995639389e-26
1.20103107917519e-18
1.12966052686546e-30
4.75050526746789e-46
2.34932801464349e-29
5.84215718514658e-36
6.27959041131185e-28
2.693870056431e-30
2.67122588415335e-29
5.33384458479319e-29
8.30393700729707e-17
1.14833269046756e-29
1.06539540574065e-36
1.45742965106157e-33
1.15265454662573e-29
2.20683400424715e-20
1.99086391858239e-21
2.88154866370282e-23
1.79907105822084e-40
2.09675485134718e-38
6.05548130281533e-16
3.83522805496203e-23
3.04754696230882e-15
2.70219711067733e-29
5.32064646197347e-17
9.604657257044e-33
7.04276547671015e-27
3.48975620944414e-42
9.91612110755667e-19
2.23741058910303e-25
2.34945749704481e-17
1.30689810955556e-29
5.41272598095409e-45
3.68881807164069e-28
8.34200857635085e-35
8.95104850845665e-27
3.13262476306112e-29
2.47737766541331e-28
7.35049120968377e-29
8.66495492931688e-15
2.46886892589619e-27
2.77658103330125e-34
3.79828137489376e-31
1.50516724525629e-28
8.63541419955031e-19
3.11340464084335e-20
7.51049718713193e-22
2.81347219247011e-39
5.51507435330667e-37
5.29590847806643e-15
1.67707359208459e-22
1.3326380668938e-14
1.65895650643942e-28
1.55108269116462e-15
2.79771477443751e-31
1.08723638622973e-25
4.50218300627016e-41
3.47023976835979e-17
6.52502435682422e-24
6.84917098148304e-16
6.92991797078733e-28
2.54801885237335e-43
6.65242394451656e-27
1.00605196287453e-33
1.07376212832132e-25
1.69129555298237e-27
7.18281009359522e-27
2.36294249475704e-27
1.13803674165254e-13
1.57517624885357e-26
2.89473240611931e-33
3.95990898575769e-30
9.67393994762883e-27
2.01627823708155e-17
1.89505313693741e-18
2.70555526619344e-20
1.71250170793733e-37
2.1045656589589e-35
5.56095656338336e-42
1.76093211316358e-49
1.3993349021958e-41
1.0479108866386e-55
1.62871076635545e-42
2.75799645810724e-58
6.72647682773291e-53
2.33795773187129e-67
0
0
0
1.05232747554181e-30
2.58572362569256e-69
9.75585813335987e-54
1.77830804199108e-58
1.48730172002324e-52
2.1228642196333e-54
1.76637666988427e-53
7.54572266197508e-54
1.19343896423158e-40
0
2.87686582538693e-60
3.93546802750507e-57
3.29925192131733e-53
2.11233081025438e-44
0
1.30103589266937e-34
1.7003957675603e-64
2.51962132020421e-55
1.82666014335121
0.0633004500166818
5.29940161135032
232.408373038191
0.300391472157925
0.628755572097935
3.23618646827713
0.0164815302523289
22.7408399034031
3.57416842335186
0.0404410943267068
5.16973912215069
3.20529907279864
0.0125064639987151
7.23651464264433e-24
2.17215412148368e-27
1.14744028325117e-12
19.3536920062047
2.22072040715803e-13
2.58838121442571
191.273777387898
1.17232431865703
0
6.11865443047721
2.92276182613607
0.753575851897477
0.361328268652142
0.0700511554536324
285.415445992922
24.9873276289646
21.8701382631117
0.00585747030735835
0.845112000776211
15.2039730382328
78.8137175344361
1.65151191411529
4.19117080269124
0.00166152584354424
0.0276657861251913
0.89600731587225
0.157851959572211
2.47935583450039
0.0389496328116009
90.7757005796807
41.2928013404748
20.6617161124734
351.095713474379
1.5304491928254e-13
9994.47769402345
4.97056610915697
0
2.58930360999861
63.2327680195724
0.553120349636574
5.5315427930001
14.8460342932287
0.737879802751884
0.833010011328486
0.00587117202460489
36.4562423349109
1.99551053598458
0.0581003482227402
46.6763972024587
23.4581808998369
0.201437216386121
0.213998407522662
0.616201999757549
0.430841813415617
20.9560901474391
2.40433424871509e-13
5.52104484103694e-10
2527.41633687443
0
428.236395588608
44.2874734291189
23.0503047092303
0.108568654251536
2.62111875737039
122.293271630908
0
0.0110404152815255
27.8216292195469
0.105416681984496
0.230045920867312
0.0260760862441027
0.000174255945931324
0.00629458598549288
0.0612454194247572
3.86148149918198e-14
0.00505736757194847
0
0.333227495203189
0.0291731394166661
4.68278645328924
0.484285742082314
1.65152224083697
6.32919433217218e-06
2.29625878510775e-05
0.00341313043505962
0.01238153860854
5.52430554965317e-13
0
0.00636864648187194
0.00554093150579229
0.234719135207063
0
0.00591868859093479
0.002466298242106
0
2.61550282661583e-05
0.000316317635100349
0.00272976730894465
4.06356125355897e-05
0.000235774574793042
0
0.000382123244493205
0.0930135523805064
0.000865120278153128
0.0022447134003185
0.000196518408356487
576.411862759976
13.2200976182403
0.056778630930463
0.810271015185999
0.0709369713831442
3.25571009624909
0
0
0
0
18.7017726089928
107.797440724067
