1897.4882
296.621591
6.246045634
205.6214502
2.230730682
0
8.432662006e-36
6.246045634
6.246045634
6.246045634
6.246045634
6.246045634
6.246045634
6.246045634
6.246045634
6.246045634
6.246045634
6.246045634
6.246045634
6.246045634
6.246045634
6.246045634
6.246045634
6.246045634
6.246045634
6.246045634
6.246045634
2.054491452
100.1080664
24.05104349
0
0
0
0
0.2123765629
0.05482986938
0
5.513784704
12.0016134
7999.913844
0.01422962264
0.0001946797807
1117.494808
0.008145319086
0.02135746656
0.1077074763
0.02202249838
0.2554596701
0.889293689
2.745581185
11.40896804
1.122755063
141.2852999
49.17692428
16.0240167
55.29853683
4.032303622
14.03705784
5.234704418
1.284381811
20.44658285
0.5984717919
108.8030564
11.6045549
4.204588738
41.64615144
3.443589312
3.90066349
0.6842007572
71.16783378
0.7300654089
9.402926335
26.51908898
16.74045551
0.0839374048
0.1497549191
8939.862182
0.007950764708
26.70031715
0.01725494267
0.2932315536
0.3354438436
0.02192205266
0
7.455912615
4.03299208e-31
4.239390851e-30
0.9466569048
1.041886673e-29
31.59697489
4.231419175e-31
6.174236469e-27
0.5382385265
9.966759414e-27
90.45423735
8.70739058e-26
4.520643099e-28
42.39747779
6.099510832e-32
8.120113497e-28
2.43141292e-31
31.8717312
9.017174046e-28
763.3753488
1.080388436e-29
3.985211422e-25
47.11126076
8.189521612e-28
0
8.047916236
0
117.6809583
0
0
0
1.148785437
0
0
0
0
0
2260
0
5.570059065e-31
55245.72486
1.769374568e-28
1.759391196e-27
1638.55141
5.246701375e-30
2.935564168e-29
1.227926137e-28
0.5395191687
1.04636193e-31
1.517975199e-28
4.55555312
9.535178188e-30
1.204796058e-29
4.428329841e-31
1.822852037e-27
2.962992574e-28
4.991909272e-14
0.1236221957
0.0427561286
0.02334200527
2.913422254
1.007639898
0.5264363484
0.02673669964
0
0.6301076868
0.000560208722
0.09929604551
0.0006216434173
2.940106377
0.0025903605
5.852066936e-15
3.493364535e-15
2.397596306e-16
7.664551664e-16
5.558739181e-19
1.075952281e-18
4.889098342e-19
23.79693741
4.985591709
0.884723819
0.1853642054
0.1052590614
1.479062261e-11
3.099232561e-12
1.824367682e-07
6.692809371
0.5741899826
0.808085708
0.02181479281
0.02713904436
0.5662856515
0.02105339841
0.002504805351
3.51966313e-13
0.0007827280983
9.31240505e-05
1.30854847e-14
1.556828407e-15
2.191085068e-25
0.04479340403
0.0006529982364
0.7268992978
0.2562954783
1.161090928e-15
7.225234871e-18
0
7.120383927e-15
4.395266996e-16
3.615489094e-19
2.887913362e-15
1.829106469e-22
1.464898294e-14
3.383472437e-16
3.231130822e-25
5.740057492e-18
1.365522839e-16
7.595848346e-19
1.295143666e-24
2.966959297e-28
0
0
0
0
0
4.077596629e-14
1.616033401e-26
2.482029148e-18
2.588438678e-19
2.706869218e-21
2.771913718e-30
0
3.967902405e-38
1.058080805e-34
0
5.559203581e-28
8.547610755e-29
9.656472441e-34
4.730846409e-37
0
1.377634044e-29
0.4986346965
0.01853834766
3.099221604e-13
2.874572526e-15
1.82069131e-22
1.446711677e-14
2.744691304e-30
3.36765409e-16
0
3.221331614e-25
3.948435755e-38
5.735949532e-18
1.294236756e-24
1.359138749e-16
2.981299655e-28
0
0
0
0
0
0
5.71588894e-28
4.07497908e-14
8.556332376e-29
9.647465863e-34
1.616351924e-26
4.726442312e-37
2.480326908e-18
2.585834362e-19
2.702915405e-21
0
1.38382652e-29
3.617427855e-19
3.726624068e-21
0
2.710237708e-29
1.667521492e-16
1.056149988e-23
8.458527253e-16
1.568810597e-31
1.953664219e-17
0
2.585860164e-26
2.11648421e-39
3.314382461e-19
7.478264701e-26
7.884703164e-18
5.758909292e-29
0
0
0
0
0
0
5.27596642e-29
2.35446072e-15
4.931819132e-30
5.575770449e-35
1.086184265e-27
2.668830374e-38
1.433155747e-19
1.494598096e-20
1.562981053e-22
0
8.922840405e-31
1.030550316e-14
6.527234394e-22
7.212472219e-14
1.349126323e-29
1.207350449e-15
0
4.952182193e-24
1.736147711e-36
2.216133817e-18
5.000301274e-25
4.872682576e-16
1.852113065e-28
0
0
0
0
0
0
4.161639748e-28
1.574467442e-14
3.307706515e-29
3.727552157e-34
7.604653319e-27
1.048196644e-37
9.582889192e-19
3.234182694e-19
4.944944006e-21
0
2.324523525e-27
1.031647911e-14
6.534186196e-22
7.224547468e-14
1.351413653e-29
1.208636347e-15
0
4.955037248e-24
1.737950406e-36
2.219429443e-18
5.007737297e-25
4.877872275e-16
1.854316895e-28
0
0
0
0
0
0
4.166293306e-28
1.576808838e-14
3.312627161e-29
3.733095422e-34
7.614893111e-27
1.049782472e-37
9.597139961e-19
3.234466899e-19
4.945532743e-21
0
2.324296274e-27
4.685744498e-19
7.164535324e-21
0
3.342807501e-27
2.985672609e-18
2.101176361e-25
1.669584449e-17
1.245825477e-32
3.109165696e-19
0
4.09494874e-28
5.010775831e-41
4.63377278e-21
1.194909674e-27
1.254816386e-19
3.104957769e-31
0
0
0
0
0
0
6.027417407e-30
9.405649332e-18
2.082452501e-32
1.113148613e-37
1.866534246e-30
4.363271447e-40
2.289983286e-21
2.086990084e-22
3.009983587e-24
0
2.265100769e-32
1.07148187e-17
7.540527206e-25
8.334844931e-17
1.562549079e-32
1.115825936e-18
0
6.295232515e-27
2.954646149e-39
1.792979018e-21
4.623462582e-28
4.503303584e-19
1.926289179e-31
0
0
0
0
0
0
5.770851055e-31
3.639526332e-18
7.670131363e-33
4.308289866e-38
8.788760069e-31
9.692147749e-41
8.860691982e-22
2.703861455e-22
5.787911231e-24
0
2.316552241e-30
7.293967846e-17
4.61983853e-24
3.670900059e-16
3.303722907e-32
6.408838296e-18
0
6.182401403e-27
7.502365913e-40
1.091644768e-19
2.463146795e-26
2.586518639e-18
3.829267195e-30
0
0
0
0
0
0
7.347475707e-30
1.034164959e-15
2.170747634e-30
3.056983239e-35
5.142329637e-28
5.994421011e-39
9.442013219e-20
3.439160955e-21
8.266943931e-23
0
6.145511116e-31
5.857067886e-16
1.854868993e-23
1.473869319e-15
2.848484015e-31
1.715435812e-16
0
7.000429993e-26
7.948173569e-39
3.507708606e-18
6.595535845e-25
6.923259929e-17
2.008707992e-28
0
0
0
0
0
0
2.00113755e-28
1.247108103e-14
2.842354793e-29
2.926290669e-34
5.080734614e-27
3.361636066e-37
2.02421323e-18
1.921960459e-19
2.734253941e-21
0
2.08769541e-29
8.489989933e-16
2.688686824e-23
2.136416365e-15
4.265582436e-31
2.486574009e-16
0
9.57307413e-26
1.164848327e-38
5.082506569e-18
9.55663642e-25
1.003546947e-16
2.663245917e-28
0
0
0
0
0
0
2.559110708e-28
1.805463574e-14
3.766798e-29
4.2710472e-34
7.176610343e-27
4.884436067e-37
2.930495061e-18
2.802827113e-19
3.987408388e-21
0
2.904943713e-29
2.028700486e-18
1.42766559e-25
1.577111543e-17
3.045675542e-33
2.112659749e-19
0
1.201358769e-27
5.594372559e-40
3.395177175e-22
8.754968265e-29
8.526373058e-20
3.648699656e-32
0
0
0
0
0
0
1.09316534e-31
6.891791056e-19
1.514353204e-33
8.158158725e-39
1.664467317e-31
1.835265139e-41
1.677856734e-22
5.120020485e-23
1.09599525e-24
0
0
2.855340609e-17
2.009454798e-24
1.596702954e-16
1.191385682e-31
2.973442917e-18
0
3.916257714e-27
4.792024264e-40
4.431497751e-20
1.14274907e-26
1.200040545e-18
2.96951812e-30
0
0
0
0
0
0
5.832349514e-29
8.995071239e-17
1.992946512e-31
1.06455431e-36
1.78506916e-29
4.172799342e-39
2.190020281e-20
1.995883507e-21
2.87858416e-23
0
2.167206047e-31
6.627126835e-16
4.197476079e-23
3.335293053e-15
2.724113963e-31
5.822919041e-17
0
5.619355207e-26
6.815982182e-39
9.918451806e-19
2.237962868e-25
2.350049713e-17
3.481140476e-29
0
0
0
0
0
0
6.679687539e-29
9.396251932e-15
1.972272022e-29
2.777378934e-34
4.672852871e-27
5.446304104e-38
8.578857175e-19
3.124618173e-20
7.510856159e-22
0
5.58956198e-30
5.795787772e-15
1.835462253e-22
1.458448825e-14
2.818620425e-30
1.697487907e-15
0
6.929941827e-25
7.864403453e-38
3.471018558e-17
6.526547582e-24
6.850824666e-16
1.988867586e-27
0
0
0
0
0
0
1.981880468e-27
1.234070629e-13
2.814193929e-28
2.895533511e-33
5.028349191e-26
3.326407974e-36
2.003051768e-17
1.901858385e-18
2.705655966e-20
0
2.065993704e-28
1.120319842e-42
1.41557549e-33
2.819166647e-42
1.002653295e-62
3.281226751e-43
0
1.325941678e-52
2.507853555e-65
6.712584094e-45
1.262489141e-51
1.325403987e-43
3.701595598e-55
5.48199423e-67
8.258378433e-53
0
1.389291608e-51
0
8.552709291e-53
0
2.382592404e-41
0
5.640580174e-61
1.159789429e-54
5.430927184e-64
3.866412463e-45
0
5.265839033e-48
6.517060842e-32
0
1.826648721
0.06330005417
5.299368529
232.407932
0.3000726937
0.6280643548
3.236166268
0.01648190043
22.73995715
3.574108158
0.04047944218
5.169706831
3.205266194
0.01251853421
1.333935771e-24
0
1.247519678e-12
19.35357117
2.414395896e-13
2.588360559
191.2696497
1.172300202
0
6.118549908
2.922823469
0.7535858009
0.3613322806
0.07005230884
285.401741
24.98661753
21.86994544
0.005877743134
0.8450797396
15.20335336
79.05062092
1.656412904
4.203608417
0.001668626678
0.02780096009
0.8959488969
0.1579378704
2.475935079
0.03891706323
90.65678198
41.12160844
20.57605617
349.6411838
1.663934503e-13
9994.477697
4.970566124
0
2.58929178
63.2324002
0.553113913
5.531478423
14.84594162
0.737875199
0.8330055969
0.005871352845
36.45488847
1.995497888
0.05809967208
46.67627428
23.45784614
0.2013374693
0.2140342796
0.6162974664
0.4307006557
20.95595976
2.614023292e-13
6.002521117e-10
2527.403599
0
428.2278767
44.28621762
23.04942482
0.1083863385
2.616686749
122.2925078
0
0.01104072083
27.82136008
0.1055174007
0.2300536331
0.02610212776
0.0001740701888
0.006287666083
0.0612443732
4.19816194e-14
0.005057223176
0
0.3332169807
0.02917279068
4.682652013
0.4842677401
1.656423261
6.375105931e-06
2.305978277e-05
0.003423035962
0.01238022674
6.006066174e-13
0
0.006368577649
0.005540867023
0.2347157857
0
0.005919611842
0.002466617502
0
2.618114862e-05
0.0003166198559
0.002725151588
4.067414484e-05
0.0002365838868
0
0.0003839746335
0.09301385369
0.0008651258842
0.002244620159
0.000196514097
576.3873932
13.21997958
0.05678013056
0.8102535076
0.07093682899
3.25024289
0
0
0
0
18.70244918
107.7967642
