1897.39233854056
296.638572115991
6.24552786426051
205.638514675337
2.23073593274279
6.64212445880953e-76
0
6.24552786426043
6.24552786426028
6.24552786426028
6.24552786425945
6.24552786425941
6.24552786425934
6.24552786425933
6.24552786425913
6.24552786425888
6.24552786425855
6.24552786426031
6.24552786426001
6.24552786425961
6.24552786425936
6.24552786425903
6.24552786425833
6.24552786425807
6.2455278642579
6.24552786425763
6.24552786425752
0.821808355193509
45.5043197151335
120.256943633779
0.000243163514392584
6.02775955519681e-06
0
0
0
0.0272160891044199
0
1.50378104607097
2.40035709371721
7996.75853337902
0.535597195599288
0.00697086187292693
1119.21611833452
0.233335949131732
0.589174880430153
3.85419153744174
0.787877269050528
0.255285112604275
0.889405536885955
2.74601577132279
11.4089252231294
1.12268598260433
141.286479532599
49.1878125639173
16.023426900367
55.2985041934963
4.0293701314644
14.0382024965262
5.23080843839255
1.28314382738804
20.4420891228807
0.597850443699396
108.804299112601
11.6014252393929
4.20461253052086
41.6243748721654
3.44350030028586
3.9009475069833
0.68424436805488
71.1678159682762
0.730115288826558
9.4029916130074
26.5190633077019
16.740468346149
0.0839243061216422
0.149754935738145
8950.1010449869
0.299724507124764
20.8711311616253
0.482648022600135
0.229249821340678
0.262014933597665
0.0171371447427321
1.62948907633179e-17
8.03123491847972
1.64917336715686e-16
5.5769885893617e-20
0.525928037592336
7.77720202877614e-20
26.5466050897585
4.67676627881905e-21
0.000367420846798887
0.841521838922148
0.000950536520167357
80.8006651884329
0.00468827544467664
0.000137152634481069
47.6957478068518
2.0664309389183e-08
0.00038833780989217
9.76960477597837e-08
5.47782387685905
4.70294812677566e-05
640.146993407944
2.74873947907468e-06
1.09754762678978
50.4768622394661
5.31763668113301e-05
1.16103588251057e-06
12.5002026707433
4.09031213104624e-05
88.2603256092099
3.23703971284786e-08
5.75341676895809e-05
0.000772069629938396
1.78356310834628
0.00388095586798926
1.88476991903831e-05
9.47415696915804e-05
1.12321299261419e-08
5.64604520667314e-08
2259.99920693715
8.01878361500024e-08
8.01878303155962e-06
15543.3526823817
0.000716576631488682
0.00716387102762888
1474.6244697703
6.79828513739208e-05
0.000542887777456068
0.00050140451647576
0.520014646795506
4.11821751979388e-07
0.00114551423315928
4.52792328833743
0.000415173222703378
0.000479520934061378
2.84242730240928e-05
0.0139832143952291
0.00335069649446664
2.02017249428724
0.0946305761750636
0.0290542011213517
0.00554875769641313
3.33382112056368
1.02357518314459
0.194373507926457
0.0600493307962913
1.67410981225376e-08
2.11552899048227
0.000606348551522431
0.107474252014387
3.34900311003958e-05
0.90534540869157
0.000955580644090552
1.26198439424873e-15
1.18416425926035e-14
6.11481142484162e-17
2.35120866413645e-21
1.80236833640647e-18
4.05504288086787e-17
3.62399127490276e-15
50.0345720621339
5.05170445361564
3.79818859062444
0.383501249040467
1.73996240814768
3.29234863609367e-18
3.32466163092012e-19
1.65496689900474e-09
8.57334524882412
0.229679283901779
0.186715656186254
0.0218149504881147
0.0297964318748041
2.50342047769654
0.190037861903061
0.0870569556899556
1.64728880122068e-19
0.0144260865909293
0.0066086238790519
1.25048401663e-20
5.72849665430969e-21
4.67427155920683e-28
0.0735017675554242
3.48625080277939e-05
0.726909805981339
0.308944425401274
2.35820223048784e-16
1.9828421149078e-16
9.10768906076328e-28
1.89389185180731e-15
5.39992736916723e-22
1.31500422499154e-18
2.57117742829895e-15
3.38190308732533e-25
6.44089151403506e-15
1.16816923734852e-15
0
6.82761836173773e-16
7.95152116285392e-15
3.44582190710227e-16
3.23724148535903e-25
2.37347123479259e-28
3.20242685041892e-27
1.54397675187362e-36
4.6142098765411e-26
1.36179956548306e-27
4.76569409991281e-40
1.3920031379786e-14
3.29183539985267e-23
2.15369752032111e-18
1.66149154665474e-17
2.77927593785146e-17
4.06605546592702e-29
7.69946165126985e-31
1.82579756018049e-42
1.49058238999182e-31
6.28874529212664e-40
0
2.31568773668382e-29
1.85807912275653e-30
7.61342526467985e-30
6.34533989592513e-35
1.20635558709357e-30
0.50524697247711
0.0383541119272274
3.32463727498587e-20
2.55934788241345e-15
3.36638985859826e-25
6.36099065778987e-15
4.17009584031814e-29
1.1627600445756e-15
7.66380939608828e-31
0
1.81729128516437e-42
6.82303189184719e-16
3.23509369302929e-25
7.9147015742144e-15
2.38903621766242e-28
6.47762501514393e-40
3.2002131705106e-27
1.54296643364388e-36
4.59281140514439e-26
1.36025035812451e-27
4.76576578916635e-40
0
1.39112725792444e-14
2.47862309630344e-29
2.28171422719929e-30
3.29204800882198e-23
7.63542337528211e-30
2.15229217824913e-18
1.66053205627971e-17
2.776804507916e-17
6.34167554443765e-35
1.24769802819762e-30
1.21041885437192e-17
2.0078548732687e-17
4.62266530251508e-35
5.1038255399767e-30
4.24188177276075e-17
5.58472252070896e-27
1.0626065711329e-16
6.61894073278998e-31
1.92722436856178e-17
1.27024331651001e-32
0
2.97213535052895e-44
1.12640310281638e-17
5.34071862322079e-27
1.31182172690591e-16
9.94122666161198e-30
4.72591686198798e-42
5.21308949478211e-29
2.51337169056253e-38
7.51126883072129e-28
2.21681347112201e-29
7.75836071813485e-42
0
2.29649600375265e-16
9.33542937734889e-31
4.61996102352642e-32
6.76036640386407e-25
1.90692217193392e-31
3.55311496375927e-20
2.74108640577385e-19
4.58517824242524e-19
1.0468380822004e-36
2.60836105979178e-32
9.17575266756538e-15
1.21562343192965e-24
3.17141562144864e-14
2.05490452498573e-28
4.16880383050816e-15
2.74767986934978e-30
0
6.36853703739845e-42
2.63617886728193e-16
1.24991750852103e-25
2.83760943707794e-14
2.90521290983181e-28
0
1.21362801293309e-27
5.85132112540898e-37
1.69312871437067e-25
5.15228864876515e-28
1.83394717997687e-40
0
5.37502490861778e-15
0
2.35125302918329e-27
1.70300079781222e-23
5.06488986540496e-30
8.31563939587835e-19
2.61084876160949e-17
6.23602446652774e-17
9.97100620414712e-35
0
9.18552534935254e-15
1.2169129656934e-24
3.17672525323733e-14
2.05837521938998e-28
4.17324383611229e-15
2.7506062993781e-30
0
6.37541391651552e-42
2.64009914439147e-16
1.25177626820471e-25
2.84063166106092e-14
2.9079729062705e-28
0
1.21545072062159e-27
5.86010903067277e-37
1.69488983820277e-25
5.1600267003208e-28
1.83668025883961e-40
0
5.38301812786583e-15
0
2.35322631141786e-27
1.70519434416818e-23
5.0707593863116e-30
8.32800563319057e-19
2.6110781921911e-17
6.23676693383002e-17
9.97188231227788e-35
0
1.9371944012144e-17
4.62713218509871e-17
7.39827829784576e-35
0
2.46330716164503e-18
3.60106871693708e-28
6.8025461356127e-18
0
9.9477949563639e-19
6.55664122988342e-34
0
2.12627594573071e-45
5.10771244822136e-19
2.76775630188377e-28
6.77128763093322e-18
2.23689768734984e-31
6.23378400695096e-43
3.42245429856354e-30
1.81473700459599e-39
5.40207585367547e-29
1.29484442189713e-30
6.74087464446974e-43
0
2.97542904358713e-18
3.62011010153544e-33
2.39552579381547e-34
3.52329240374845e-27
6.51677260758213e-33
1.841382251305e-21
6.47123658716444e-21
1.5028372545374e-20
2.47140572333558e-38
3.45086601045122e-33
8.8404611533397e-18
1.30164517952899e-27
3.39615274179379e-17
2.20054294168456e-31
3.57019681518452e-18
2.35313493196583e-33
0
7.49977566852636e-45
1.97638283289833e-19
1.07095074489788e-28
2.43015133691406e-17
2.79797285876147e-31
0
1.29982769534449e-30
6.89356556297989e-40
1.98417654405688e-28
4.96253933100108e-31
2.36149588884106e-43
0
1.15135336600668e-18
0
5.02164717975315e-31
1.8237416974218e-27
4.33903839895222e-33
7.12498236500489e-22
1.03584793852595e-20
3.46387923929188e-20
3.95496044275889e-38
0
4.44307055964741e-17
5.84463608565677e-27
1.10427857486306e-16
4.90326449069885e-30
1.51392810571839e-17
9.9783756088833e-33
0
2.36760840925194e-44
8.88416708881733e-18
4.21236678539028e-27
1.0305039353045e-16
2.11457243124055e-30
5.61758955357003e-42
4.16532012161712e-29
2.00846523361858e-38
5.97847630870873e-28
1.18106188454017e-29
4.19902017077908e-42
0
2.41543088104341e-16
8.14085083336641e-31
7.73757868589108e-32
7.17535976307028e-25
6.75817552893517e-32
5.60557568151155e-20
7.87320329503686e-20
3.04736790485559e-19
3.00682558084174e-37
6.69596052630531e-32
2.93334274299911e-16
1.92961306866471e-26
3.64525782366868e-16
3.26201145932572e-30
3.33168242004205e-16
2.1959285242865e-31
0
2.07487176012162e-43
2.34704805789838e-16
9.27363925805611e-26
2.267815482839e-15
9.8692665485406e-29
4.99349609138818e-40
5.49177530936249e-28
1.76709312415762e-37
5.25118510983066e-27
4.52492345096073e-28
8.41283045310057e-41
0
2.39481582060365e-15
9.91481594429161e-30
6.39271033132459e-30
5.85277674774179e-24
3.39758757153745e-30
9.88041211603062e-19
3.61747516647415e-18
8.28668623218099e-18
1.3815364063177e-35
2.78307761594755e-30
2.51969640863956e-16
1.65714281474798e-26
3.13122053979233e-16
2.05230771559744e-30
2.86186407928503e-16
1.88626887888009e-31
0
1.78875908300406e-43
2.01527818029463e-16
7.96275252472556e-26
1.94802003020894e-15
7.26375252544014e-29
1.91204587739774e-40
4.72527349557202e-28
1.51887475901011e-37
4.52070242966493e-27
4.08908461504902e-28
7.03773625322734e-41
0
2.05454275405656e-15
1.82447244756476e-29
2.02514928599093e-31
4.87963394285375e-24
2.54786110469137e-30
8.476533211895e-19
3.12620233512355e-18
7.16130919057445e-18
1.19391622391454e-35
1.82949634835407e-30
1.411661027125e-18
2.08649989910718e-28
5.41969066081892e-18
3.51163864293769e-32
5.70095565801753e-19
3.75752895440725e-34
0
1.19852275953269e-45
3.15631766285809e-20
1.71032691435095e-29
3.88051014131394e-18
4.42987852165371e-32
0
2.07570068139841e-31
1.10071800058492e-40
2.92203652841664e-29
7.82496104027426e-32
3.77113068376257e-44
0
1.83873129882082e-19
7.73737022033734e-32
2.91638266525631e-31
2.91311372301414e-28
6.9354292977397e-34
1.13787204124147e-22
1.65426712441242e-21
5.5318752239733e-21
6.31620244238807e-39
0
1.98681168233819e-17
2.90450067121907e-27
5.48667999765564e-17
0
8.02352038777408e-18
5.28834227226761e-33
0
1.7148253829628e-44
4.11969093733261e-18
2.23236931781197e-27
5.46146805231484e-17
1.80336284908685e-30
5.02792887842525e-42
2.76042537103833e-29
1.46369479758633e-38
4.35710395961561e-28
1.04418656060111e-29
5.43725652129925e-42
0
2.3998705674104e-17
2.89795688240973e-32
1.93155588569533e-33
2.84178770675204e-26
5.25593847550371e-32
1.48519053992073e-20
5.21944684429964e-20
1.21212987038943e-19
1.99333939192963e-37
2.77852462200621e-32
4.03840068858899e-16
5.3123369909025e-26
1.003702123847e-15
4.65042151245919e-29
1.37604123601696e-16
9.06955637843672e-32
0
2.15204076589831e-43
8.07502779213652e-17
3.82871894716119e-26
9.366467914011e-16
1.9235278015399e-29
5.10573473718701e-41
3.7858864338603e-28
1.82551452562144e-37
5.43390551092481e-27
1.073509762312e-28
3.81655524486891e-41
0
2.19545331513931e-15
7.40287144284298e-30
7.1687236711104e-31
6.52315528905142e-24
6.14795021834898e-31
5.09506597087599e-19
7.15584090046276e-19
2.76970872890094e-18
2.73286039585146e-36
6.03686342111495e-31
2.90375376695121e-15
1.91015165836766e-25
3.6084876757913e-15
3.23517174732439e-29
3.29807534444189e-15
2.17377793314177e-30
0
2.05388989010351e-42
2.32337957771622e-15
9.18012053088001e-25
2.24493974844338e-14
9.77969212331845e-28
4.94285792518253e-39
5.43631502495136e-27
1.74925967456858e-36
5.1981347538108e-26
4.4782284186329e-27
8.32871073016263e-40
0
2.37067921369778e-14
9.81852197094102e-29
6.36919775172714e-29
5.79495770478613e-23
3.36526549926267e-29
9.78083047989548e-18
3.58099771006568e-17
8.20312595259622e-17
1.36760543744014e-34
2.75594159877387e-29
2.91070966783944e-44
1.96685326591904e-54
3.61713174643054e-44
6.56059280726141e-59
3.30597587726604e-44
2.18129737999422e-59
1.03161921167072e-55
1.07224597908237e-71
2.22482451523769e-44
8.79071023972712e-54
2.15056692386995e-43
0
6.88884360782607e-70
0
0
0
0
1.11090700800989e-59
9.23234690292044e-60
2.31610448845566e-43
1.08999750625177e-54
2.12081587827137e-57
0
2.98203891787181e-58
9.34259696913613e-47
5.0441717535207e-35
0
0
2.6760452268529e-55
0.935475127332207
0.0180859888916019
5.29944457063212
60.8454189259784
0.278062880677103
0.280474117745047
2.2140843519172
0.0236942838003197
8.96221513155808
2.01045503599598
0.3386715342245
1.72326032413491
2.74282905186172
0.186196272553409
1.11383217971825e-25
1.34893354456784e-28
4.40843697982527e-13
9.67692443182301
4.26601081973291e-14
2.80070353337513
161.312662721949
0.781290507338343
0
3.26917712574408
3.2405626849723
0.905101934196002
0.417237042840623
0.105317613875577
125.173807532653
16.2658198915055
21.1323986286648
0.00198515413489715
0.40725462720039
7.3282291833365
69.5277652597174
0.702091283406722
1.78169351313835
0.00201867805148056
0.015870546017853
2.9838842129465
0.246907300957107
2.87101599535548
0.0705478971806757
45.4399954170462
35.4897234237614
17.7580248007682
179.817678210558
5.8790020565349e-14
9998.27001318381
1.60724359065794
2.31569729023058
0.735101992908103
48.1632780063769
0.0389274014019962
0.389296413604287
11.5074144559107
0.184939191624989
0.0635949332628361
0.167120130211045
1.18037963485418
1.83942884196472
0.00395786537607176
40.7656389434607
1.44186797096387
0.0564402955663771
0.348430187601283
0.0871256102809456
0.196549818173245
20.1531905743137
8.88385818756179e-14
8.38671954966159e-11
1039.05994175255
0
220.580265846512
22.0833865985653
11.1079060075799
0.301141233938207
0.511666219672659
105.308947692449
0
0.295669173876376
18.4152008202629
1.03881853225381
0.651945007186678
1.10020922212584
0.000560154210246262
0.00280787722474576
0.0327232280416513
6.25597520332167e-15
0.00364693638822876
0
0.21971642645722
0.0285512431906016
2.33069105447745
0.233337063949583
0.702095883590829
3.26893307735243e-06
1.34469175948709e-05
0.00483193335140126
0.0198740775203811
8.3916677356572e-14
0.00338353557961793
0.000453163682759233
0.000389927659921228
0.0144271205285222
0
0.00067821116084374
0.00193511309549282
0
0.00110353996513931
0.00311712164750403
0.000532875405030715
0.000340300515399055
3.98442703187837e-05
0
0.000105656023697204
0.116397537885276
0.00135480888405277
0.00154169489227704
0.000200336891077558
235.651180878754
15.3167914497409
0.0819145888094296
0.51267558214543
0.0666200768860925
9.03049376895773
0
0
0
0
37.688141589174
88.8110717438365
