1897.49871407261
296.623207372445
6.24599634728402
205.623074434097
2.23073118217369
2.90308659681047e-84
0
6.24599634728402
6.24599634728401
6.24599634728401
6.24599634728399
6.24599634728399
6.24599634728399
6.24599634728399
6.24599634728399
6.24599634728398
6.24599634728397
6.24599634728401
6.24599634728401
6.245996347284
6.24599634728399
6.24599634728398
6.24599634728397
6.24599634728396
6.24599634728396
6.24599634728395
6.24599634728395
2.05449195467783
100.108090951754
24.0510493976065
9.28808242098249e-05
7.68460966892951e-06
0
0
0.210756008750033
0.0544114862079304
0
5.51378605793082
12.0016163390969
7952.54273809293
7.8689966823927
0.060820453194825
1155.0072599596
1.00596068408057
1.82027504511985
33.4744780232619
6.82562066075873
0.255591972202053
0.890707517619491
2.7510599136143
11.408053415359
1.12191093001073
141.300164983357
49.4078239643597
16.0165841749884
55.2985589828398
4.03419062390217
14.058672834134
5.15177318060294
1.26056810576571
20.3905215669546
0.585196539842595
108.829606920315
11.5363504364378
4.20507130781588
41.1843520712807
3.44311032435314
3.90047076050236
0.684171162973969
71.1678458711659
0.730031560735629
9.40288203432035
26.5191064026422
16.7404467986789
0.0837036411246547
0.149754925733521
9185.24459763636
4.54437414838082
22.3067480275843
4.48024047971895
0.245468801207128
0.275806334963943
0.0183139604882396
5.20511628321681e-18
7.45591445843806
4.89063072842986e-17
1.54184769907746e-20
0.946657136617215
3.87020251262768e-20
31.5946903644278
1.53883658819547e-21
0.000122094841856897
0.538036706139702
0.000201952319529543
89.3215437570186
0.00172221721958322
9.04779095829e-06
42.3974480310568
1.21176854135621e-09
2.27723353298578e-05
6.8183611754623e-09
31.7324212645045
1.79723032903704e-05
763.289205521605
2.1621279676996e-07
0.0863320013407755
47.1112281150993
1.6492415250181e-05
7.63101314147149e-07
8.03459832862083
1.79543589870934e-05
117.680341093259
2.83676251849238e-08
7.28363522254351e-05
0.0010114049899979
1.14688160041286
0.00339677836115311
3.2345254905905e-05
0.000108630729566132
3.30812243238495e-08
1.11102464447746e-07
2259.99225199989
2.36171024526172e-07
2.36171024507311e-05
55245.5811812783
0.0075012499579661
0.0749926673513185
1638.1692811984
0.000222430771637806
0.00133886491554596
0.00524879160139514
0.410448626076957
3.40269952246483e-06
0.00570352587382025
4.40360127453364
0.000602808772520072
0.000769660302520023
3.17592285146267e-05
0.117612205573213
0.0216875662583789
1.1300462735029
0.124178950379265
0.042920374245519
0.0233790566771553
2.92170045106449
1.00983682347122
0.526399431542475
0.0269360544695375
1.00126294689587e-08
0.633755417107205
0.000564407366195033
0.100040248073347
0.00062444345432585
2.95343916198518
0.00260212624828341
5.04882720175296e-15
3.4918286112337e-15
2.0998339629697e-16
7.66416641679772e-16
5.55085398986823e-19
1.07265744068697e-18
4.9168312414949e-19
23.7967843531367
4.98575047059535
0.884746390691359
0.185376029758767
0.105261210994124
4.77218666765293e-20
1.00000402231916e-20
1.82436768199098e-07
6.69281099107122
0.574190123157243
0.808085905871481
0.0218147955097306
0.0271390477683835
0.566278367128205
0.0210538001272948
0.00250484039352288
1.13561016971485e-21
0.000782768037890546
9.31283281872509e-05
4.22213253027915e-23
5.02320135985642e-24
5.68968790890042e-29
0.0447934257093727
0.000652998556228386
0.726899477736604
0.256295542685379
1.00172015365422e-15
7.22223874453168e-18
1.34182300812198e-28
6.23608783611758e-15
4.39504715068892e-16
3.61027644801261e-19
2.4915813542511e-15
1.57803616520414e-22
1.26381838364196e-14
2.91911531211172e-16
8.74071666990516e-28
5.73782248023097e-18
1.36494739828706e-16
7.59285359431533e-19
1.29461472598227e-24
2.76436580993501e-31
1.17087418615246e-28
2.54259218520815e-35
2.69008470698899e-27
5.6240495509188e-29
3.3514575204931e-28
3.57119167062917e-14
0
2.47844092011652e-18
2.5804758539548e-19
2.72221313989892e-21
2.39569163525708e-30
3.10689290374476e-31
5.84217257030231e-43
1.05719942266897e-34
6.85975114560856e-45
6.97664436352615e-29
5.01001464904108e-29
9.65550643528882e-34
9.80057974550586e-33
0
0
0.498650575053277
0.0185395302147831
1.00000050602759e-21
2.48007138483974e-15
1.57077614059283e-22
1.24812815608084e-14
2.38365416079905e-30
2.90546791046981e-16
3.17259155079361e-31
8.77591837828778e-28
5.81705815577581e-43
5.73371610876439e-18
1.29370824976304e-24
1.35856599487659e-16
2.79028974100173e-31
6.85494564273863e-45
1.1711005732017e-28
2.54175830066642e-35
2.67807921435677e-27
5.66888702384319e-29
3.3717216140447e-28
7.18048083052319e-29
3.56889919773877e-14
4.997129619247e-29
9.64650071408271e-34
0
9.83694864759221e-33
2.47674112955715e-18
2.57787951215375e-19
2.7182368686115e-21
0
0
3.60629674174251e-19
3.74774492323296e-21
0
0
1.43867420966755e-16
9.11180333715184e-24
7.29746556799116e-16
1.40314684210634e-31
1.68553834592452e-17
1.7985674156452e-32
5.0608234707361e-29
3.61772940995372e-44
3.3130927482205e-19
7.47527244595861e-26
7.88138242782433e-18
1.65835970593778e-32
3.95789531982233e-46
7.26432950906623e-30
1.59471672050212e-36
1.69304231176224e-28
3.22988437846836e-30
2.18926775897939e-29
4.51230248503524e-30
2.06205599442705e-15
2.89034221766761e-30
5.57521402720947e-35
0
7.89477387954241e-34
1.43108386490763e-19
1.49000008878702e-20
1.57184099411226e-22
0
0
8.89119275659123e-15
5.63112610502618e-22
6.22244451729282e-14
1.20377141483532e-29
1.04165017136029e-15
1.14490351056815e-30
7.17086784116206e-27
2.33909432948372e-42
2.21527106004076e-18
4.99831613442028e-25
4.8706284500675e-16
1.17434817457205e-31
2.64672622913009e-45
4.9928713765965e-29
1.09987226100212e-35
1.10794675699407e-26
2.17399568571771e-29
1.53964514824107e-28
3.2380086007987e-29
1.37893135155973e-14
1.92844690768178e-29
3.72717984739526e-34
0
5.89164107129783e-33
9.56903258342341e-19
3.22420939021315e-19
4.97282790830059e-21
0
0
8.90066239008994e-15
5.63712357967765e-22
6.2328622441747e-14
1.20576759866354e-29
1.0427595889184e-15
1.14611969026312e-30
7.17799090860992e-27
2.34142071505755e-42
2.21856540291065e-18
5.0057491603405e-25
4.87581596157127e-16
1.17604958838126e-31
2.65066351841251e-45
4.99992821527671e-29
1.10141524635425e-35
1.10903236510723e-26
2.17724137302119e-29
1.54174844461174e-28
3.24245860663483e-29
1.3809819658242e-14
1.93131652659256e-29
3.73272255888059e-34
0
5.89875863528903e-33
9.58326274844825e-19
3.22449272075128e-19
4.97341997827505e-21
0
0
4.67129579643635e-19
7.20493481373058e-21
0
0
2.58134517215045e-18
1.8165778055976e-25
1.44343945080645e-17
2.66134752564504e-32
2.68810024649595e-19
2.92218712807578e-34
1.23691540677477e-30
7.44183256051125e-46
4.64171621664615e-21
1.19693535481244e-27
1.25692716785627e-19
3.77912512875183e-34
7.13473329801852e-48
1.35493285122638e-31
3.23475461498456e-38
3.50440813698303e-30
5.90043147740092e-32
3.81041625762144e-31
4.24256209375255e-31
8.25487816522391e-18
1.15677546965374e-32
1.11537956572302e-37
0
9.11731147183112e-36
2.29148485008833e-21
2.08494666834251e-22
3.03341307654923e-24
0
0
9.26378866656812e-18
6.51897448309852e-25
7.20588605040812e-17
1.39412985344084e-32
9.64712666032568e-19
1.06154793398364e-33
1.07144297009337e-29
2.97635683857007e-45
1.79605274925578e-21
4.63135297347309e-28
4.51087811655927e-19
1.24780568256755e-34
2.75895547280111e-48
5.78268959337277e-32
1.40123604442392e-38
1.41083379524868e-29
2.266188641237e-32
2.13973914442263e-31
4.49963754055213e-32
3.19423463655681e-18
4.46713824729e-33
4.31692519170514e-38
0
5.45826814574231e-36
8.86649950029769e-22
2.70119653574819e-22
5.83279679798112e-24
0
0
6.29295841881554e-17
3.98570512765742e-24
3.16701310921232e-16
1.43098071032872e-32
5.52927292523412e-18
2.1534317333888e-32
1.933130581938e-29
1.11103599018635e-44
1.09121997888616e-19
2.46213849041165e-26
2.58542928943814e-18
4.15936384213621e-33
8.69769921041027e-47
2.23364215136372e-30
4.85785969450613e-37
5.11282113111665e-29
7.18883537021861e-31
4.34447002554306e-30
4.23283988898254e-30
9.05730146643615e-16
1.26920114059053e-30
3.05667816342413e-35
0
1.25900989593023e-34
9.42836528098574e-20
3.4285791985034e-21
8.31379938860692e-23
0
0
5.05335624526571e-16
1.60029711238739e-23
1.27158360258876e-15
0
1.48003445591773e-16
1.63916206241013e-31
2.63592405270879e-28
1.19901844702629e-43
3.50641341951115e-18
6.59298420444682e-25
6.92048178035474e-17
1.98446698712477e-31
4.1937133887516e-45
3.70126987952294e-29
5.23479229648397e-36
5.41965795900549e-28
4.16669567400461e-29
1.36937399178756e-28
1.52913682011789e-29
1.09224922676849e-14
1.53021116140532e-29
2.92605684905969e-34
0
7.5010097928022e-33
2.02132747810529e-18
1.91608490822672e-19
2.74980577831729e-21
0
0
7.32484084589692e-16
2.31962783500501e-23
1.84316067562824e-15
3.52827613110503e-31
2.14531022747429e-16
2.34223537645908e-31
2.59205483700326e-28
1.72001557519973e-43
5.08052882449725e-18
9.55273732609918e-25
1.0031242879817e-16
2.51387778337075e-31
6.07396572520131e-45
5.19466257139022e-29
7.51788228116527e-36
7.92086275950776e-28
5.02247387296728e-29
1.49698066320992e-28
3.18761352337735e-29
1.58123979413646e-14
2.07426305196615e-29
4.27062096384619e-34
0
1.02378800121629e-32
2.92625918654185e-18
2.79420326050383e-19
4.01000822255375e-21
0
0
1.75402100847068e-18
1.23423314251683e-25
1.36353195957858e-17
2.64110499423652e-33
1.82660285576062e-19
2.04110835113822e-34
6.10429412116685e-30
5.57852168383302e-46
3.40109974117565e-22
8.77017303539858e-29
8.54097092458893e-20
2.97271748748128e-35
5.22431554160428e-49
1.09521132887964e-32
2.65384033805373e-39
2.67137228993715e-30
4.29125789628461e-33
4.05154714687604e-32
8.5085298655143e-33
6.0487703504739e-19
8.45848874878627e-34
8.17475609125618e-39
0
1.03389186730321e-36
1.67900687606251e-22
5.11512747578617e-23
1.10452692061012e-24
0
0
2.46873722056258e-17
1.73733189023631e-24
1.38047121178515e-16
2.57626496775883e-31
2.57083523843483e-18
2.79454063884427e-33
1.18452317811682e-29
7.11773200673813e-45
4.4392277826306e-20
1.14472070961692e-26
1.20209529355022e-18
3.62563928525986e-33
6.82348769792814e-47
1.29583248917462e-30
3.09365783767972e-37
3.35279911609835e-29
5.64303338058562e-31
3.6328931512019e-30
4.09968484284886e-30
7.89477100547022e-17
1.10632499904115e-31
1.06671991323102e-36
0
8.7197719957741e-35
2.19152212668426e-20
1.99398919068981e-21
2.90107798824117e-23
0
0
5.7176333220282e-16
3.62131758049198e-23
2.87747327717776e-15
1.23019521653093e-31
5.02376672780518e-17
1.92772275796386e-31
1.76859503632331e-28
1.00963928767197e-43
9.91459226299956e-19
2.23704658393264e-25
2.34905995601568e-17
3.80780960896762e-32
7.90255991437825e-46
2.02964741791825e-29
4.41465298767768e-36
4.64609760549499e-28
6.53145517516436e-30
3.94970620015775e-29
3.86831446272944e-29
8.2293144465294e-15
1.15322207553955e-29
2.77710176168322e-34
0
1.14436584564902e-33
8.56645688151643e-19
3.11500421371796e-20
7.55342625679217e-22
0
0
5.00048503849264e-15
1.58355387097262e-22
1.25827954162043e-14
0
1.46454945863036e-15
1.62201655190761e-30
2.61423580513268e-27
1.18655970475801e-42
3.46973691889365e-17
6.52402268722186e-24
6.84807558469919e-16
1.96563471586907e-30
4.14985973693149e-44
3.66336211633321e-28
5.18035420073368e-35
5.36263769061577e-27
4.12797799443124e-28
1.35738243685567e-27
1.50845794811646e-28
1.08083067313648e-13
1.51422017146394e-28
2.8953021489145e-33
0
7.42559453956295e-32
2.00019618324227e-17
1.89604428680069e-18
2.72104514441804e-20
0
0
3.03923994299592e-45
9.61704123419943e-53
7.6476850118773e-45
0
8.90137092135025e-46
3.87684847016967e-58
2.99058721001235e-55
1.22348489489787e-70
2.14654258828829e-47
4.03638157000622e-54
4.23822612641108e-46
4.51110463864514e-58
0
9.7172471045197e-57
2.99849617260879e-63
0
0
9.15724869632076e-56
1.32767261713407e-58
2.12813725195423e-43
0
1.80424813172807e-63
0
2.20847946451476e-38
1.23373243975201e-47
3.79966337888874e-32
1.69411585359331e-50
0
0
1.82664916864984
0.0633000696783562
5.29936982915529
232.405998433056
0.300704179280765
0.629410170150784
3.2361670619547
0.0164811706173156
22.7414005259811
3.57418014323382
0.0404066098215283
5.16970809788993
3.20529079555672
0.0124957586448563
4.26757942650587e-27
5.21261399574297e-29
1.08797206467045e-12
19.3535759274601
2.10561482861129e-13
2.58838925066916
191.275395234452
1.17233381002119
0
6.11858882334665
2.92273018811798
0.753569987600721
0.361321991646394
0.0700496035814443
285.425248039679
24.9876840898928
21.8700111403916
0.00583778769652833
0.845112088029538
15.2040113504612
78.5780064489983
1.64657284470605
4.17863651713367
0.00165499236920931
0.0275392447054442
0.896133390280032
0.15777242964078
2.4826696949962
0.0389820420570822
90.8898075257622
41.4823636923032
20.7565675969501
352.700542824513
1.4511308241786e-13
9994.47769671881
4.97056612352521
0
2.58929248749922
63.2324207918093
0.553114227014208
5.53148156301313
14.8459452689581
0.737875380189764
0.833005752568403
0.00587107960331376
36.4565990174801
1.99549865030493
0.0580997051352504
46.6763054783292
23.457875138612
0.201524922666256
0.213966684853173
0.616104110743738
0.430965508164962
20.9559649297983
2.27971155061178e-13
5.23484964279938e-10
2527.40400377206
0
428.240815330513
44.2876923499948
23.0503070651154
0.108746364178251
2.6253800581864
122.292537738703
0
0.0110402710608512
27.8215448998971
0.105326127600645
0.230042046007691
0.026053326641116
0.000174439131310561
0.00630113928514535
0.0612447627211104
3.6613620748345e-14
0.00505742421929776
0
0.333231556883299
0.0291729092971672
4.68280756386774
0.484285321012059
1.64658314071837
6.28545267340112e-06
2.2872351688955e-05
0.00340340180320632
0.0123833119808235
5.23794132324427e-13
0
0.00636858095398749
0.00554087017502148
0.234716075800956
0
0.00591774571142147
0.00246593289532839
0
2.6132199762646e-05
0.000316045913889722
0.00273420524567773
4.06009621661157e-05
0.000234983472976765
0
0.000380376397322099
0.0930122171439819
0.000865095439458272
0.00224472603993274
0.000196515569450948
576.419204541077
13.2200433230318
0.0567777469584395
0.810286227055877
0.0709368789310773
3.26103918505522
0
0
0
0
18.701569622429
107.79764371042
