0
0
0
5811.66666666667
12650
0
0
0
0
45299.2717573125
2090.73561956827
2787.64749275769
0
0
0
0
0
0
0
0
0
0
0
0
2450.7
28802.5
1047746.47727273
174610
10708.3636363636
63640.2857142857
0
1750
21826.1538461538
2993.4
95249.9999999999
4662.00000000001
1701.9505136658
261912.461538463
24110.6086956522
134064
100780.8
2413850
148969.333333334
2193.59559216804
23490
16077.4285714285
372116
12228378.2608696
362685.555555556
1706
14405
18981.6923076923
3329.00000000001
1738.440310796
2407.66666666668
0
0
96244.9999999997
3514.25
341.058823529412
0
0
21446.4444444444
0
726.252683583506
1089.37902537526
0
200.159509972935
16757
737846.000000003
10233
0
4269.99999999998
6467.99999999999
0
743.833942429794
57242
7190.99999999998
57.7777777777778
18849
16347
30598.7204375071
30598.7204375071
249220.214285714
152647.875
222524.666666667
3723
38465.3333333334
2825
441750.000000002
629233.333333335
19.200467625431
134935
15126.6081635504
74994.5
38211
32.0007793757184
1168.58298312006
2658
95804.0000000001
1224855.96969696
0
149524
81475.9999999999
49297.3333333333
6346.00000000001
131782
222511.666666667
2000
4014
25545
1519.98021422938
0
39199.3333333334
7991839.45945947
1492928
114472.5
12092
386698.064516129
10211
82208.3333333335
6099.5
42612.6315789474
2961.66666666667
666.344772010592
172.032150377747
1968.73627747806
590.620883243419
0
0
2205347.36842104
280
5496
0
0
4666.00000000001
105516.4
2165.48525637434
25350.3999999999
1706.66666666667
0
