0
0
0
1585
2530
0
0
0
0
4181.47123913654
696.911873189423
1393.82374637885
0
0
0
0
0
0
0
0
0
0
0
0
3501
23042
1317167
87305
3272
148494
0
1750
23644.9999999999
1663
76199.9999999999
7770.00000000002
2663.92254312908
200286.000000001
61616
150822
17376
2027634
159610
0
23490
37513.9999999999
279087
3440400
326417.000000001
1706
14405
13709
3329.00000000001
632.160113016728
7223.00000000003
0
0
192489.999999999
14057
5798
0
0
27573.9999999999
0
363.126341791753
363.126341791753
0
57.1884314208386
16757
194170.000000001
3411
3589.99999999999
4269.99999999998
3234
0
0
28621
798.999999999998
65
6283.00000000001
5449
0
30598.7204375071
59137
135687
333787
2482
28849
2825
147250.000000001
377540.000000001
6.40015587514368
134935
10084.4054423669
42854
38211
19.200467625431
3505.74894936018
3101
47902.0000000001
662626.999999997
7333.00000000002
74762
81475.9999999999
36973
6346.00000000001
18826
133507
799.999999999999
2007
3406
1519.98021422938
0
58799
3285534
746464.000000001
76315.0000000001
12092
332990
10211
49325.0000000001
12199
53976
1777
0
86.0160751888734
196.873627747806
393.747255495613
0
0
1074400
210
2748
0
0
4666.00000000001
47962
866.194102549734
126752
2048
0
