0.000000000000000000e+00
0.000000000000000000e+00
0.000000000000000000e+00
5.283333333333332575e+02
1.265000000000000000e+03
0.000000000000000000e+00
0.000000000000000000e+00
0.000000000000000000e+00
0.000000000000000000e+00
6.969118731894210441e+02
6.969118731894210441e+02
6.969118731894210441e+02
0.000000000000000000e+00
0.000000000000000000e+00
0.000000000000000000e+00
0.000000000000000000e+00
0.000000000000000000e+00
0.000000000000000000e+00
0.000000000000000000e+00
0.000000000000000000e+00
0.000000000000000000e+00
0.000000000000000000e+00
0.000000000000000000e+00
0.000000000000000000e+00
3.500999999999999659e+02
1.920166666666666515e+03
2.993561363636363603e+04
4.365250000000000000e+04
2.974545454545454959e+02
2.121342857142856883e+04
0.000000000000000000e+00
1.750000000000000000e+03
1.818846153846153811e+03
1.662999999999999829e+02
9.525000000000000000e+03
1.554000000000000000e+03
7.399784842025607645e+01
1.540661538461538294e+04
2.678956521739130494e+03
5.586000000000000000e+03
3.475199999999999818e+03
9.655400000000001455e+04
1.064066666666666788e+04
2.193595592168027451e+03
7.830000000000000000e+03
1.786380952380952522e+03
9.302900000000000000e+04
3.739565217391304031e+04
3.626855555555555475e+04
8.530000000000000000e+02
7.202500000000000909e+03
1.054538461538461434e+03
3.329000000000000000e+03
1.580400282541806405e+02
2.407666666666666970e+03
2.596851073600134441e+03
2.596851073600134441e+03
2.406125000000000000e+04
3.514250000000000000e+03
3.410588235294117680e+02
1.004284110969963308e+03
1.538445268057752401e+03
1.531888888888888687e+03
2.596851073600134441e+03
3.631263417917589891e+02
3.631263417917589891e+02
2.596851073600134441e+03
2.859421571042156529e+01
5.585666666666666060e+03
3.883400000000000000e+04
3.411000000000000000e+03
3.590000000000000000e+03
2.135000000000000000e+03
1.617000000000000000e+03
3.719169712149198403e+02
3.719169712149198403e+02
1.431050000000000182e+04
7.990000000000000000e+02
7.222222222222223209e+00
6.283000000000000000e+03
1.089799999999999955e+03
3.059872043750702869e+04
3.059872043750702869e+04
4.224071428571428442e+03
1.696087500000000000e+04
1.112623333333333285e+05
6.205000000000000000e+02
4.808166666666666970e+03
2.825000000000000000e+03
7.362500000000000000e+04
1.258466666666666715e+05
6.400155875145395079e+00
1.349350000000000000e+05
5.042202721183423819e+03
1.071350000000000000e+04
3.821100000000000000e+04
6.400155875145395079e+00
1.168582983120060362e+03
4.430000000000000000e+02
2.395100000000000000e+04
2.007960606060606005e+04
3.188260869565217490e+02
7.476200000000000000e+04
2.715866666666666788e+04
1.232433333333333394e+04
1.586500000000000000e+03
1.882600000000000000e+04
4.450233333333333576e+04
2.000000000000000000e+02
2.007000000000000000e+03
1.703000000000000000e+03
1.519980214229280364e+03
1.519980214229280364e+03
1.959966666666666788e+04
8.879821621621622762e+04
1.244106666666666715e+05
3.815750000000000000e+04
3.023000000000000000e+03
1.074161290322580680e+04
1.021100000000000000e+04
1.644166666666666788e+04
6.099500000000000000e+03
1.420421052631578959e+03
5.923333333333332575e+02
6.663447720106240695e+02
1.228801074126680248e+01
1.968736277478230363e+02
1.968736277478230363e+02
2.596851073600134441e+03
2.596851073600134441e+03
2.827368421052631311e+04
7.000000000000000000e+01
1.374000000000000000e+03
2.596851073600134441e+03
2.596851073600134441e+03
1.555333333333333258e+03
9.592399999999999636e+03
4.330970512748726264e+02
2.535040000000000146e+04
3.413333333333333712e+02
2.596851073600134441e+03
