1.897392000000000053e+03
3.564034343035872325e+02
5.634168895270077471e+00
1.730768809932577597e+02
3.710468888574518509e+00
8.641326306307726392e-69
1.264807570058729226e-103
5.619719456940662994e+00
5.595422200240228960e+00
5.593941533776102482e+00
5.488139872305893618e+00
5.483958195068583841e+00
5.474669124383249041e+00
5.473399875829678685e+00
5.451370150137591963e+00
5.427671952462177707e+00
5.403426881472576326e+00
5.600691088936677886e+00
5.553083841725998226e+00
5.496626124953031045e+00
5.465850632722093927e+00
5.430243908684373899e+00
5.389288568864311735e+00
5.378886866126820543e+00
5.374286876877214958e+00
5.372091406669533775e+00
5.372062195837996157e+00
2.107930373973475324e-01
7.576367693584120389e+01
1.832001110125394305e+01
5.534073068334059145e-04
1.039507427024970092e-05
0.000000000000000000e+00
0.000000000000000000e+00
5.503794150638401561e+01
1.524445612349605597e+02
0.000000000000000000e+00
7.490929197657225203e+00
1.716322920272554065e+00
7.966121259208121955e+03
3.461288104227924656e+00
3.536754097178017309e-02
1.129892955915680432e+03
6.098215411074620063e-01
1.520502171311351569e+00
1.948598104509428453e+01
4.010919970635189458e+00
2.550149752720112795e-01
8.895806159807934099e-01
2.746654420693613208e+00
1.140851485559531220e+01
1.122251938727207632e+00
1.412869083483183772e+02
4.929311810803304184e+01
1.602259073804925649e+01
5.529830195007406246e+01
4.023780304558573384e+00
1.404897113772052819e+01
5.193001509592746423e+00
1.273271563741152024e+00
2.043738458288216719e+01
5.917679182718947883e-01
1.088165810728263665e+02
1.155108852354953086e+01
4.205125584879712441e+00
4.141308367219068032e+01
3.443584144332971775e+00
3.900536607256178456e+00
6.841818242122976734e-01
7.116751454945095645e+01
7.300432371680142252e-01
9.402882718502642234e+00
2.651895615419603303e+01
1.674039383740239373e+01
8.396071417678982463e-02
1.497720318032879916e-01
8.996560903190611498e+03
1.959993180924609391e+00
2.902265999965005339e+00
3.468316295834952823e-01
3.188931293955268170e-02
3.624823104041967337e-02
2.375501572589335236e-03
0.000000000000000000e+00
5.007314547910462821e+00
0.000000000000000000e+00
0.000000000000000000e+00
7.807677185039666456e-01
0.000000000000000000e+00
1.638104957992590371e+01
0.000000000000000000e+00
6.072899368367008863e-04
2.861809595799875462e-03
5.479398994893218220e-06
8.994846314496501805e+01
8.622855095363377367e-03
1.303003964782213707e-04
4.841301046484373316e+00
1.991412682771740163e-09
3.987642218709524296e-05
6.192839534121737661e-09
1.054757417570992217e+01
8.603057589196675173e-05
3.098508256599589572e+02
1.263177062412009580e-06
4.117136452615037245e-01
6.436014909582874566e+01
1.118675828046026649e-04
2.768449614045825985e-06
3.814909038034078037e+01
3.235741845288127782e-04
1.249825483858565036e+02
1.093001393466737048e-07
1.328247495793523109e-04
1.789284438882305858e-03
5.448442248575219971e+00
2.988389075228335343e-02
1.012287954021700865e-04
1.683345562529953111e-03
3.239963876923020631e-07
5.341370032689494918e-06
2.259973794000677572e+03
2.312981213708333482e-06
2.207983266321932665e-04
1.781387379684125335e+04
2.261319923046891181e-02
2.259048842064194929e-01
1.866757746438631102e+03
2.369688696603099425e-03
1.688953048752672714e-02
1.580551814198850186e-02
1.060999055713245237e-01
2.648740103947322961e-06
4.475682916793175536e-01
2.082152126112448629e-10
4.066759931628868604e-12
5.200683628373075407e-12
7.063329797338753534e-04
2.607202449916521561e-10
1.601453350957026678e-01
6.100242481169976472e+00
2.769818482168626295e-11
3.674366835101702517e-12
5.265087308653435667e-13
3.237365779546493450e-09
4.357035254998232561e-10
6.349931077696401840e-11
4.755889459980665476e-12
1.876437409373498388e-18
5.604625910407149144e-10
9.496414505475885264e-13
1.900276965504817731e-10
2.369337432301779635e-14
5.524005495985673924e-09
5.530647776093581231e-12
9.212271780877545220e-16
4.960520141895461089e-18
6.198051649874694190e-19
2.418996511570762380e-16
4.866464836793833746e-17
1.333137286042559731e-17
0.000000000000000000e+00
3.307997881048236621e+01
6.604099583906892690e+01
2.049253441166505195e-04
4.091886984925531307e-04
4.905129308815678015e-05
2.230338756058368955e-13
4.452897214772280133e-13
0.000000000000000000e+00
1.400559763402115365e+01
2.160544120197662344e-04
2.117843487692029569e+00
2.960839166478381607e-02
1.376567744917742489e-02
1.094265823187353215e+00
6.778820267741113321e-06
1.622590075523126099e-06
7.377753376639032682e-15
4.199445817666045615e-11
1.005186571894177808e-11
4.570481932154717961e-20
1.093998414260220783e-20
4.974300420118999406e-29
1.961562555227241433e-01
4.485227043480142714e-03
1.194818419557158062e+00
5.882707820314077990e-02
5.279636123616933016e-16
5.252474268131326465e-24
2.387245189766469759e-32
2.001228347120207238e-17
5.225148352964502617e-20
1.347989652534326397e-17
4.247954798420811210e-19
0.000000000000000000e+00
1.447227739450005608e-14
9.857027958472776445e-20
1.010147686058715770e-28
9.622895435603460456e-28
1.499520629554349859e-22
2.573128093004784651e-28
0.000000000000000000e+00
1.128151027694784439e-36
4.366204644521618701e-36
0.000000000000000000e+00
6.815134345281805030e-31
1.041278442300664616e-36
4.733672525970876104e-45
2.401206637593780511e-16
1.799609016604270054e-38
1.830032310616536170e-16
4.899092144241691615e-18
0.000000000000000000e+00
5.087401501967812354e-31
2.119134847930978739e-38
4.059630416241565584e-47
5.170028960490229174e-47
3.937089766933354262e-55
9.599053173402004572e-64
8.519135315919114679e-34
1.364714062912239628e-41
1.920709989907228519e-33
5.210988178881384878e-36
0.000000000000000000e+00
6.605213682622979476e+00
4.091878848816967091e-05
4.453415830830338557e-14
4.225603965141924336e-19
0.000000000000000000e+00
1.426905197297937682e-14
5.015923664378975487e-31
9.804413431192599787e-20
2.107546626485519467e-38
1.004779575995107099e-28
4.037834054798038523e-47
9.614533308083888280e-28
0.000000000000000000e+00
1.491396472428435696e-22
1.127030957301726445e-36
3.932744758050739353e-55
4.362431603137057858e-36
0.000000000000000000e+00
6.779226606752735244e-31
1.040282023437385113e-36
4.729233795251794684e-45
9.589818801229709331e-64
2.399398869826818117e-16
8.511969935159292133e-34
1.363224543148793189e-41
1.797585738906477298e-38
1.918460681217681566e-33
1.827923579588970806e-16
4.893817036702157571e-18
0.000000000000000000e+00
5.204652402315745760e-36
0.000000000000000000e+00
5.973641876729326881e-18
0.000000000000000000e+00
6.287098321649240237e-36
0.000000000000000000e+00
2.943015637626379678e-23
0.000000000000000000e+00
1.003154851977163296e-18
3.472808245488054270e-35
6.826062977405848148e-24
1.451690152699322364e-42
6.933903896136383846e-33
2.754082532399944587e-51
6.821175435112116773e-32
0.000000000000000000e+00
1.045499663593527602e-26
7.901938801012246246e-41
2.723773315675445893e-59
3.056501975745224432e-40
0.000000000000000000e+00
4.692435278597804462e-35
7.287206260753487806e-41
3.275411185238688547e-49
6.562586922807479511e-68
1.695213704914296704e-20
5.938566124267435427e-38
9.580520472214148950e-46
1.259870001443955011e-42
1.327491561450246836e-37
1.279096200954041965e-20
3.444697116590893371e-22
0.000000000000000000e+00
3.618774239122777043e-40
0.000000000000000000e+00
2.361325186841280570e-18
0.000000000000000000e+00
2.225219184185356089e-13
7.545701144377347305e-30
5.474581920302412404e-19
1.147959828157202033e-37
5.495932039711991120e-28
2.150839319817984785e-46
4.431761944953882906e-28
0.000000000000000000e+00
8.460033547064161016e-22
5.107881756584036112e-37
1.751618308192743454e-55
1.975461619364305268e-36
0.000000000000000000e+00
3.735754250926902444e-30
4.709128917948259254e-37
2.106765745426360482e-45
4.200608752041931757e-64
1.109737094394231190e-16
3.866442396610017740e-34
6.199585808785137274e-42
8.142743047127070607e-39
8.608834786710022650e-34
8.334182869455967446e-17
1.044978400423026637e-17
0.000000000000000000e+00
8.939520546394599517e-36
0.000000000000000000e+00
2.363414253321279721e-18
0.000000000000000000e+00
2.227153088731722593e-13
7.552383454445991337e-30
5.479427262552705901e-19
1.148989075870496433e-37
5.500848763197845957e-28
2.152790536509687729e-46
4.438060278841350246e-28
0.000000000000000000e+00
8.467460478509379700e-22
5.115203477631170333e-37
1.754151571015735398e-55
1.978294492310948920e-36
0.000000000000000000e+00
3.739083361942128230e-30
4.715883155739052107e-37
2.109812325977999637e-45
4.206736277301319930e-64
1.111311363211402513e-16
3.871977700393729549e-34
6.208456980170179305e-42
8.154418180431830915e-39
8.621236009081712952e-34
8.346091390108351570e-17
1.045056639334188168e-17
0.000000000000000000e+00
8.940314896495204697e-36
0.000000000000000000e+00
1.339796690542012864e-17
0.000000000000000000e+00
1.144579360647388824e-35
0.000000000000000000e+00
1.519512448010035703e-22
0.000000000000000000e+00
5.702264661634731077e-18
2.003002660161668844e-34
3.134126727692583832e-23
6.732982169615806826e-42
4.414015606932119608e-32
1.773110233478052534e-50
2.690064204665655605e-31
0.000000000000000000e+00
4.768440540145445802e-26
4.052497586256662934e-40
1.413504193291304328e-58
1.742863842303030205e-39
0.000000000000000000e+00
2.978075310888208443e-34
3.740218927239000221e-40
2.266255766162747524e-48
4.593549556547161392e-67
1.917924595378257394e-20
6.801367520441528490e-38
5.446013761772299166e-46
7.181030620163371240e-43
6.129627037938427202e-37
5.842699675567149851e-20
1.193620534435081467e-21
0.000000000000000000e+00
1.255915522920250059e-39
0.000000000000000000e+00
8.507132251699618592e-22
0.000000000000000000e+00
8.907405020154848492e-17
3.020492174201946395e-33
1.753186948447364638e-22
3.676239165638276505e-41
2.420018800211250887e-31
9.470819197022782098e-50
1.242504192853862494e-31
0.000000000000000000e+00
2.709252493371934722e-25
1.841213333165158111e-40
6.314005224891489654e-59
7.912099968129989332e-40
0.000000000000000000e+00
1.644970675612116610e-33
1.697486208171304029e-40
1.012559257704726064e-48
2.018906507496114160e-67
8.889422418457808092e-21
3.097167922054882068e-38
2.482927639014145860e-46
3.261159698007010600e-43
2.758262385811880021e-37
2.670265450166720167e-20
2.679240328891987968e-21
0.000000000000000000e+00
2.288833347184708091e-39
0.000000000000000000e+00
8.089659047574776220e-20
0.000000000000000000e+00
2.729886167793017819e-15
9.598892582212992508e-32
1.407663048863908204e-20
3.023944955596825916e-39
1.442216661970437362e-29
5.794535665464351633e-48
1.380637844947447868e-28
0.000000000000000000e+00
2.141673846984085500e-23
1.078612398707685441e-37
3.762880353330476655e-56
6.263219559890095684e-37
0.000000000000000000e+00
9.732590697010278160e-32
9.956876571939821706e-38
4.525498196242788670e-46
9.174391796218388742e-65
4.594483043028051369e-17
1.629500181393101142e-34
3.261984358311505588e-42
4.300672995872042257e-39
1.835691700513044959e-34
5.248505911956105116e-17
4.288912630931470623e-19
0.000000000000000000e+00
4.512582914632210892e-37
0.000000000000000000e+00
9.345689691873055546e-20
0.000000000000000000e+00
1.578298852887966761e-15
5.536071025294332080e-32
5.423698964407029806e-20
1.163852095246355652e-38
2.217966584659654558e-29
8.897447894970579517e-48
6.385392647395313417e-28
0.000000000000000000e+00
8.227741373997701959e-23
7.470121227111284056e-37
2.601918124066973680e-55
1.445809419792985867e-36
0.000000000000000000e+00
1.498914410889614438e-31
6.899189934216716444e-37
1.563277009269513851e-45
3.170624651630202517e-64
7.981179490659889982e-17
2.825693288494278365e-34
4.482149679509321978e-42
5.907694720747938335e-39
1.481530062908577590e-33
1.616150971065833287e-16
3.446209699478884425e-18
0.000000000000000000e+00
3.619923669672972883e-36
0.000000000000000000e+00
9.032249175323346582e-20
0.000000000000000000e+00
1.525016316442544333e-15
5.359607474516279482e-32
5.239977651462437012e-20
1.126200440283835466e-38
2.147428851630375720e-29
8.629481877045821077e-48
6.166968570383378978e-28
0.000000000000000000e+00
7.971562697623957681e-23
7.226708265756424081e-37
2.521658748971956265e-55
1.398828114224427945e-36
0.000000000000000000e+00
1.449107116570672706e-31
6.671193100818901269e-37
1.516186848814690114e-45
3.073940030247640910e-64
7.695179174751734962e-17
2.729395416971909859e-34
4.368060234586584908e-42
5.759609130717317863e-39
1.434138534246667507e-33
1.561922700777170138e-16
3.352067040640847337e-18
0.000000000000000000e+00
3.527318450757830573e-36
0.000000000000000000e+00
1.449006783234288619e-21
0.000000000000000000e+00
1.517185645173265461e-16
5.144677405478958922e-33
2.986193562041564885e-22
6.261646227649237145e-41
4.121940444633207481e-31
1.613124017819150329e-49
2.116366946221340758e-31
0.000000000000000000e+00
4.614687470669670806e-25
3.136095723242174757e-40
1.075442680931958739e-58
1.347656925488947350e-39
0.000000000000000000e+00
2.801852502544079826e-33
2.891303795380709400e-40
1.724657429165373082e-48
3.438691160882577533e-67
1.514146030986136691e-20
5.275375376372620072e-38
4.228943021196485614e-46
5.554418511680264842e-43
4.697850836908032882e-37
4.548027584427338335e-20
4.563535007737537860e-21
0.000000000000000000e+00
3.898527539403056559e-39
0.000000000000000000e+00
1.307067400747082859e-20
0.000000000000000000e+00
4.905024842830181570e-16
1.722958766555265320e-32
2.695940605221417208e-21
5.791630326922010539e-40
3.796883581599837345e-30
1.525207343001168417e-48
2.313964058600110042e-29
0.000000000000000000e+00
4.101760233699134685e-24
3.485912194055474948e-38
1.215879397629001652e-56
1.499191536479858070e-37
0.000000000000000000e+00
2.561704779895201727e-32
3.217293180117044961e-38
1.949405950020634206e-46
3.951313621530980958e-65
1.649777724742655554e-18
5.850458551317780527e-36
4.684598483022492526e-44
6.177039760889856590e-41
5.272632592615408486e-35
5.025824093164000374e-18
1.026739164411619944e-19
0.000000000000000000e+00
1.080324191618654289e-37
0.000000000000000000e+00
7.351349983758234095e-19
0.000000000000000000e+00
2.480655705298526450e-14
8.722679940063108827e-31
1.279187293391574038e-19
2.747865514578573629e-38
1.310570850711547410e-28
5.265558259974399130e-47
1.254638527955847360e-27
0.000000000000000000e+00
1.946223466897837048e-22
9.801629358353862136e-37
3.419387310639658680e-55
5.691579588603773304e-36
0.000000000000000000e+00
8.844283867692553545e-31
9.048113219010778025e-37
4.112414437857677388e-45
8.336864604466747435e-64
4.175203472025402394e-16
1.480779375359295122e-33
2.964277182557165331e-41
3.908139243614625183e-38
1.668132654470285097e-33
4.769486503339240679e-16
3.897495511432904231e-18
0.000000000000000000e+00
4.100694159941348115e-36
0.000000000000000000e+00
9.249505907182679941e-19
0.000000000000000000e+00
1.562057858809198426e-14
5.479028660641572492e-31
5.367893301677888648e-19
1.151864191823069782e-37
2.195112029205208211e-28
8.805659292661947596e-47
6.319707222246866959e-27
0.000000000000000000e+00
8.142922107620456554e-22
7.393189052615163727e-36
2.575089660818478211e-54
1.430918805478301609e-35
0.000000000000000000e+00
1.483484572228594228e-30
6.828160560431695565e-36
1.547149865182330844e-44
3.137924173508443104e-63
7.899170879569601598e-16
2.796622875400180499e-33
4.435759196874261724e-41
5.846533239054762670e-38
1.466265891579861390e-32
1.599518046223664434e-15
3.410781888912996124e-17
0.000000000000000000e+00
3.582700982170851570e-35
0.000000000000000000e+00
0.000000000000000000e+00
0.000000000000000000e+00
0.000000000000000000e+00
0.000000000000000000e+00
0.000000000000000000e+00
0.000000000000000000e+00
0.000000000000000000e+00
0.000000000000000000e+00
0.000000000000000000e+00
0.000000000000000000e+00
0.000000000000000000e+00
0.000000000000000000e+00
0.000000000000000000e+00
0.000000000000000000e+00
0.000000000000000000e+00
0.000000000000000000e+00
0.000000000000000000e+00
0.000000000000000000e+00
0.000000000000000000e+00
0.000000000000000000e+00
0.000000000000000000e+00
0.000000000000000000e+00
0.000000000000000000e+00
0.000000000000000000e+00
0.000000000000000000e+00
0.000000000000000000e+00
0.000000000000000000e+00
0.000000000000000000e+00
0.000000000000000000e+00
1.607487304019867613e+00
7.183296520140831324e-05
5.950781571935694458e+00
9.557553989052374277e+01
1.039897983425672329e-01
2.073136755402398279e+00
2.442217821384749143e+01
2.924160701368309218e-02
1.371001703257525151e+01
3.886693601537446252e+00
3.343730252847554130e-10
3.742630484984955430e+00
5.130683321231334455e-10
9.619531484205846145e-11
0.000000000000000000e+00
0.000000000000000000e+00
2.373730543665295509e-12
4.200439731578135133e-03
9.970704678741271087e-17
1.645737260976015648e+01
1.720379973439922423e+03
1.907472036193514464e+00
0.000000000000000000e+00
2.650176455027377287e+01
1.328881791455243988e+00
2.160813522881879223e+00
2.539091119070068653e-02
8.628660595114709397e-02
3.946956013100577252e+02
1.205247268065164121e+02
3.678255058828759161e+02
1.929332548973971547e-11
8.052969291963091081e+00
1.449540864354090104e+02
1.098870173945700088e+02
2.194169816187364219e+01
5.568244407534569262e+01
1.106615182180217514e-13
1.848391938032579461e-11
1.663117106450389828e-09
3.026794965982966990e-09
1.944525476031329703e+01
5.799732851765543262e-09
6.467211918842682428e-01
1.786562273251083854e-01
8.939849254562283465e-02
2.724706196257536135e+02
3.172687032418393915e-13
9.996312027858339206e+03
3.530443571749840803e+00
4.517866652653023674e-01
7.943915422209030242e-01
2.516935399807417539e+01
9.409145132780874499e-02
9.409623382589957785e-01
1.111281594323506106e+01
3.923087145597606851e-01
9.729512246395718988e-02
6.668391590234765132e-02
4.912086731016075625e+00
2.906122810159069925e+00
9.747452887102202659e-03
2.033012741220253474e+02
1.738241618793428955e+01
3.045479243973953087e-02
4.988323926328919744e-01
7.820889624798997852e-01
1.518874171394689887e-01
2.138367475023765252e+01
5.074219900153764822e-13
1.555809731369365258e-10
3.451493996679693623e+02
0.000000000000000000e+00
2.743226091918211651e+01
2.628021217789931541e+01
2.196448345125303092e+02
2.253623128694832722e-01
9.237707246387554250e-01
7.201819797349375563e+01
0.000000000000000000e+00
1.386412612127876565e-11
2.592248974938457096e+01
7.551113656125896667e-10
3.487884198299584515e-01
3.035019372098615236e-10
4.711437249131336831e-04
2.076408592815025961e-02
2.653443154547829863e-01
1.559358939050266497e-16
5.231993238201178981e-02
0.000000000000000000e+00
5.676139780739632990e-01
1.733271223731366051e-01
5.045140993391894924e+00
4.833256627067857636e+00
2.194184648538002591e+01
5.600617574796078985e-15
1.458113145214162727e-14
8.417748268267501028e-11
2.191331432079827086e-10
1.592112384010051874e-13
1.450006439995579896e-03
1.038822012449296594e-03
9.425048363398373782e-04
1.739072858100389751e-01
2.346906758967235579e-03
5.478142610089258013e-02
0.000000000000000000e+00
3.050150895892097181e-13
2.266920883930188880e-12
9.638916443067405875e-04
3.398811159843177862e-13
4.608361455696507116e-13
0.000000000000000000e+00
2.434312691963569065e-12
4.001026588202713508e-02
1.600532493441863646e-04
5.742922104952734568e-04
1.753664714146498441e-04
1.169790593394892682e+02
4.065042082208385921e+00
4.668011357357747526e-01
9.212184076959870183e+00
2.813035438946550393e+00
6.757011799546870812e+00
0.000000000000000000e+00
0.000000000000000000e+00
0.000000000000000000e+00
0.000000000000000000e+00
5.813633496573491044e+01
6.800618000432837107e+01
0.000000000000000000e+00
0.000000000000000000e+00
0.000000000000000000e+00
0.000000000000000000e+00
0.000000000000000000e+00
5.805055531242213351e-03
2.774133096800816302e-03
7.261061280086426569e-04
1.499018031454499994e-03
2.605887885904099952e-03
5.376216566653199691e-03
5.376216566653199691e-03
5.376216566653199691e-03
5.376216566653199691e-03
1.607808469089818185e-02
3.794982358112791161e-06
1.389595742222855639e-02
5.376216566653199691e-03
5.376216566653199691e-03
5.376216566653199691e-03
5.376216566653199691e-03
5.376216566653199691e-03
5.376216566653199691e-03
5.376216566653199691e-03
5.376216566653199691e-03
5.376216566653199691e-03
5.376216566653199691e-03
5.376216566653199691e-03
5.376216566653199691e-03
5.376216566653199691e-03
5.717773419555999964e-04
9.420411206955300182e-03
4.703248135821100177e-03
1.498765032630679922e-02
2.770337121422000162e-04
2.087240296962000101e-04
7.286376057780148512e-04
1.822856029503242600e-03
5.579887571014528584e-03
4.979013874782856411e-03
8.171852080931854816e-04
4.762703355941657300e-03
3.363618370386886602e-03
3.396509707021056965e-03
1.081569972062099757e-03
1.581240166662713827e-03
1.911406958436806872e-02
5.980890210344972334e-03
7.589964716225612816e-06
5.488809483950397861e-03
1.154687128671977141e-02
1.010856502883195757e-02
4.707042174809891039e-02
7.226907928394798834e-03
5.819022600115726564e-05
1.137228720294085555e-03
1.216544497041889550e-02
6.793018421020998506e-04
0.000000000000000000e+00
1.152410635767213160e-03
4.683004754339800853e-03
2.023990590993499574e-05
5.295263397645972279e-03
4.001176349919246533e-01
1.240706381232067369e-02
1.264994119370919446e-06
0.000000000000000000e+00
2.560350083647529307e-03
2.529988238741870656e-06
1.264994119370919446e-06
0.000000000000000000e+00
9.715154836768000526e-04
0.000000000000000000e+00
3.162480333325427655e-04
7.330637942693355759e-03
4.658971355602370933e-03
0.000000000000000000e+00
8.627264859211574441e-04
2.075855846397856464e-03
2.656487650678969017e-05
0.000000000000000000e+00
0.000000000000000000e+00
1.467394171490614581e-03
5.261110045953442706e-03
2.876597123959657044e-03
2.523662771634742948e-03
5.059976477483741313e-06
6.957467656540150319e-05
2.326324682033257402e-03
1.401613980773157471e-03
1.444117187371818552e-02
2.244098574743585549e-03
8.198423908581857142e-03
3.595110308190957015e-03
2.471799005760956600e-03
7.689898258635483388e-03
0.000000000000000000e+00
5.692472544148785563e-03
9.070017766093141278e-04
1.352278713607500075e-03
3.870883494805572259e-03
6.324960666650855309e-04
9.487440999976297059e-04
2.846232299992886190e-03
7.110539889147013751e-03
9.219277141975295783e-03
1.712801541118042425e-03
3.023082400311457099e-02
6.384426313485412445e-03
3.843053127669213663e-03
1.420587403033085486e-03
6.313581181188585370e-03
4.470489217856797939e-03
3.162480333325427655e-04
5.581155047684914147e-03
1.003140336661100061e-03
1.264994119370919446e-06
1.011995295496748093e-05
1.912671158139875316e-02
1.718368011753480112e-02
4.727285010129928487e-03
8.476725097394438926e-03
1.061329569641942736e-03
2.306969080382510057e-02
2.580587010496285336e-03
1.896225688426842739e-03
1.169866114735068283e-02
3.720346712049486023e-03
5.116898730304414097e-03
3.817751755751242707e-03
2.104951207653614660e-03
2.909486474553155913e-05
3.526801618765371821e-03
1.657142296375000074e-04
5.059976477483741313e-06
2.182620555656495515e-02
5.363570101030429695e-04
6.324970596854693582e-06
5.059976477483741313e-06
4.933477065546644307e-05
6.388220302823000409e-04
6.214913625918413315e-03
1.770996732220571823e-04
1.435767332465585563e-03
3.364884357525999318e-04
0.000000000000000000e+00
