1.897392000000000053e+03
2.233647418029314906e+02
6.828745678375486072e+00
1.740101406044512089e+02
3.651893766941868069e+00
2.269164331498622772e-78
5.365069731439433703e-102
6.823545652922725857e+00
6.812473008124882767e+00
6.811789332723724222e+00
6.716878991486857409e+00
6.713032293081325541e+00
6.704002207826952109e+00
6.702758975645342510e+00
6.678123817297812792e+00
6.646930956656786016e+00
6.606027840162989051e+00
6.814231073653609805e+00
6.784760145874877857e+00
6.737246993806662587e+00
6.707078353827571782e+00
6.664761549139835317e+00
6.578324261379420612e+00
6.546634019325365372e+00
6.526911562530463229e+00
6.494196346462864255e+00
6.481712949383716449e+00
1.601735177740910121e+00
6.400977422679359563e+01
1.420087275490112511e+01
1.804351441739095489e-04
1.254060092485102778e-05
0.000000000000000000e+00
0.000000000000000000e+00
4.519198213465011094e+01
1.526209650361589354e+02
0.000000000000000000e+00
9.369944866000762929e+00
1.692846312843887979e+00
7.966028118559472205e+03
3.547019206638176936e+00
3.603979954587956808e-02
1.130097463150105341e+03
6.749006427231372118e-01
1.533790569370582224e+00
1.986975489826027896e+01
4.059619105627656488e+00
2.549935298038960574e-01
8.900514522334435075e-01
2.748503649907433122e+00
1.140853783001012545e+01
1.121816811090033728e+00
1.412925865844415227e+02
4.928688796881791490e+01
1.602006258994416044e+01
5.529830192639455788e+01
4.023725711011288730e+00
1.404856597821391517e+01
5.195168007550957867e+00
1.272286156109941224e+00
2.041682846100338011e+01
5.921147181143627813e-01
1.088159116634550401e+02
1.155656579439415665e+01
4.204872487508212409e+00
4.142497355005867377e+01
3.443590519398285199e+00
3.900539955015352778e+00
6.841822024636878830e-01
7.116751477141021098e+01
7.300436878391100004e-01
9.402883347767733824e+00
2.651895579900751088e+01
1.674039391054544268e+01
8.386672620941672263e-02
1.497720318032879916e-01
8.998099829619231969e+03
2.004413384160841360e+00
2.898531781548657982e+00
3.470949518593006711e-01
3.188299914246423006e-02
3.622382736335230669e-02
2.372743414485225296e-03
0.000000000000000000e+00
5.175586303058444138e+00
0.000000000000000000e+00
0.000000000000000000e+00
8.981007160936956835e-01
0.000000000000000000e+00
1.600698345510556564e+01
0.000000000000000000e+00
6.219237574181839734e-04
2.861655728597754453e-03
5.611409185306829149e-06
8.506050970542374046e+01
8.354011690654949626e-03
1.562427970816167874e-04
4.820603699199828007e+00
2.377668031919219321e-09
4.000190142993400525e-05
6.070414755185034218e-09
8.516665723472065963e+00
8.329664861608512751e-05
3.209401316380146909e+02
1.568867884920857685e-06
4.051557998585806897e-01
6.842796068658846309e+01
1.217939811999152401e-04
3.066037743310680425e-06
3.713203529084787391e+01
3.486707093139374816e-04
1.136772810111371399e+02
1.101009185872105353e-07
1.364045026015464450e-04
1.838651199121606097e-03
5.302586633790967952e+00
2.983491216041641789e-02
1.068928747029819400e-04
1.737489335490141574e-03
3.612897035349449375e-07
5.892800154026552857e-06
2.259971613966853511e+03
2.579311737459321966e-06
2.475427866397070503e-04
1.726689174368361273e+04
2.457380459926113841e-02
2.454606674775033082e-01
1.800274440485055266e+03
2.562106429803564893e-03
1.859472009452955640e-02
1.717237369055248791e-02
1.116483712596894606e-01
3.028234461984033368e-06
3.982207412778605016e-01
8.755646598648907233e-11
1.857062463503171743e-12
2.231333041242400645e-12
8.107670528973147817e-04
9.644422131584647583e-11
1.479407539701134422e-01
6.094266206549920462e+00
1.546436396264630678e-11
2.283511413364231921e-12
8.783223507545270342e-13
1.748731641567186815e-09
2.641116556831684278e-10
9.967986720079626417e-11
3.853097975338670535e-12
1.382726004988141210e-18
4.364867837667747861e-10
7.490336252897138123e-13
1.497911334904993966e-10
1.287491972776647033e-14
3.005314898271809748e-09
3.006229022911754319e-12
5.400235345038586555e-16
4.906582121500992253e-18
6.130459344325516792e-19
3.077782719001745822e-16
6.594128507429715893e-17
6.694962082364142768e-17
0.000000000000000000e+00
3.345256995056463012e+01
6.502060776724982816e+01
2.087899711838643634e-04
4.058830408529763871e-04
4.914136910460449511e-05
2.246813158076438522e-13
4.367192169961260638e-13
0.000000000000000000e+00
1.413573250693020888e+01
2.160542711626624486e-04
2.058321123585059809e+00
2.080542155414054697e-02
1.865545745913827977e-02
1.119060348864998611e+00
6.984472103208115068e-06
1.643883024013906466e-06
7.515982928810268156e-15
4.359335009222820506e-11
1.026024116308881706e-11
4.691075720588194959e-20
1.104103449404571920e-20
5.048061544433013154e-29
1.998184551852889568e-01
4.236652862281696172e-03
1.098935406958795991e+00
5.704296010335266343e-02
2.776351298055313905e-16
4.626791142417626997e-24
2.115381766345381111e-32
1.969956882665911671e-17
6.648497454479177454e-20
1.322911399712517445e-17
2.221711965111980999e-19
0.000000000000000000e+00
7.509692355324176400e-15
5.064097789460247159e-20
5.296253310400859028e-29
8.603914795801885279e-28
1.311363190800051502e-22
2.270258484619307488e-28
0.000000000000000000e+00
9.945040614491860235e-37
3.931979377322797916e-36
0.000000000000000000e+00
5.995808108431402544e-31
9.202146223374530638e-37
4.212133549421048726e-45
2.383283596357201749e-16
2.760322279969991751e-38
1.373707945823220202e-16
1.970223608157519175e-17
0.000000000000000000e+00
1.515436732718868465e-31
1.070938769117559489e-38
2.067669475842586847e-47
4.422610756943709335e-47
3.389620935042114693e-55
8.256433342492860157e-64
8.310020339855130808e-34
2.209474234322980591e-41
1.731119881263525317e-33
9.993855885871048582e-35
0.000000000000000000e+00
6.503037523840891510e+00
4.058831591700798569e-05
4.367709002974184518e-14
2.205665263876441245e-19
0.000000000000000000e+00
7.363445970785644824e-15
1.485944789308656117e-31
5.027169906002186589e-20
1.062985186223748991e-38
5.257654370831655019e-29
2.052493215091647770e-47
8.594374965202537523e-28
0.000000000000000000e+00
1.301590919519099789e-22
9.932615035106882430e-37
3.384966018935441248e-55
3.927702417191301199e-36
0.000000000000000000e+00
5.952249759607041962e-31
9.191023725506771836e-37
4.207194997669167392e-45
8.246556008381818697e-64
2.381000943193092761e-16
8.301259718878942271e-34
2.206596809074835914e-41
2.756483514101174113e-38
1.727768156335472839e-33
1.371341200005293942e-16
1.967773400138310740e-17
0.000000000000000000e+00
9.979450629852958584e-35
0.000000000000000000e+00
2.278446721362626016e-17
0.000000000000000000e+00
1.137422950143967869e-34
0.000000000000000000e+00
1.549599915085802992e-23
0.000000000000000000e+00
5.234517846730140720e-19
1.047493847525122078e-35
3.528410150870371217e-24
7.383280983600608676e-43
3.655923005303902652e-33
1.412251368995565333e-51
6.096719193013979380e-32
0.000000000000000000e+00
9.142550283671596580e-27
6.963575306470186719e-41
2.344352788028142451e-59
2.752811787181874323e-40
0.000000000000000000e+00
4.131349222986915981e-35
6.436619233898639108e-41
2.914715692362602924e-49
5.644314402813357941e-68
1.682422095546798796e-20
5.789145453727063931e-38
1.558473300697670875e-45
1.925993945005396219e-42
1.151397057574479255e-37
9.413495346601533233e-21
1.383764348563331604e-21
0.000000000000000000e+00
6.901611616315583794e-39
0.000000000000000000e+00
1.727633695391405290e-18
0.000000000000000000e+00
1.612490657603382748e-13
3.195491103180771149e-30
3.929127315734704311e-19
8.112754388120560250e-38
4.023581728324124697e-28
1.534334981042464298e-46
5.142656621322499153e-28
0.000000000000000000e+00
1.018460956195085877e-21
5.844446963335930316e-37
1.957615210334027437e-55
2.310650260519170599e-36
0.000000000000000000e+00
4.533407892814190589e-30
5.399896491356011719e-37
2.434885770761628544e-45
4.692669970743707639e-64
1.429161841945496800e-16
4.890252381242659509e-34
1.310242144676665332e-41
1.612261029065243177e-38
9.537169460098136581e-34
7.893292574270672305e-17
4.581849635437092997e-17
0.000000000000000000e+00
1.811927873615630932e-34
0.000000000000000000e+00
1.729157968105607406e-18
0.000000000000000000e+00
1.613891263297770539e-13
3.198293011319803519e-30
3.932597835398004130e-19
8.120009455786606389e-38
4.027174796031319054e-28
1.535722131608392047e-46
5.149984802038920587e-28
0.000000000000000000e+00
1.019360009889784294e-21
5.852846585608740259e-37
1.960453742750142322e-55
2.313971450795699640e-36
0.000000000000000000e+00
4.537466390112453422e-30
5.407663231414434327e-37
2.438415017167957922e-45
4.699531422530767393e-64
1.431194941851572101e-16
4.897275709313140459e-34
1.312116532396681727e-41
1.614585296341280172e-38
9.551336311064930707e-34
7.904764407255277776e-17
4.582230957514430521e-17
0.000000000000000000e+00
1.812112705093285968e-34
0.000000000000000000e+00
5.615027922860966115e-17
0.000000000000000000e+00
2.216393855531434177e-34
0.000000000000000000e+00
7.504322383433574912e-23
0.000000000000000000e+00
2.784111488389330504e-18
5.615626161437892203e-35
1.520414715292975565e-23
3.213071344098688424e-42
2.185289019171272188e-32
8.528023317647789778e-51
2.274461652304589134e-31
0.000000000000000000e+00
3.936517479510853175e-26
3.378258743805465018e-40
1.150827671770664583e-58
1.484305061969427842e-39
0.000000000000000000e+00
2.473583664064882996e-34
3.125757051095694736e-40
1.907097718907701992e-48
3.736638507814933633e-67
1.800274227575270549e-20
6.274309217317267465e-38
8.339985344382522689e-46
1.041562190224674117e-42
5.215490516285015897e-37
4.143652262979306245e-20
4.306241496124379097e-21
0.000000000000000000e+00
2.148862399585665346e-38
0.000000000000000000e+00
5.886109362681361772e-22
0.000000000000000000e+00
6.104145492714790527e-17
1.209665477105742827e-33
1.189933094115896810e-22
2.456941268827505481e-41
1.675481625719712718e-31
6.389241983891870267e-50
1.363508964228384087e-31
0.000000000000000000e+00
3.084400933515581935e-25
1.992306089541131702e-40
6.673325014906721863e-59
8.751986704674499231e-40
0.000000000000000000e+00
1.887791133934029186e-33
1.840773604691411709e-40
1.106706025448348751e-48
2.132915735071924193e-67
1.082639423060353715e-20
3.704534996291928146e-38
4.962528899968348452e-46
6.106422422272025501e-43
2.889754763404309253e-37
2.391661317360627414e-20
1.061866893475972886e-20
0.000000000000000000e+00
4.191395501154711703e-38
0.000000000000000000e+00
3.660214628168985141e-20
0.000000000000000000e+00
1.221116814883276583e-15
2.465229123499372234e-32
6.256324599335590668e-21
1.322038730673050372e-39
6.541353263764457381e-30
2.553153257960160573e-48
1.069591336002820110e-28
0.000000000000000000e+00
1.619946278725158103e-23
8.238450458678517484e-38
2.806930432752374394e-56
4.887245781155147460e-37
0.000000000000000000e+00
7.406356858722062795e-32
7.624099048943001804e-38
3.489191826803850549e-46
6.837450640868542796e-65
3.951454619563328537e-17
1.377300760940035879e-34
4.576617502613267116e-42
5.715404199098548230e-39
1.431709267831344662e-34
3.411242738553031849e-17
1.417742838847873894e-18
0.000000000000000000e+00
7.074693439828365249e-36
0.000000000000000000e+00
5.749278888665515762e-20
0.000000000000000000e+00
9.598971412566126265e-16
1.934878309783578519e-32
3.277164742804208976e-20
6.917705486886424409e-39
1.367563253221583636e-29
5.330189887557196721e-48
6.718386362903472008e-28
0.000000000000000000e+00
8.453732317940783181e-23
7.749068071462467221e-37
2.636021909509585813e-55
1.532302545907856333e-36
0.000000000000000000e+00
1.549649138304622849e-31
7.174688056461242523e-37
1.637044642090880672e-45
3.209332840029954977e-64
9.323950285948556946e-17
3.244056357306635134e-34
8.547961318755752138e-42
1.066117945823619656e-38
1.561164162899624739e-33
1.422923200134729230e-16
1.547094444814543065e-17
0.000000000000000000e+00
7.702564052004090838e-35
0.000000000000000000e+00
5.488022861216592828e-20
0.000000000000000000e+00
9.160739794904124085e-16
1.848402205059577033e-32
3.127487538655359564e-20
6.611973981644234604e-39
1.307983445720759002e-29
5.106070473061021315e-48
6.416140607036631607e-28
0.000000000000000000e+00
8.097500341860224627e-23
7.412839299248724262e-37
2.526163164906004484e-55
1.465863969136460214e-36
0.000000000000000000e+00
1.480929261636490514e-31
6.860137202997040676e-37
1.569907099479285729e-45
3.076632416500656191e-64
8.887917352026858292e-17
3.098150729812609514e-34
8.230003945797523351e-42
1.027944444365535027e-38
1.502456282896296600e-33
1.363470431800629613e-16
1.488083889082820469e-17
0.000000000000000000e+00
7.426815375459386028e-35
0.000000000000000000e+00
9.387372937712624670e-22
0.000000000000000000e+00
9.735092538267224694e-17
1.929198669238489899e-33
1.897756592915549668e-22
3.918393175375526383e-41
2.672088314750074125e-31
1.018962876705865090e-49
2.174587790238959106e-31
0.000000000000000000e+00
4.919138114088913378e-25
3.177365019164416724e-40
1.064266687429790747e-58
1.395790641294314589e-39
0.000000000000000000e+00
3.010695019469077223e-33
2.935712978558947040e-40
1.764983704439977780e-48
3.401548419820870532e-67
1.726648023013466369e-20
5.908099886211167789e-38
7.914043799608958113e-46
9.738173135533987928e-43
4.608215681034567255e-37
3.814040299797596746e-20
1.693493426809191548e-20
0.000000000000000000e+00
6.684466162282303038e-38
0.000000000000000000e+00
6.044081863560768751e-21
0.000000000000000000e+00
2.242361355564517608e-16
4.522898375429092817e-33
1.224562477351305315e-21
2.587848566438117177e-40
1.760059744107038943e-30
6.868575289282471198e-49
1.831882150169344464e-29
0.000000000000000000e+00
3.170524154622697909e-24
2.720893465109860133e-38
9.268909560224970352e-57
1.195478555848062643e-37
0.000000000000000000e+00
1.992255403028698539e-32
2.517524954912544797e-38
1.536000198561270891e-46
3.009533180807237097e-65
1.449965096269299556e-18
5.053410189134120273e-36
6.717134036922570242e-44
8.388875600045256997e-41
4.200613595041492855e-35
3.337348497793878606e-18
3.468304129564863879e-19
0.000000000000000000e+00
1.730721240058686908e-36
0.000000000000000000e+00
3.326182760679122377e-19
0.000000000000000000e+00
1.109639468756395846e-14
2.240224174267437952e-31
5.685348049976798204e-20
1.201346274812666434e-38
5.944287832520848854e-29
2.320092596641322726e-47
9.719770644218411412e-28
0.000000000000000000e+00
1.472108825011838670e-22
7.486480760733434226e-37
2.550696936574915437e-55
4.441184982026386466e-36
0.000000000000000000e+00
6.730374141298256429e-31
6.928237303341370762e-37
3.170697648279843166e-45
6.213253709383338569e-64
3.590854441109623042e-16
1.251596712439090135e-33
4.158946984618443053e-41
5.193731763637550771e-38
1.300977559962030326e-33
3.099847817605176823e-16
1.288353716874147961e-17
0.000000000000000000e+00
6.428907903975183626e-35
0.000000000000000000e+00
5.690149018176134122e-19
0.000000000000000000e+00
9.500263446272123059e-15
1.914968069137063716e-31
3.243465894916515639e-19
6.846496775746198337e-38
1.353479539112093506e-28
5.275239204476292978e-47
6.649268032225852281e-27
0.000000000000000000e+00
8.366585649233951864e-22
7.669254817260210904e-36
2.608839077756160455e-54
1.516520141422556911e-35
0.000000000000000000e+00
1.533699019595158696e-30
7.100814454851345041e-36
1.620155419823622958e-44
3.176230334583687869e-63
9.228145472843158345e-16
3.210681015353211187e-33
8.459533768308669450e-41
1.055078295450470452e-37
1.545018704123667295e-32
1.408250780632003619e-15
1.531189564133517467e-16
0.000000000000000000e+00
7.623351640771176704e-34
0.000000000000000000e+00
0.000000000000000000e+00
0.000000000000000000e+00
0.000000000000000000e+00
0.000000000000000000e+00
0.000000000000000000e+00
0.000000000000000000e+00
0.000000000000000000e+00
0.000000000000000000e+00
0.000000000000000000e+00
0.000000000000000000e+00
0.000000000000000000e+00
0.000000000000000000e+00
0.000000000000000000e+00
0.000000000000000000e+00
0.000000000000000000e+00
0.000000000000000000e+00
0.000000000000000000e+00
0.000000000000000000e+00
0.000000000000000000e+00
0.000000000000000000e+00
0.000000000000000000e+00
0.000000000000000000e+00
0.000000000000000000e+00
0.000000000000000000e+00
0.000000000000000000e+00
0.000000000000000000e+00
0.000000000000000000e+00
0.000000000000000000e+00
0.000000000000000000e+00
1.537804648789290241e+00
7.183297336687669607e-05
8.375898379736748112e+00
7.974898914626868418e+01
9.834148461753454418e-02
1.909689699571345045e+00
2.116663754662485530e+01
3.328251433287775229e-02
1.417952334680791182e+01
4.575607845094512349e+00
2.043158977408535382e-10
4.356099789959465340e+00
3.641030543105090038e-10
4.918671710110322811e-11
0.000000000000000000e+00
0.000000000000000000e+00
1.088436508681298045e-12
4.200439386984857609e-03
4.571908992093126729e-17
1.558210034041969472e+01
1.610828189542123255e+03
1.879584344207910762e+00
0.000000000000000000e+00
2.509398508293756080e+01
1.292684127548963113e+00
1.987049665810659338e+00
3.197682229455962866e-02
9.761628422127972826e-02
4.049038641587935672e+02
1.129164317155037054e+02
3.147607507703891656e+02
1.172182507290276467e-11
7.839976907118378691e+00
1.411203032689406314e+02
1.255385806661600014e+02
2.440405708571396559e+01
6.191766136079554883e+01
4.384488501090463582e-14
8.088651837048831664e-12
1.038948137395557737e-09
1.918033405180157056e-09
1.282877099613950200e+01
2.484004123073052753e-09
6.467211935704662018e-01
3.270027120903551965e-01
1.636460847075838498e-01
3.048034941846024140e+02
1.453876782478053442e-13
9.996312157553733414e+03
3.550859863519875148e+00
4.428440635412884685e-01
7.710580393719334014e-01
2.429618383940733395e+01
9.157753708535766590e-02
9.158147547723962667e-01
1.085371832703781791e+01
3.853791109859919795e-01
7.426401460288478695e-02
1.569488161809347304e-01
2.677691061562593511e+00
3.705145148533832256e+00
9.487625367849323449e-03
1.648650933326833865e+02
1.372272249269009770e+01
3.433871408936264857e-02
4.813708993438489681e-01
7.347243441017793364e-01
1.651411233508324750e-01
2.091076487620393465e+01
2.275425301421192563e-13
6.970884041730048281e-11
3.432470179335400076e+02
0.000000000000000000e+00
3.395300980466038254e+01
2.990015777800456220e+01
2.138382484363050651e+02
1.240840950822419547e-01
5.019304327913555186e-01
7.424240257544499855e+01
0.000000000000000000e+00
1.887776593470050771e-11
2.369117438584026658e+01
3.531212585622589675e-10
2.871718623071227716e-01
1.281117830418557907e-10
3.927075673987345025e-04
1.911724285665062847e-02
2.512925253901805989e-01
6.694915339760874648e-17
4.881309337392780723e-02
0.000000000000000000e+00
6.587529332168670093e-01
1.837077421143038791e-01
5.343530700785325216e+00
4.705687282490647050e+00
2.440435103298276687e+01
2.467633920841133106e-15
5.624528761858636100e-15
5.846580495243709660e-11
1.332532273466441886e-10
7.100174023182542202e-14
1.429524548318892837e-03
9.904985306532681014e-04
9.171961525385092812e-04
1.372595903865085620e-01
2.204228991737177540e-03
5.146628627797650291e-02
0.000000000000000000e+00
1.284091826527493941e-13
1.059353707982493284e-12
5.165395661381906849e-04
2.045959051084142831e-13
3.185505360545495879e-13
0.000000000000000000e+00
1.037273274465691563e-12
4.915796806407627534e-02
2.416477052295901379e-04
8.894916967562894496e-04
2.480544053205695817e-04
1.134895078581848509e+02
3.249334541340761717e+00
3.947161826030791132e-01
7.991064619445795714e+00
2.228480749171181774e+00
3.724957714707771927e+00
0.000000000000000000e+00
0.000000000000000000e+00
0.000000000000000000e+00
0.000000000000000000e+00
5.908654324424424686e+01
6.705597172581556720e+01
0.000000000000000000e+00
0.000000000000000000e+00
0.000000000000000000e+00
0.000000000000000000e+00
0.000000000000000000e+00
3.591319297914413559e-03
4.671621296796071160e-03
7.261061280086426569e-04
3.080258198117213821e-03
1.973391819239014421e-03
5.376216566653199691e-03
5.376216566653199691e-03
5.376216566653199691e-03
5.376216566653199691e-03
2.303554142421412876e-02
3.794982358112791161e-06
1.041722905557058813e-02
5.376216566653199691e-03
5.376216566653199691e-03
5.376216566653199691e-03
5.376216566653199691e-03
5.376216566653199691e-03
5.376216566653199691e-03
5.376216566653199691e-03
5.376216566653199691e-03
5.376216566653199691e-03
5.376216566653199691e-03
5.376216566653199691e-03
5.376216566653199691e-03
5.376216566653199691e-03
5.717773419555999964e-04
9.420411206955300182e-03
4.703248135821100177e-03
1.498765032630679922e-02
2.770337121422000162e-04
2.087240296962000101e-04
2.309877772440728678e-03
1.190359962838157286e-03
4.947391504349443053e-03
3.714021741452685783e-03
0.000000000000000000e+00
4.446455322609114968e-03
1.466130170391628709e-03
3.712757740353599730e-03
2.030314072059728053e-03
9.474820849393723009e-04
2.164405385102841431e-02
6.297138243677514666e-03
7.589964716225611122e-06
5.805057517282941927e-03
1.818807998670315951e-02
6.946084695506529044e-03
4.201045321477822614e-02
3.748179561736827547e-03
3.744382593337000176e-04
3.162480333325427655e-04
7.421724470430755317e-03
3.630538087695571394e-04
3.162480333325427655e-04
1.468658669099757010e-03
1.520524421014371897e-03
2.023990590993499574e-05
4.662767330980886749e-03
4.228874933918677081e-01
1.335580791231829982e-02
1.264994119370919446e-06
0.000000000000000000e+00
2.560350083647528873e-03
2.529988238741870656e-06
1.264994119370919446e-06
0.000000000000000000e+00
9.715154836768000526e-04
3.162480333325427655e-04
2.044229007372828314e-03
5.433149742698099166e-03
4.342723322269828601e-03
4.667823335376427673e-04
1.178974519253700318e-03
2.392103879730399663e-03
2.656487650678969017e-05
0.000000000000000000e+00
4.882877300771000214e-04
8.348981048255290499e-04
3.996117912623273379e-03
2.876597123959658345e-03
2.839910804967284846e-03
5.059976477483741313e-06
0.000000000000000000e+00
2.010076648700713335e-03
4.528698807755292288e-04
1.380867580705309912e-02
1.611602508078500019e-03
8.830919975246943540e-03
1.381374074863157223e-03
3.104295072426042565e-03
2.946177758647342340e-03
0.000000000000000000e+00
4.743728444151157700e-03
2.804489976604570937e-03
3.882262980267842199e-03
3.238387428140486295e-03
5.617693569571407250e-19
0.000000000000000000e+00
3.719102571357302245e-04
9.324276122474812675e-03
1.111676534197055498e-02
1.396553507785500093e-03
3.086332006977965739e-02
5.119434180155241383e-03
3.526805094336670898e-03
2.053083469698170800e-03
2.834852814530614950e-03
2.573001017861543515e-03
1.810205591799385599e-03
5.897403081017456479e-03
6.868923033285572952e-04
1.264994119370919446e-06
1.011995295496748093e-05
1.849421551473366676e-02
1.939741635086260352e-02
6.624773210125185080e-03
1.258794953071749531e-02
1.125854696443146424e-04
2.275344277049255737e-02
2.264338977163742571e-03
1.263729621761757209e-03
8.536180814025254304e-03
2.455354578719314961e-03
3.219410530309157505e-03
1.604015522423443349e-03
3.369943340983786156e-03
2.909486474553155913e-05
3.526801618765370953e-03
6.324960666650855309e-04
5.059976477483741313e-06
1.739873308990935383e-02
0.000000000000000000e+00
6.324970596854693582e-06
5.059976477483741313e-06
3.655828039880092356e-04
3.225739969497572754e-04
6.847409692583498846e-03
1.758339839884770928e-03
8.032712658005000325e-04
9.487440999976282964e-04
0.000000000000000000e+00
