1.897392000000000053e+03
2.334168702171813550e+02
7.392020304216585735e+00
1.307910051543069869e+02
1.979358485957178226e+00
1.937171980956692944e-75
1.611983867916023202e-102
7.376978016786150505e+00
7.351122850864057590e+00
7.349545090307299411e+00
7.207705654763922887e+00
7.202037262458442335e+00
7.189102997373911563e+00
7.187328984548893906e+00
7.153886204770225632e+00
7.112978191548013918e+00
7.060273092658647442e+00
7.356541771750347181e+00
7.303190791846265739e+00
7.232935332399496708e+00
7.191422430903738672e+00
7.135717685155691825e+00
7.024220907003041248e+00
6.983512359649951762e+00
6.958242094124710952e+00
6.916678283584770881e+00
6.900883453908261522e+00
6.505699661760889763e-01
6.990984850582147203e+01
1.273589330885206827e+01
2.571769865667904663e-04
1.182775247999464428e-05
0.000000000000000000e+00
0.000000000000000000e+00
4.743637349414856885e+01
1.524625798943562813e+02
0.000000000000000000e+00
7.985367167457580351e+00
1.435851896468367972e+00
7.965913592878961026e+03
3.489375680046571837e+00
3.562081255803573043e-02
1.130278311831734527e+03
6.773863384532682330e-01
1.526755748735278972e+00
1.963126058658092887e+01
4.009468747563384561e+00
2.551092399772516561e-01
8.903853643283687891e-01
2.749793865844581742e+00
1.140853844170393039e+01
1.121641553705802430e+00
1.412959615347584759e+02
4.928612835097358413e+01
1.601831450314446315e+01
5.529830125931530915e+01
4.023910533503086029e+00
1.404889200872493760e+01
5.195363369038047630e+00
1.271514240869334733e+00
2.040373917300869522e+01
5.921460323090367295e-01
1.088158866488428771e+02
1.155752705963374360e+01
4.204955337320294362e+00
4.142562100969938399e+01
3.443589971356120216e+00
3.900544669015638455e+00
6.841829505107993592e-01
7.116751430225293973e+01
7.300445377398788738e-01
9.402884446202206092e+00
2.651895541455667527e+01
1.674039414922537361e+01
8.381482748293077323e-02
1.497720318032879916e-01
8.999411695862700071e+03
1.972165095816525104e+00
2.899270784283680680e+00
3.437521557776829773e-01
3.190516943236203218e-02
3.623319636826023704e-02
2.373371562219746874e-03
0.000000000000000000e+00
5.080794033906340879e+00
0.000000000000000000e+00
0.000000000000000000e+00
7.674201208738941071e-01
0.000000000000000000e+00
1.506273663461248091e+01
0.000000000000000000e+00
5.749359107025499901e-04
2.862107316338213889e-03
5.195154157542457132e-06
9.267671137383806013e+01
8.414464104099956057e-03
7.238019286933116423e-05
4.818346166654222884e+00
1.100956126342147379e-09
2.313910921337433981e-05
3.304338020051297250e-09
1.854466730763289917e+01
8.402272830277301898e-05
3.356107415858796230e+02
7.600108413159537391e-07
3.867203931149451601e-01
6.389120005294864058e+01
1.053627362159339045e-04
2.433445110716893341e-06
4.248619272188043539e+01
3.170488629094944601e-04
1.173143891643809695e+02
9.018092417316114993e-08
1.144388625651257752e-04
1.544797412305629189e-03
6.066970714944276644e+00
2.878053678684441841e-02
7.545684414555932481e-05
1.417256768176835061e-03
1.800446325072142711e-07
3.437419308368320905e-06
2.259979343659975257e+03
1.285407885230742705e-06
1.738033656017246378e-04
1.765991306674790394e+04
1.764677352305572822e-02
1.772294746391414044e-01
1.835843705633430318e+03
1.834477763175038946e-03
1.299515068006269931e-02
1.243269476603635522e-02
1.545846348181685870e-01
3.035544432204080537e-06
4.853172474439813588e-01
1.551193226493108081e-11
5.945242709245059810e-13
8.021729533014767342e-13
5.336063585484963944e-04
6.910973014192067683e-11
2.152680629803536139e-01
6.096669922790739271e+00
1.934484881056868517e-11
2.267389662216483342e-12
4.091219086179562852e-13
2.507237059556399014e-09
2.972864993852935337e-10
5.494671126862537519e-11
6.298178142590649490e-12
2.332505257711692983e-18
8.216875385758021777e-10
1.119696853689534477e-12
2.243041756488421300e-10
1.861304966116749112e-14
3.459514221779570272e-09
3.439125476739833379e-12
4.986572761906979717e-16
4.873639654364546131e-18
6.089538468480676107e-19
1.900612880703507642e-16
5.769271239919978386e-17
6.486895619392799864e-17
0.000000000000000000e+00
3.863495086666621603e+01
6.867372100385821909e+01
2.207003003486770522e-04
3.923599309707848396e-04
4.861158781958136669e-05
2.360923778650095869e-13
4.196702290493636802e-13
0.000000000000000000e+00
1.386336729228815123e+01
2.160542555162556439e-04
1.455904564316764516e+00
3.484312420150036810e-02
1.468204237980642694e-02
1.492639767808131124e+00
8.526634817905107442e-06
1.878080698293967586e-06
9.121192374113046390e-15
4.870874021804611033e-11
1.072861061771644350e-11
5.210517387428471514e-20
1.147671073338449479e-20
5.573843898833805663e-29
1.921918701178391697e-01
2.119665989594979923e-03
1.278639831482630163e+00
7.151726727176571652e-02
2.874915356208184289e-16
4.302740842077215398e-24
2.100038139757549687e-32
1.950302277510129768e-17
4.105568776739882837e-20
1.654268636780127687e-17
2.510384225527962804e-19
0.000000000000000000e+00
9.210357012392266238e-15
5.370067379567189506e-20
5.825756467253892786e-29
8.484283850588898274e-28
1.429806040202429950e-22
2.089016551772698725e-28
0.000000000000000000e+00
9.760244617792998191e-37
4.136359019872497238e-36
0.000000000000000000e+00
6.984405735888207698e-31
9.069699774206471111e-37
4.409127342729990712e-45
2.313220287884524425e-16
1.133747240340675116e-38
1.576040028944502050e-16
2.540375106395772182e-17
0.000000000000000000e+00
1.713678953944187634e-31
1.118437864082988010e-38
2.240276248790265813e-47
4.007569042471489314e-47
3.300148609132772817e-55
8.515981016744962795e-64
8.069780276519679093e-34
8.425421418314367277e-42
2.088554587032941649e-33
1.328200287388731273e-34
0.000000000000000000e+00
6.868431888443078392e+00
3.923601835083008037e-05
4.197196904517525778e-14
2.496520844853280089e-19
0.000000000000000000e+00
9.074132550833409584e-15
1.688329200591874302e-31
5.340009904169864452e-20
1.112034173116638499e-38
5.793226316870072920e-29
2.227651334836775740e-47
8.476525180749379171e-28
0.000000000000000000e+00
1.421635043352228742e-22
9.750043855682354689e-37
3.296322236677915721e-55
4.132630444827024114e-36
0.000000000000000000e+00
6.945663679169432733e-31
9.060506815676864898e-37
4.404803276388628948e-45
8.507450672423195659e-64
2.311385281886583768e-16
8.062733914722606512e-34
8.415978259029452404e-42
1.132465089312724980e-38
2.085894989368770212e-33
1.574221527173968364e-16
2.537617106358765487e-17
0.000000000000000000e+00
1.326631251438440767e-34
0.000000000000000000e+00
2.931184168198995398e-17
0.000000000000000000e+00
1.520666202877833479e-34
0.000000000000000000e+00
1.747909350644262149e-23
0.000000000000000000e+00
6.412864150092929466e-19
1.178266747081530746e-35
3.738593302766354276e-24
7.703080748161897818e-43
4.015558024463072929e-33
1.526837837457504102e-51
6.025435339435877117e-32
0.000000000000000000e+00
9.991763455960639109e-27
6.850223016410166902e-41
2.288204265046495788e-59
2.899946270026294063e-40
0.000000000000000000e+00
4.819065947841097818e-35
6.357359249718137039e-41
3.055615252830012244e-49
5.832866331135706322e-68
1.632724268479823889e-20
5.631061559714153644e-38
5.937449696358557628e-46
7.987237432456729002e-43
1.440850046757945565e-37
1.106661040070979685e-20
1.791327808756037650e-21
0.000000000000000000e+00
9.284311246808329592e-39
0.000000000000000000e+00
1.475842752005461996e-18
0.000000000000000000e+00
1.496394090598487243e-13
2.704862977349658768e-30
3.156651308106651819e-19
6.414496743863611856e-38
3.348127925613943685e-28
1.255139695122671815e-46
4.068761573019239021e-28
0.000000000000000000e+00
8.476908974682307675e-22
4.602724919182091149e-37
1.529817144775172814e-55
1.947879752959057648e-36
0.000000000000000000e+00
4.022446245348721382e-30
4.269869781976477066e-37
2.042746239937508187e-45
3.881340091974073775e-64
1.109710427515181098e-16
3.808417239418795462e-34
3.996355227771177474e-42
5.374525777998854737e-39
9.694197298275909714e-34
7.501382684607472512e-17
5.028961970913366024e-17
0.000000000000000000e+00
2.103742465104717826e-34
0.000000000000000000e+00
1.477147083782847904e-18
0.000000000000000000e+00
1.497694271550990259e-13
2.707248854983381834e-30
3.159441197614960897e-19
6.420238730359745396e-38
3.351121977071833505e-28
1.256277214841247898e-46
4.074549058768998809e-28
0.000000000000000000e+00
8.484367509655601085e-22
4.609327511451606067e-37
1.532030884499520241e-55
1.950676189489490746e-36
0.000000000000000000e+00
4.026039443315347588e-30
4.276000274907714592e-37
2.045703332199657120e-45
3.887006389178110710e-64
1.111288552734423155e-16
3.813878197678563616e-34
4.002070915046004454e-42
5.382214758051067612e-39
9.708213510977021108e-34
7.512090904538022436e-17
5.029373692655406182e-17
0.000000000000000000e+00
2.103949000773110927e-34
0.000000000000000000e+00
6.114152960409771947e-17
0.000000000000000000e+00
2.553574896616793177e-34
0.000000000000000000e+00
8.925718557192123399e-23
0.000000000000000000e+00
3.605324114999027479e-18
6.703681781720540213e-35
1.697212925506055862e-23
3.532242425071839273e-42
2.530232014459521842e-32
9.725715849052310744e-51
2.357735345905260053e-31
0.000000000000000000e+00
4.518850474447936561e-26
3.485292910238725687e-40
1.177821622614443347e-58
1.641334612984160558e-39
0.000000000000000000e+00
3.033346922895991786e-34
3.238436061491977031e-40
2.098370852742130755e-48
4.051155436087402983e-67
1.836618017597901830e-20
6.404492082062788165e-38
3.342625884133411883e-46
4.498175123186754788e-43
6.624819952724315670e-37
5.002829078363536608e-20
5.822825091813845043e-21
0.000000000000000000e+00
3.020405790229603330e-38
0.000000000000000000e+00
5.284282370367387869e-22
0.000000000000000000e+00
5.953096486595238104e-17
1.076073616050982466e-33
1.004667672291171907e-22
2.041541503766546293e-41
1.465203581055482882e-31
5.492754628857966997e-50
1.133710526988738582e-31
0.000000000000000000e+00
2.697946934676977176e-25
1.648909462083449509e-40
5.480541967400346939e-59
7.753607531573721661e-40
0.000000000000000000e+00
1.760307759224903985e-33
1.529673731665683426e-40
9.757467894161971231e-49
1.853976387632637231e-67
8.834491679194891808e-21
3.031909392243868741e-38
1.590684479605959532e-46
2.139242913345061217e-43
3.086892691177103257e-37
2.388643373465249580e-20
1.215133698645356376e-20
0.000000000000000000e+00
5.074938477248632068e-38
0.000000000000000000e+00
4.103885859852225914e-20
0.000000000000000000e+00
1.490630326905750159e-15
2.774375999914728036e-32
6.583273689200699528e-21
1.370057770501420018e-39
7.139852725144889861e-30
2.744936804559748608e-48
1.045102320101381373e-28
0.000000000000000000e+00
1.752854694882074761e-23
8.011744411348615199e-38
2.707987376745613485e-56
5.094253066331828195e-37
0.000000000000000000e+00
8.561639717043047577e-32
7.445778839468267987e-38
3.618994547086921234e-46
6.988020776365550750e-65
3.799976506044127798e-17
1.325232104679160046e-34
1.729121073476197872e-42
2.326500681269323617e-39
1.713575838369210379e-34
3.881175764358734046e-17
1.806978157037138372e-18
0.000000000000000000e+00
9.372269848613221841e-36
0.000000000000000000e+00
5.972533543690117977e-20
0.000000000000000000e+00
1.085611670044860743e-15
2.016327398658157630e-32
3.195548209885632666e-20
6.643205600440026264e-39
1.383034555644430280e-29
5.309286476047720908e-48
6.086205915832186188e-28
0.000000000000000000e+00
8.480181937075482416e-23
6.986822580046074452e-37
2.357872277541517905e-55
1.480631366845856079e-36
0.000000000000000000e+00
1.660436468465124714e-31
6.495923784111405408e-37
1.574041567375177870e-45
3.040845393946236444e-64
8.309692625745794829e-17
2.893423255282809291e-34
2.992462266019270182e-42
4.026697712522437954e-39
1.740648660731584783e-33
1.505531335328977172e-16
1.828512897693573587e-17
0.000000000000000000e+00
9.473039317364571840e-35
0.000000000000000000e+00
5.639547122141250680e-20
0.000000000000000000e+00
1.024906143620001075e-15
1.906580199081539481e-32
3.016162813882864942e-20
6.280041342087515747e-39
1.308469066244974200e-29
5.031329217045573734e-48
5.745689793455144433e-28
0.000000000000000000e+00
8.030178370543682743e-23
6.606830653425957865e-37
2.233588340426622865e-55
1.400360517791077446e-36
0.000000000000000000e+00
1.568985230819174052e-31
6.140206360215101941e-37
1.492336119080916138e-45
2.881801853830449340e-64
7.833549221894974451e-17
2.732099704857937655e-34
2.849829171627832774e-42
3.834771231335945889e-39
1.647757086308927187e-33
1.421576166709499465e-16
1.738226727826081997e-17
0.000000000000000000e+00
9.016601057071249553e-35
0.000000000000000000e+00
8.979555724689340582e-22
0.000000000000000000e+00
1.011606806630127805e-16
1.828542805369759124e-33
1.707237326319902336e-22
3.469163790125571431e-41
2.489787647132656343e-31
9.333660582132818093e-50
1.926530816862542899e-31
0.000000000000000000e+00
4.584654053273234751e-25
2.801965292853154957e-40
9.312937600584366599e-59
1.317564590482738698e-39
0.000000000000000000e+00
2.991272643183641643e-33
2.599362536267744010e-40
1.658059388668107351e-48
3.150372237998477057e-67
1.501258509728501141e-20
5.152109150118045818e-38
2.702920822956206046e-46
3.635040101257451568e-43
5.245224737071913606e-37
4.058838451953195639e-20
2.064864790831464583e-20
0.000000000000000000e+00
8.623707640054121160e-38
0.000000000000000000e+00
7.659765004831651071e-21
0.000000000000000000e+00
3.093974161803831043e-16
5.752880249539577585e-33
1.456493813004194692e-21
3.031254647064532240e-40
2.171362211686072141e-30
8.346285859965102517e-49
2.023333536933222448e-29
0.000000000000000000e+00
3.877933458390473632e-24
2.990965667269178058e-38
1.010767783765262207e-56
1.408540182850271179e-37
0.000000000000000000e+00
2.603118639828440812e-32
2.779120607214406399e-38
1.800752654554786898e-46
3.476565858666142340e-65
1.576126865266596590e-18
5.496127622787342809e-36
2.868533433937045637e-44
3.860188802820515708e-41
5.685202484726548861e-35
4.293267264928981849e-18
4.996962436427969626e-19
0.000000000000000000e+00
2.592015215217435055e-36
0.000000000000000000e+00
3.729363429941492744e-19
0.000000000000000000e+00
1.354547729521114085e-14
2.521143509827070071e-31
5.982463792462252806e-20
1.244982583947347900e-38
6.488157167704726432e-29
2.494367946422498995e-47
9.497271766550979263e-28
0.000000000000000000e+00
1.592893982202186121e-22
7.280500460352298270e-37
2.460797432784478872e-55
4.629314598563045248e-36
0.000000000000000000e+00
7.780233350333262364e-31
6.766219291905557299e-37
3.288663594579025419e-45
6.350103313910322900e-64
3.453205470553031417e-16
1.204283985768463368e-33
1.571318873772075389e-41
2.114170156743624074e-38
1.557163487141067470e-33
3.526970692874239924e-16
1.642075435725192099e-17
0.000000000000000000e+00
8.516875888106078659e-35
0.000000000000000000e+00
5.911078537490444828e-19
0.000000000000000000e+00
1.074442478443855930e-14
1.995560510525036000e-31
3.162676769474697200e-19
6.574797446887227708e-38
1.368784928125705902e-28
5.254523713009593102e-47
6.023590923728371781e-27
0.000000000000000000e+00
8.392757570645511318e-22
6.914860601364066487e-36
2.333558159367465317e-54
1.465379669250540314e-35
0.000000000000000000e+00
1.643342965291579043e-30
6.429035766077045053e-36
1.557800914453516238e-44
3.009479363186858623e-63
8.224283937354373594e-16
2.863651135939727300e-33
2.961492475556990511e-41
3.985024350815596249e-38
1.722707420954071423e-32
1.490040133935020645e-15
1.809716179271892968e-16
0.000000000000000000e+00
9.375641866311026408e-34
0.000000000000000000e+00
0.000000000000000000e+00
0.000000000000000000e+00
0.000000000000000000e+00
0.000000000000000000e+00
0.000000000000000000e+00
0.000000000000000000e+00
0.000000000000000000e+00
0.000000000000000000e+00
0.000000000000000000e+00
0.000000000000000000e+00
0.000000000000000000e+00
0.000000000000000000e+00
0.000000000000000000e+00
0.000000000000000000e+00
0.000000000000000000e+00
0.000000000000000000e+00
0.000000000000000000e+00
0.000000000000000000e+00
0.000000000000000000e+00
0.000000000000000000e+00
0.000000000000000000e+00
0.000000000000000000e+00
0.000000000000000000e+00
0.000000000000000000e+00
0.000000000000000000e+00
0.000000000000000000e+00
0.000000000000000000e+00
0.000000000000000000e+00
0.000000000000000000e+00
1.525491463580611828e+00
7.183297083717294111e-05
6.293792405402895085e+00
8.047231621930615120e+01
1.033489356337435883e-01
1.835717724183237198e+00
2.096779425523217100e+01
2.901217910036866035e-02
1.551381968319179094e+01
4.203095354913620518e+00
1.245839002581393656e-10
3.955080578421307003e+00
3.881162610360028098e-10
3.325110165978569134e-11
0.000000000000000000e+00
0.000000000000000000e+00
1.317651187993577443e-12
4.200440142857629969e-03
5.534711531174293763e-17
1.685822838814851110e+01
1.716337340032881229e+03
1.841816334380079523e+00
0.000000000000000000e+00
2.016221483885382781e+01
1.135521665044779027e+00
1.883962598576659486e+00
2.194760748247382570e-02
6.777929014775442573e-02
4.924629285422638532e+02
1.152055757336954969e+02
2.693255218057115030e+02
1.520388942975208984e-11
7.169755221356089336e+00
1.290562682781557555e+02
1.139789547758260397e+02
2.026296927986889074e+01
5.142079696245107101e+01
1.426421855813685911e-13
1.929012822192575509e-11
7.790626894632314219e-10
1.277854321096508861e-09
3.855928456079683286e+01
4.926287002047191190e-09
6.467211920296520589e-01
1.504928135983433501e-01
7.537804975272006935e-02
2.068609389654136805e+02
1.760174648686751186e-13
9.996317556980422523e+03
3.498623660738223951e+00
4.659242449475976544e-01
8.032753528587813774e-01
2.598832494876588228e+01
1.058339197887507716e-01
1.058389260479750016e+00
1.232897543540330787e+01
4.313215451319045712e-01
9.585537309669125983e-02
1.100218763579392800e-01
3.126417371536050371e+00
3.317687781120249202e+00
1.095988167097432069e-02
1.935090718020998111e+02
1.861156099867227454e+01
3.734086548758953905e-02
4.961470132608029049e-01
7.472995460917318811e-01
1.852173831163459738e-01
2.133533711749317519e+01
2.810482202879095840e-13
8.585545018732730077e-11
3.421077927733186357e+02
0.000000000000000000e+00
3.971320980391909217e+01
3.195690129169069849e+01
1.955581902611249348e+02
1.222364729841434461e-01
5.734684261374221048e-01
7.202418551796398560e+01
0.000000000000000000e+00
1.635716997301676769e-11
2.868346640364698885e+01
2.888108886085313969e-10
3.755849345213559953e-01
1.129453494695337640e-10
3.397108089518567392e-04
1.837324541536665412e-02
2.018709775267451545e-01
8.635655177454183422e-17
5.174956844392258892e-02
0.000000000000000000e+00
5.563121186449019318e-01
1.301421746230358722e-01
5.347889193760740234e+00
4.303394441851093433e+00
2.026312026646925091e+01
6.666149068254993756e-15
1.673303681236302576e-14
3.641128818896248380e-11
9.138526180728514014e-11
8.740632967162087857e-14
1.481902956561550241e-03
1.154899406758173397e-03
1.060060229985125601e-03
1.861883927756098622e-01
2.625578241172845089e-03
4.851140203720252092e-02
0.000000000000000000e+00
1.135323079524994263e-13
8.670485032340665409e-13
5.880680798947202558e-04
1.270475376691641818e-13
4.416013739213189618e-13
0.000000000000000000e+00
2.261263047490252175e-12
3.602616915231108413e-02
1.297779531146667545e-04
5.810069808900528978e-04
1.359192841516071351e-04
1.098917228176006375e+02
4.111589000839240171e+00
3.547962932399935654e-01
8.736153269106013752e+00
2.043708495900215638e+00
3.671074492022515123e+00
0.000000000000000000e+00
0.000000000000000000e+00
0.000000000000000000e+00
0.000000000000000000e+00
6.009938204601948541e+01
6.604313292403395508e+01
0.000000000000000000e+00
0.000000000000000000e+00
0.000000000000000000e+00
0.000000000000000000e+00
0.000000000000000000e+00
3.591319297914413559e-03
2.457885063468271802e-03
4.098580946760999998e-04
1.499018031454499994e-03
2.605887885904099952e-03
5.376216566653199691e-03
5.376216566653199691e-03
5.376216566653199691e-03
5.376216566653199691e-03
2.208679732421649916e-02
3.794982358112791161e-06
1.199846922223330239e-02
5.376216566653199691e-03
5.376216566653199691e-03
5.376216566653199691e-03
5.376216566653199691e-03
5.376216566653199691e-03
5.376216566653199691e-03
5.376216566653199691e-03
5.376216566653199691e-03
5.376216566653199691e-03
5.376216566653199691e-03
5.376216566653199691e-03
5.376216566653199691e-03
5.376216566653199691e-03
5.717773419555999964e-04
9.420411206955300182e-03
4.703248135821100177e-03
1.498765032630679922e-02
2.770337121422000162e-04
2.087240296962000101e-04
7.286376057780148512e-04
6.324960666650855309e-04
4.631143471016900721e-03
1.816533541457429190e-03
3.162480333325427655e-04
5.078951389274200499e-03
4.628610503717057664e-03
4.345253807018685695e-03
1.081569972062099757e-03
2.528722251602086128e-03
3.271273501766741587e-02
3.767153977017172542e-03
7.589964716225612816e-06
4.856313417285313197e-03
2.546178475335165309e-02
7.578580762171614575e-03
4.991665404809179224e-02
5.645667761732084573e-03
1.006934325998785603e-03
0.000000000000000000e+00
8.370468570428384047e-03
6.793018421020998506e-04
0.000000000000000000e+00
2.101154735764841890e-03
2.153020487679457428e-03
2.023990590993499574e-05
5.295263397645972279e-03
4.064425956585754895e-01
1.556954414564610222e-02
1.264994119370919446e-06
0.000000000000000000e+00
3.509094183645157603e-03
2.529988238741870656e-06
1.264994119370919446e-06
0.000000000000000000e+00
6.552674503442572872e-04
0.000000000000000000e+00
1.095484907375200018e-03
5.433149742698099166e-03
3.710227255604743070e-03
7.830303668701854786e-04
2.127718619251328398e-03
3.340847979728027526e-03
2.656487650678970711e-05
3.162480333325427655e-04
3.162480333325427655e-04
3.048634338153328408e-03
4.312365945955813976e-03
4.141589257289829407e-03
3.156158838299828479e-03
5.059976477483741313e-06
0.000000000000000000e+00
1.377580582035629105e-03
1.717862014105700236e-03
1.697115614037852938e-02
9.791064414134144876e-04
7.882175875249313943e-03
2.013870141528242754e-03
2.471799005760956600e-03
6.741154158637855526e-03
0.000000000000000000e+00
8.538704844141674355e-03
2.804489976604570937e-03
1.036030680274957309e-03
7.982107928128626476e-03
1.581240166662715128e-03
1.404423392392851812e-18
3.218142557128614734e-03
1.217050842246769800e-02
9.219277141975295783e-03
2.661545641115670938e-03
2.896583186978439819e-02
9.546906646810840100e-03
4.159301161001755127e-03
4.718433030354567017e-04
3.783596914528243246e-03
3.837993151191711975e-03
5.452134584692143199e-04
5.264907014352370948e-03
1.319388369993642826e-03
1.264994119370919446e-06
1.011995295496748601e-05
2.703291241471232273e-02
1.496994388420699873e-02
4.411036976797386155e-03
1.069046133072223959e-02
0.000000000000000000e+00
2.306969080382509710e-02
1.948090943831200022e-03
2.212473721759385288e-03
1.011742098068796857e-02
4.036594745382028789e-03
2.586914463644071540e-03
2.869007655753614411e-03
4.634935474313957651e-03
0.000000000000000000e+00
1.945561452102657126e-03
3.162480333325427655e-04
5.059976477483741313e-06
2.182620555656495515e-02
3.162480333325427655e-04
6.324970596854693582e-06
5.059976477483740466e-06
4.933477065546644307e-05
9.550700636148428064e-04
4.001177392590614390e-03
4.933477065545998665e-04
4.870232324679572128e-04
3.364884357525999318e-04
0.000000000000000000e+00
