1.897392000000000053e+03
2.622503176715804329e+02
7.348654326673905501e+00
1.334608931662423856e+02
3.239092956625982733e+00
9.021693143153661204e-73
1.201953081621690519e-102
7.334297703274569535e+00
7.309559309415738504e+00
7.308049465714633541e+00
7.165735154236211102e+00
7.160036419033149357e+00
7.146969045835811940e+00
7.145175557205566186e+00
7.110836637983307895e+00
7.067859585057921556e+00
7.010677629204404404e+00
7.314722490576693659e+00
7.263280067330782686e+00
7.193941015593596333e+00
7.152165380725498345e+00
7.094169348633738714e+00
6.970578382440619336e+00
6.924508594302753117e+00
6.895573391846902211e+00
6.847220211502088816e+00
6.828742161672831656e+00
4.840739390842506151e-01
7.222739356458792770e+01
1.133980300759162141e+01
3.494864082709509359e-04
1.164238707800108043e-05
0.000000000000000000e+00
0.000000000000000000e+00
5.412995210308259431e+01
1.524528796259962746e+02
0.000000000000000000e+00
9.329143143726822629e+00
1.630296775550716282e+00
7.964435915606807612e+03
3.881923325124387425e+00
3.844941696803167580e-02
1.130289920078291743e+03
7.397795309331909319e-01
1.573531684742102366e+00
2.122466961738649616e+01
4.335832165374576164e+00
2.546716599077897825e-01
8.891212629859955863e-01
2.744908322674433077e+00
1.140846644865646553e+01
1.122315443812034408e+00
1.412831061418540060e+02
4.930674897802761336e+01
1.602493734631173794e+01
5.529830723284680971e+01
4.023502611337709922e+00
1.404922828382745692e+01
5.188272929664196731e+00
1.272919862855103945e+00
2.045315741695792155e+01
5.910108731899397227e-01
1.088180053379557393e+02
1.154191280269322384e+01
4.204610049040566011e+00
4.138789583509071690e+01
3.443560259109188948e+00
3.900495869887190548e+00
6.841753909697106950e-01
7.116751786919161304e+01
7.300359090642273285e-01
9.402873195223129699e+00
2.651895970019077353e+01
1.674039187065167056e+01
8.401190684438628042e-02
1.497720318032879916e-01
8.997810972644025242e+03
2.192475380432956200e+00
2.896702875862561033e+00
3.681910571125453502e-01
3.182296095708336131e-02
3.615687076788436094e-02
2.371212491231865227e-03
0.000000000000000000e+00
5.347715462838062095e+00
0.000000000000000000e+00
0.000000000000000000e+00
8.758209758099209097e-01
0.000000000000000000e+00
1.597874981480293144e+01
0.000000000000000000e+00
5.974310289627955337e-04
2.861884265591889930e-03
5.396208366532763567e-06
8.927661533677756722e+01
8.420113032663103028e-03
9.698419670699425855e-05
4.809454166308773537e+00
1.472514866035013231e-09
3.394217692954461815e-05
5.141831838528000816e-09
1.384781267669618998e+01
8.406925980695501358e-05
3.318346051383456938e+02
1.006925950313329508e-06
4.006950424613091033e-01
6.473692059016536859e+01
1.109185839468872751e-04
2.935633481159675145e-06
3.629669295670373685e+01
3.266499712818866615e-04
1.253040316597707431e+02
1.162002357995269195e-07
1.552564172959770893e-04
2.105248321345162821e-03
5.183238819563085187e+00
3.347174587303066579e-02
1.401401648997209091e-04
2.242773646735548351e-03
6.210124487954784057e-07
1.007137705773102155e-05
2.259935049997503029e+03
4.433505059891093718e-06
5.710756076792935934e-04
1.735302734978430090e+04
5.697524919609334160e-02
5.718783516805667766e-01
1.949026653140055714e+03
6.399244078704346972e-03
4.355081517518333278e-02
4.010588322747172391e-02
4.158873573476934427e-02
2.634493468604085642e-06
4.628553170970697295e-01
5.942415824862087798e-11
9.875493488724611365e-13
1.270377751493221957e-12
1.611929599928813017e-03
8.311179222599800723e-11
4.796789985825691827e-01
6.093382651550704132e+00
1.782547737117069235e-11
2.000746523075306967e-12
6.042553936650178536e-13
1.962123283379703619e-09
2.255483825713356869e-10
6.932910387451677316e-11
5.822569842067195161e-12
2.303201824877670357e-18
6.449655666860497799e-10
1.116265773950390837e-12
2.232338173967295615e-10
1.359602726690946925e-14
3.407538152195369845e-09
3.417366660774247696e-12
6.350331490128527052e-16
4.966683668157677658e-18
6.205484131960736718e-19
2.787830530397135442e-16
4.190601968264978252e-17
1.843209478900967231e-17
0.000000000000000000e+00
3.096876023561705082e+01
5.936477350698962852e+01
2.108435732475930579e-04
4.042145066528409002e-04
4.921052267577138891e-05
2.297256271352695842e-13
4.403565813343564678e-13
0.000000000000000000e+00
1.584551151805838032e+01
2.160542765803566824e-04
2.037639376053771656e+00
3.637530751963387321e-02
1.248259938266771223e-02
9.590620846779330799e-01
6.529517280920064041e-06
1.523976117421126585e-06
7.114182081659852077e-15
4.445514265208028155e-11
1.037574031628065499e-11
4.843573661703140815e-20
1.130480289100597131e-20
5.277276018049311969e-29
2.510776546238973062e-01
4.151948317544353582e-03
1.195781579315602583e+00
2.552282461048367007e-02
4.210353032914812467e-16
5.790397116449373479e-24
2.778178518394325562e-32
1.995120287008539323e-17
6.021623460504373266e-20
1.157903350795093638e-17
3.606658927201947774e-19
0.000000000000000000e+00
1.111600602787921735e-14
8.078763191232710185e-20
8.359906262135657368e-29
1.083125895887109285e-27
1.554709665118692133e-22
2.843868917413162730e-28
0.000000000000000000e+00
1.270801171479832306e-36
5.202849503255307776e-36
0.000000000000000000e+00
7.491391490915589727e-31
1.204932012770566269e-36
5.644534923968747824e-45
2.702010892343256234e-16
2.326274611072818348e-38
1.510428445846251577e-16
8.787545522783684004e-18
0.000000000000000000e+00
2.830624127310635846e-31
1.702111325663567261e-38
3.275359578612095398e-47
5.819396855214406172e-47
4.542235985643496107e-55
1.173921384993925185e-63
9.187901206706940677e-34
1.812424176695274931e-41
1.367152163439163742e-33
1.343898429371348810e-35
0.000000000000000000e+00
5.937094004908161082e+00
4.042156882371708993e-05
4.404103701701463517e-14
3.591993361171505115e-19
0.000000000000000000e+00
1.099695766356761314e-14
2.800282565654089163e-31
8.045147538929045199e-20
1.694804898048477010e-38
8.325417758535856066e-29
3.261680222352011271e-47
1.082231547328281478e-27
0.000000000000000000e+00
1.548123079122953290e-22
1.269590191583737588e-36
4.537353341329208096e-55
5.198742018643497192e-36
0.000000000000000000e+00
7.460894978106329086e-31
1.203820602387588214e-36
5.639657730214650074e-45
1.172868156589088910e-63
2.700215889491200863e-16
9.181067827786213669e-34
1.810570334239568555e-41
2.323841654373878180e-38
1.365667572509931349e-33
1.508854237516774220e-16
8.780628724612995762e-18
0.000000000000000000e+00
1.342541795334517432e-35
0.000000000000000000e+00
9.852544243616328904e-18
0.000000000000000000e+00
1.479277738587644919e-35
0.000000000000000000e+00
2.500833809780078213e-23
0.000000000000000000e+00
7.741219146698086791e-19
1.941579144103049163e-35
5.596317422081064531e-24
1.166571112277384714e-42
5.739110703281865377e-33
2.223891051477055265e-51
7.648965941421963148e-32
0.000000000000000000e+00
1.085008942587175133e-26
8.867725857724357337e-41
3.128307544651896682e-59
3.629032487996217074e-40
0.000000000000000000e+00
5.164268242902201890e-35
8.395441192216651621e-41
3.891392117721087593e-49
7.987019670581259645e-68
1.902753195641162835e-20
6.397218418445586502e-38
1.267719172097609702e-45
1.624798728914426554e-42
9.458876754384331850e-38
1.058421299377677583e-20
5.991548010461881006e-22
0.000000000000000000e+00
8.981676174792713701e-40
0.000000000000000000e+00
1.536227073988395468e-18
0.000000000000000000e+00
1.314770837476729880e-13
3.234371568694841815e-30
3.433508104652573969e-19
7.060316313543491270e-38
3.481147684951222969e-28
1.330690060906970063e-46
4.054398906708188385e-28
0.000000000000000000e+00
6.720148982367998235e-22
4.676623866027391310e-37
1.640868301630448886e-55
1.913878799703904197e-36
0.000000000000000000e+00
3.148168666861106560e-30
4.425139963907682739e-37
2.042382424287460776e-45
4.169964029468628721e-64
1.016507481972646371e-16
3.400716983265426340e-34
6.691440136257299774e-42
8.570716403534989836e-39
5.012812355833282083e-34
5.639581573646664091e-17
1.109026734316301963e-17
0.000000000000000000e+00
1.265788136148886640e-35
0.000000000000000000e+00
1.537584184266915522e-18
0.000000000000000000e+00
1.315906895777083557e-13
3.237216854023515054e-30
3.436544610008911396e-19
7.066639392887494135e-38
3.484259244503148707e-28
1.331894961755694154e-46
4.060175401791855268e-28
0.000000000000000000e+00
6.726040328544028622e-22
4.683344327179993599e-37
1.643248662135544399e-55
1.916629924645460169e-36
0.000000000000000000e+00
3.150969288825054268e-30
4.431505809694011543e-37
2.045343077819856216e-45
4.176066690520551159e-64
1.017952040073546890e-16
3.405589624219786594e-34
6.701039869804403733e-42
8.583025116068130404e-39
5.020028011685825660e-34
5.647624923056608131e-17
1.109163916989096869e-17
0.000000000000000000e+00
1.265981884648686225e-35
0.000000000000000000e+00
1.284880032835685347e-17
0.000000000000000000e+00
1.462239558556598332e-35
0.000000000000000000e+00
1.472096983077592408e-22
0.000000000000000000e+00
5.009302171490549780e-18
1.274614415237465277e-34
2.930941636199395396e-23
6.170599959646711014e-42
4.168087377947230396e-32
1.632329713250153671e-50
3.450380942372480365e-31
0.000000000000000000e+00
5.641323752208281406e-26
5.201873366507256399e-40
1.858225415283317473e-58
2.366693927090795382e-39
0.000000000000000000e+00
3.735407920931594546e-34
4.931810712152129691e-40
3.079468275392833922e-48
6.401308748360317556e-67
2.459613315579134539e-20
8.360243919790244046e-38
8.242307329286352408e-46
1.057902017394839251e-42
4.973011086771792567e-37
5.496934036012899670e-20
2.245592072312532161e-21
0.000000000000000000e+00
3.369682747537870324e-39
0.000000000000000000e+00
6.306921852727816403e-22
0.000000000000000000e+00
5.997402548401773106e-17
1.475375991935687123e-33
1.252996929089230952e-22
2.576533819119294923e-41
1.746764813308925022e-31
6.677149303774154399e-50
1.295336231394483550e-31
0.000000000000000000e+00
2.452398245340826567e-25
1.921012731542020657e-40
6.740213733184850586e-59
8.735185908610327731e-40
0.000000000000000000e+00
1.579692322850266982e-33
1.817720971374966066e-40
1.118602452477933419e-48
2.283866477409319087e-67
9.278946091702671315e-21
3.104261560771804726e-38
3.053903785112106190e-46
3.911585662215289883e-43
1.830235959377931158e-37
2.059078032545858748e-20
2.928017519349431151e-21
0.000000000000000000e+00
3.332100062230648111e-39
0.000000000000000000e+00
6.759789931837522565e-20
0.000000000000000000e+00
2.068315269533422809e-15
5.268243047763773255e-32
1.135436674372253295e-20
2.390395969368475136e-39
1.174662748744407727e-29
4.601158232048500596e-48
1.527509891571351736e-28
0.000000000000000000e+00
2.185370396503667325e-23
1.194277048723251808e-37
4.267092242012486863e-56
7.336334232941420401e-37
0.000000000000000000e+00
1.052933188788809913e-31
1.132504433158964279e-37
5.304437487771837066e-46
1.102845948472655630e-64
5.082308879122999172e-17
1.727663152208783223e-34
4.258431436278261066e-42
5.464931352545339760e-39
1.284559211080445096e-34
4.258925885273995320e-17
6.957093551234888611e-19
0.000000000000000000e+00
1.044055250729118096e-36
0.000000000000000000e+00
8.209995694455730496e-20
0.000000000000000000e+00
1.257899586518320056e-15
3.196179748106930101e-32
4.598930855738228544e-20
9.671687359549668689e-39
1.898943616226769411e-29
7.427482484539507567e-48
7.422105898029193690e-28
0.000000000000000000e+00
8.826703427682871195e-23
8.689627531609721812e-37
3.099493226232535089e-55
1.779214710981092696e-36
0.000000000000000000e+00
1.704946490216253484e-31
8.243437919440765166e-37
1.925042735079751869e-45
4.003438534689123345e-64
9.277403775708826727e-17
3.148854185520050557e-34
6.147992121388254943e-42
7.889044382467235347e-39
1.090006300301722128e-33
1.379110814974749441e-16
5.896657817832854056e-18
0.000000000000000000e+00
8.824257108114695803e-36
0.000000000000000000e+00
8.885277988023236805e-20
0.000000000000000000e+00
1.360216938968997650e-15
3.462895487009631162e-32
4.975846854523905527e-20
1.048056186878648420e-38
2.059093258153029242e-29
8.066878915926974094e-48
8.032676813841040138e-28
0.000000000000000000e+00
9.576051505355639383e-23
9.420296802133029031e-37
3.366544065731036817e-55
1.928991148978656045e-36
0.000000000000000000e+00
1.845625189490191586e-31
8.933184624000696749e-37
2.092234257105537899e-45
4.350317654502558539e-64
1.002127594329705668e-16
3.406805551339075819e-34
6.713340665603387788e-42
8.616290925546619005e-39
1.181451644425385240e-33
1.492075557076205670e-16
6.400379641884382438e-18
0.000000000000000000e+00
9.606729685069838959e-36
0.000000000000000000e+00
1.088940108203469732e-21
0.000000000000000000e+00
1.035503645990986049e-16
2.547325389781397552e-33
2.163409742206697940e-22
4.448563593378943703e-41
3.015896935977355750e-31
1.152844655712279968e-49
2.236520275332475481e-31
0.000000000000000000e+00
4.234314232021361474e-25
3.316749255938462241e-40
1.163731655398442894e-58
1.508193318768075638e-39
0.000000000000000000e+00
2.727464039532001352e-33
3.138423907988446303e-40
1.931325186391747064e-48
3.943159841138334650e-67
1.602103416700084772e-20
5.359757727982753607e-38
5.272544857129108087e-46
6.753316918525133201e-43
3.159875321761929803e-37
3.555014274384453111e-20
5.055517382950987397e-21
0.000000000000000000e+00
5.753075035498635399e-39
0.000000000000000000e+00
1.283593581243034551e-20
0.000000000000000000e+00
4.367858504835022180e-16
1.111398155804496103e-32
2.555632009864770694e-21
5.380444391297716696e-40
3.634357143259480334e-30
1.423306487569534793e-48
3.008557332289870274e-29
0.000000000000000000e+00
4.918949046293092730e-24
4.535766986027839730e-38
1.620276216924714421e-56
2.063635732595435032e-37
0.000000000000000000e+00
3.257083138604365781e-32
4.300285411992748229e-38
2.685136563931169126e-46
5.581605248555191654e-65
2.144658089336103518e-18
7.289705243431381853e-36
7.186869246392344143e-44
9.224363180587091918e-41
4.336209885803194020e-35
4.793046989088828797e-18
1.958044916129194183e-19
0.000000000000000000e+00
2.938193817784881455e-37
0.000000000000000000e+00
6.142814071865659172e-19
0.000000000000000000e+00
1.879480195862976249e-14
4.787332830051770429e-31
1.031799775734579513e-19
2.172143937615249938e-38
1.067431652415597949e-28
4.181096689638307991e-47
1.388091659421173144e-27
0.000000000000000000e+00
1.985920500620481479e-22
1.085258525748942026e-36
3.877527072571360986e-55
6.666678817904189065e-36
0.000000000000000000e+00
9.568251083276627294e-31
1.029128953227865792e-36
4.820199589164656170e-45
1.002155148850023471e-63
4.618469236214614879e-16
1.569970989050071463e-33
3.869743755415485763e-41
4.966088591117080066e-38
1.167300131271516482e-33
3.870206820956483406e-16
6.322275971162894580e-18
0.000000000000000000e+00
9.487668734742916343e-36
0.000000000000000000e+00
8.125424443165566115e-19
0.000000000000000000e+00
1.244949342002365286e-14
3.163231244655515545e-31
4.551566570168124899e-19
9.571974561565924475e-38
1.879357080813657016e-28
7.350789662371296335e-47
7.345651065583806306e-27
0.000000000000000000e+00
8.735630638928412241e-22
8.600012896268591980e-36
3.067487748372216875e-54
1.760865130071016255e-35
0.000000000000000000e+00
1.687380968273031359e-30
8.158446699922510295e-36
1.905156105945536688e-44
3.962086304049096695e-63
9.181960720193335688e-16
3.116424551835782187e-33
6.084277354134826203e-41
7.807274602194657681e-38
1.078766583519096797e-32
1.364907578040885604e-15
5.836025917139054167e-17
0.000000000000000000e+00
8.733485530374775054e-35
0.000000000000000000e+00
0.000000000000000000e+00
0.000000000000000000e+00
0.000000000000000000e+00
0.000000000000000000e+00
0.000000000000000000e+00
0.000000000000000000e+00
0.000000000000000000e+00
0.000000000000000000e+00
0.000000000000000000e+00
0.000000000000000000e+00
0.000000000000000000e+00
0.000000000000000000e+00
0.000000000000000000e+00
0.000000000000000000e+00
0.000000000000000000e+00
0.000000000000000000e+00
0.000000000000000000e+00
0.000000000000000000e+00
0.000000000000000000e+00
0.000000000000000000e+00
0.000000000000000000e+00
0.000000000000000000e+00
0.000000000000000000e+00
0.000000000000000000e+00
0.000000000000000000e+00
0.000000000000000000e+00
0.000000000000000000e+00
0.000000000000000000e+00
0.000000000000000000e+00
1.451327871319936458e+00
7.183297308757876254e-05
4.494122440902250659e+00
7.720524514292196727e+01
1.185014941451866116e-01
2.268915871629737069e+00
2.400696280536705274e+01
2.757931638472034194e-02
1.553001231785686365e+01
4.018372445521194436e+00
1.779484175090856720e-10
4.331055478376622858e+00
6.557378050131023292e-10
4.987480119810062911e-11
0.000000000000000000e+00
0.000000000000000000e+00
1.815684696232413727e-12
4.200439517082355488e-03
7.626668854442621005e-17
1.574537769696308231e+01
1.743900433564591594e+03
2.056340064190904648e+00
0.000000000000000000e+00
2.495906698720214933e+01
1.303728823329044495e+00
2.018993524360697123e+00
2.800055845306283209e-02
8.721625466668427029e-02
4.206670203219001110e+02
1.163155026637443257e+02
3.213885117452820737e+02
1.756002799760862600e-11
7.731624564048842352e+00
1.391700444242158312e+02
1.155094393595208970e+02
2.214450080417283218e+01
5.619233053301058334e+01
4.728549733786016687e-14
7.542043034607159746e-12
1.298999303127936695e-09
2.306705467362025976e-09
1.806606106466350425e+01
4.173140298020897197e-09
6.467211791199537485e-01
1.425302150423980729e-01
7.135963427790639746e-02
1.762301807122324249e+02
2.425492605241651978e-13
9.996246010040580586e+03
3.593268770171960114e+00
4.244852493130019666e-01
7.591996776068109520e-01
2.346601751451445139e+01
8.389656951948426533e-02
8.390102777754728791e-01
1.053556458755088876e+01
3.785419684688932640e-01
1.183541397403134188e-01
4.517022254364252976e-02
4.991391141892476568e+00
2.130213323465125708e+00
8.696717600754190827e-03
1.845679172999189745e+02
1.407090129819222923e+01
3.943743793072237991e-02
4.841697518520770571e-01
7.132658184303646287e-01
1.908965515601417917e-01
1.988303208196230543e+01
3.609173511354805062e-13
1.104459550091170054e-10
3.427595732696777873e+02
0.000000000000000000e+00
3.241501095684895972e+01
2.887946812901572002e+01
2.108855837242009557e+02
1.667580493929549101e-01
6.147937326842084493e-01
6.836941671531899090e+01
0.000000000000000000e+00
1.740393423788538151e-11
2.425950728448136573e+01
3.663919157147641449e-10
2.813717178948468289e-01
1.271019649937740662e-10
5.496886757426248330e-04
2.271815136928926823e-02
2.499401048623520194e-01
1.209076971337103575e-16
5.396305097842854503e-02
0.000000000000000000e+00
6.114826189804476453e-01
1.690763043119261344e-01
5.208903954309081819e+00
4.640752609438601795e+00
2.214469587159346275e+01
2.415012917291139252e-15
5.981836875000413324e-15
6.634424709899329504e-11
1.643129930000241061e-10
1.124596384988962069e-13
1.386626835691339441e-03
9.579627038170116437e-04
8.403981699933305146e-04
1.407760990195110473e-01
2.031113146685718449e-03
5.105078659965905236e-02
0.000000000000000000e+00
1.275755587073696321e-13
1.099939747731976090e-12
6.359632055387868599e-04
1.821888865070786189e-13
4.609197480947220139e-13
0.000000000000000000e+00
9.535955102073945450e-13
4.323791834020633551e-02
1.869458886883897705e-04
7.149268022927243943e-04
1.976789560215031058e-04
1.190020637343474164e+02
3.340919557897042758e+00
4.074824595688075202e-01
8.570671786976880924e+00
2.369804278861081581e+00
5.004069206464035524e+00
0.000000000000000000e+00
0.000000000000000000e+00
0.000000000000000000e+00
0.000000000000000000e+00
5.759940943937888846e+01
6.854310553068150114e+01
0.000000000000000000e+00
0.000000000000000000e+00
0.000000000000000000e+00
0.000000000000000000e+00
0.000000000000000000e+00
3.907567331246956759e-03
2.457885063468271802e-03
6.324960666650855309e-04
2.131514098119585525e-03
3.238383952569185483e-03
5.376216566653199691e-03
5.376216566653199691e-03
5.376216566653199691e-03
5.376216566653199691e-03
2.335178945754667196e-02
3.794982358112791161e-06
1.231471725556584559e-02
5.376216566653199691e-03
5.376216566653199691e-03
5.376216566653199691e-03
5.376216566653199691e-03
5.376216566653199691e-03
5.376216566653199691e-03
5.376216566653199691e-03
5.376216566653199691e-03
5.376216566653199691e-03
5.376216566653199691e-03
5.376216566653199691e-03
5.376216566653199691e-03
5.376216566653199691e-03
5.717773419555999964e-04
9.420411206955300182e-03
4.703248135821100177e-03
1.498765032630679922e-02
2.770337121422000162e-04
2.087240296962000101e-04
1.677381705775643148e-03
2.455352096168328131e-03
5.263639537681985385e-03
3.081525674787600252e-03
0.000000000000000000e+00
4.446455322609114968e-03
5.577354603714685527e-03
2.447765607023428235e-03
7.653219387295570999e-04
3.477466351599714425e-03
2.670402238434910203e-02
4.083402010349714874e-03
7.589964716225612816e-06
6.753801617280569790e-03
1.692308785337299712e-02
1.200605322882721329e-02
4.106170911478059654e-02
5.961915795064629507e-03
3.744382593337000176e-04
1.884846202964572583e-04
9.635460703758555109e-03
3.630538087695571394e-04
0.000000000000000000e+00
2.101154735764842758e-03
2.785516554344542959e-03
2.023990590993499574e-05
2.765279130985630156e-03
4.149812925585541490e-01
1.335580791231830156e-02
1.264994119370919446e-06
0.000000000000000000e+00
5.406582383640414630e-03
2.529988238741870656e-06
1.264994119370919446e-06
3.288984710364429312e-05
1.287763517009342818e-03
0.000000000000000000e+00
1.467408073775717484e-04
5.116901709365556834e-03
4.658971355602370933e-03
0.000000000000000000e+00
2.302304192560719945e-04
3.340847979728027526e-03
2.656487650678970711e-05
3.162480333325427655e-04
4.882877300771000214e-04
2.732386304820785643e-03
5.893606112618525635e-03
2.876597123959658345e-03
2.523662771634742081e-03
5.059976477483741313e-06
6.957467656540150319e-05
3.275068782030885698e-03
2.034110047438243002e-03
1.602241204038089978e-02
1.295354474745957253e-03
9.463416041912028204e-03
1.697622108195699989e-03
2.471799005760956600e-03
7.057402191970398725e-03
0.000000000000000000e+00
5.059976477483700032e-03
1.223249809941856893e-03
1.668526746940042840e-03
3.554635461473029060e-03
3.162480333325427655e-04
0.000000000000000000e+00
1.264992133330171712e-03
9.956772189139899074e-03
7.638036975312581522e-03
1.315613744553291128e-04
2.264087120313354462e-02
4.486938113490157587e-03
4.475549194334299194e-03
4.718433030354571354e-04
4.416092981193328777e-03
3.837993151191714577e-03
5.452134584692143199e-04
4.632410947687285417e-03
3.706442699960144755e-04
1.264994119370919446e-06
1.011995295496748601e-05
1.691297534807095423e-02
1.623493601753717153e-02
5.359781076795014018e-03
1.069046133072224652e-02
3.162480333325427655e-04
1.611223407050915366e-02
3.213083077161370867e-03
9.474815884292144431e-04
1.106616508068559643e-02
1.822858512054228997e-03
4.484402663639328566e-03
4.450247822416328672e-03
1.788703174321071895e-03
2.909486474553155913e-05
1.629313418770114361e-03
1.657142296375000074e-04
5.059976477483741313e-06
2.309119768989512794e-02
3.162480333325427655e-04
0.000000000000000000e+00
5.059976477483741313e-06
4.933477065546647018e-05
9.550700636148428064e-04
5.582417559253330386e-03
8.095957398871426319e-04
4.870232324679572128e-04
3.364884357525999318e-04
0.000000000000000000e+00
