1.897392000000000053e+03
3.833856480812207792e+02
1.072218073386669346e+01
1.068412165198551236e+02
1.007564103209984241e+00
3.099543378643215711e-71
1.205310381908738708e-103
1.071554120699754797e+01
1.070419222056161068e+01
1.070349996517698621e+01
1.064600191218175063e+01
1.064371204801475734e+01
1.063852460841345682e+01
1.063781381908135515e+01
1.062451853913493949e+01
1.060820735791338798e+01
1.058693413690230756e+01
1.070665927940920881e+01
1.068433942467221520e+01
1.065622698455556083e+01
1.063981368444819076e+01
1.061771322762812275e+01
1.057247533308030896e+01
1.055580982285370517e+01
1.054540477687995015e+01
1.052809200298124459e+01
1.052148078577593715e+01
3.528382026136154814e-01
7.342886726990030866e+01
2.082163982905984767e+01
4.173117777204825404e-04
1.036967728377754901e-05
0.000000000000000000e+00
0.000000000000000000e+00
5.686472298287569060e+01
1.524379920405402231e+02
0.000000000000000000e+00
7.426421801629481401e+00
1.579455476967627225e+00
7.966873139619427093e+03
3.949932158784418057e+00
3.888655920680365169e-02
1.129296646221898527e+03
8.056557018042901364e-01
1.582788028811063841e+00
2.150012671806964804e+01
4.383981920794169262e+00
2.543048266704426852e-01
8.882688769690497699e-01
2.741634501626307507e+00
1.140856102075395384e+01
1.122707357054718802e+00
1.412750285047973478e+02
4.928503797238742834e+01
1.602937020928269618e+01
5.529830480794715442e+01
4.022444638076606793e+00
1.404580496328132178e+01
5.196350041816001131e+00
1.276894390840329851e+00
2.048580029083139920e+01
5.923039227852587851e-01
1.088152855161033727e+02
1.155695922867628056e+01
4.204218963142725585e+00
4.143442253148430154e+01
3.443603735658911091e+00
3.900519233572825151e+00
6.841788529269905439e-01
7.116751671651410049e+01
7.300398778432467539e-01
9.402878411069504949e+00
2.651895757226545669e+01
1.674039285966295054e+01
8.413819247815797209e-02
1.497720318032879916e-01
8.992687772662786301e+03
2.225477382967298468e+00
2.894270190924113084e+00
3.693265102367758734e-01
3.176200696198707568e-02
3.618641312636088070e-02
2.369205170964142244e-03
0.000000000000000000e+00
5.002119860761091275e+00
0.000000000000000000e+00
0.000000000000000000e+00
6.249993906981415881e-01
0.000000000000000000e+00
1.518668071305735445e+01
0.000000000000000000e+00
6.056576939069281251e-04
2.861807761391363218e-03
5.468876584669158605e-06
8.309389385502122138e+01
7.950000778190597500e-03
8.589122869180500339e-05
4.935844978418289841e+00
1.338332464436378145e-09
2.630839396822370194e-05
3.787822456725717270e-09
1.476110106152902191e+01
7.936485277364637022e-05
3.285509190285841328e+02
8.829120842057459428e-07
3.838378291497540062e-01
6.535864814988761395e+01
1.133438379356225834e-04
2.991074155978726235e-06
3.602417119896234965e+01
3.302399354872643882e-04
1.173326575580686324e+02
1.108619053370426450e-07
1.385919484976555276e-04
1.871227232317286765e-03
5.144835022917391143e+00
2.949565229176953976e-02
1.107133532131233228e-04
1.738585537424123606e-03
3.875582448959082772e-07
6.040565660520545552e-06
2.259971195605372486e+03
2.766758583926136642e-06
2.468909446759504100e-04
1.753530177495957832e+04
2.488992813394295608e-02
2.483079455688815551e-01
1.877394682418626417e+03
2.664808976339744576e-03
1.756846120259062186e-02
1.736092272749823265e-02
1.244076693199099998e-01
3.411342752078523266e-06
3.590565576201578679e-01
6.174251502269687562e-11
1.132488664966836147e-12
1.357066767262256846e-12
5.955292423177454284e-04
1.033373832519241081e-10
1.882374904997342613e-01
6.081563831391563646e+00
2.029354164799173081e-11
2.704761355005406656e-12
1.406659181400884244e-12
2.224691187247620023e-09
2.938585414668224918e-10
1.591970964980669091e-10
4.388902709713679225e-12
1.625644374217334758e-18
4.846790748299200236e-10
9.137503723084318687e-13
1.826062337835784426e-10
1.849702869450132885e-14
4.194717093501500852e-09
4.224998018851963075e-12
5.147540363634539710e-16
4.894452772573475118e-18
6.115670275617568623e-19
1.173583298650060572e-16
2.071255574395792008e-17
1.315381118121981352e-17
0.000000000000000000e+00
2.814332605845421398e+01
5.858278532042632492e+01
1.995930964919235531e-04
4.155461041890351481e-04
4.939838860955467534e-05
2.143034531494829152e-13
4.461149743372546019e-13
0.000000000000000000e+00
1.282889250040947715e+01
2.160542667594204903e-04
1.731381571749193826e+00
2.843118087614752640e-02
1.379517942142603759e-02
7.920332498275964861e-01
5.617127719888066020e-06
1.390213146125059633e-06
6.031048387014109753e-15
3.983747122386667672e-11
9.859589983566344202e-12
4.277305564345600597e-20
1.058613355804799593e-20
4.592496042365017354e-29
1.645805218896302102e-01
2.997694509571310461e-03
1.528242370371437620e+00
4.774457150146749207e-02
3.267662706016759110e-16
6.003482470680053776e-24
2.688412290207180471e-32
1.964811176646862801e-17
2.535163629942431228e-20
7.540826789558679253e-18
2.700653372504469093e-19
0.000000000000000000e+00
7.781226530750138347e-15
6.462652187164463172e-20
6.066744602792460008e-29
1.068234906744957189e-27
1.453885851331789900e-22
2.961839627826794712e-28
0.000000000000000000e+00
1.234118055027655328e-36
4.781400108571389126e-36
0.000000000000000000e+00
6.544760330044914885e-31
1.175848677992364106e-36
5.105319721967948404e-45
2.160160449118861645e-16
4.316072923785702204e-39
9.497155213274930322e-17
1.492808562881561795e-17
0.000000000000000000e+00
1.627752434873913487e-31
1.335278567384778663e-38
2.345359233793344787e-47
6.028596623752483196e-47
4.386451174809408961e-55
1.059147665921298895e-63
7.788689099315562414e-34
3.212619568164637021e-42
4.743490857134187071e-34
1.905726342368907122e-35
0.000000000000000000e+00
5.859265859698536971e+00
4.155456151343178928e-05
4.461672464246864210e-14
2.687935340121690114e-19
0.000000000000000000e+00
7.683339724310550536e-15
1.607292910799809994e-31
6.431764957922722049e-20
1.328715396587294565e-38
6.037800433115382137e-29
2.334038388179959059e-47
1.067334703597398750e-27
0.000000000000000000e+00
1.446697345292871185e-22
1.232904551640672712e-36
4.381599651907271207e-55
4.777457006049079226e-36
0.000000000000000000e+00
6.513643513691592118e-31
1.174743786895235276e-36
5.100673541428660802e-45
1.058161283594348839e-63
2.158658153930202004e-16
7.782515344243802213e-34
3.209284105218803112e-42
4.311498137336130061e-39
4.739117578929772806e-34
9.488234718674149491e-17
1.492187751771454814e-17
0.000000000000000000e+00
1.904883460202861740e-35
0.000000000000000000e+00
1.680953049712453838e-18
0.000000000000000000e+00
2.119551608746029461e-36
0.000000000000000000e+00
1.884657534185757914e-23
0.000000000000000000e+00
5.429263332989999080e-19
1.125481145633843889e-35
4.504648140072853536e-24
9.205715276821527728e-43
4.192094983643974212e-33
1.601993170338701697e-51
7.573727537640167731e-32
0.000000000000000000e+00
1.013895930994804748e-26
8.645847576388619971e-41
3.035707281230541517e-59
3.349745975454955341e-40
0.000000000000000000e+00
4.510094491631912646e-35
8.232964487539798748e-41
3.535155456622147299e-49
7.246292540534015159e-68
1.526881768571306583e-20
5.432195205800382489e-38
2.269337649064273673e-46
3.044991863365281704e-43
3.346438419292767049e-38
6.725131442838013341e-21
1.048893369966730911e-21
0.000000000000000000e+00
1.322432837809844060e-39
0.000000000000000000e+00
1.366908942482351292e-18
0.000000000000000000e+00
1.086239748575357652e-13
2.224691629032706442e-30
3.262122286620787789e-19
6.572589511078273266e-38
3.001981424130365923e-28
1.130678568728130439e-46
4.526365836820987364e-28
0.000000000000000000e+00
7.347970249593964704e-22
5.140973718284304707e-37
1.796013085211992677e-55
1.992028856975499875e-36
0.000000000000000000e+00
3.219083347104893621e-30
4.894682181166604187e-37
2.092180381209227334e-45
4.267970100526064936e-64
9.196239502913933323e-17
3.253123113109303136e-34
1.352570543389633941e-42
1.816275844371863870e-39
2.013599569567834344e-34
4.052763490453022575e-17
3.393256733824063599e-17
0.000000000000000000e+00
3.657699013718564627e-35
0.000000000000000000e+00
1.368110075001026440e-18
0.000000000000000000e+00
1.087178075380094609e-13
2.226634577826577994e-30
3.264992709057342324e-19
6.578448417955268705e-38
3.004650283118147262e-28
1.131697567266733339e-46
4.532802788243031247e-28
0.000000000000000000e+00
7.354431159208739805e-22
5.148347612799908496e-37
1.798611863415197814e-55
1.994886158689908126e-36
0.000000000000000000e+00
3.221954239447974927e-30
4.901705578598201097e-37
2.095206636743042257e-45
4.274197323765784499e-64
9.209285972694786362e-17
3.257782870040217250e-34
1.354500100076017944e-42
1.818867514974437631e-39
2.016459991186134576e-34
4.058505355369955083e-17
3.393541612636993681e-17
0.000000000000000000e+00
3.658059043342697493e-35
0.000000000000000000e+00
3.881626647046984159e-18
0.000000000000000000e+00
4.178120866810525340e-36
0.000000000000000000e+00
8.115254920569663615e-23
0.000000000000000000e+00
2.577851913789922905e-18
5.389905928417245907e-35
1.726163731142013471e-23
3.563899216856069759e-42
2.226930641443326520e-32
8.605351863675361905e-51
2.506668920352020830e-31
0.000000000000000000e+00
3.882614800502337596e-26
3.721202773079933061e-40
1.321929739966486238e-58
1.602165630314514737e-39
0.000000000000000000e+00
2.401933576719538543e-34
3.545369455819260713e-40
2.051759610881344047e-48
4.254771534663155297e-67
1.448419236211984499e-20
5.219913582991279562e-38
1.076411400630108030e-46
1.446115785878049791e-43
1.271875044068381569e-37
2.546796712206328182e-20
2.823808469024531255e-22
0.000000000000000000e+00
3.559660956757622840e-40
0.000000000000000000e+00
4.132845210780462135e-22
0.000000000000000000e+00
3.649104103138893047e-17
7.473607635087526709e-34
8.767173921036375773e-23
1.766427373074576003e-41
1.109347564865704693e-31
4.178313701567596669e-50
1.065008525053102798e-31
0.000000000000000000e+00
1.974816649761877689e-25
1.555216315252757739e-40
5.433218341373827083e-59
6.695775732520669290e-40
0.000000000000000000e+00
1.189581474566152004e-33
1.480717726484432105e-40
8.438893934740825381e-49
1.721502469648551168e-67
6.182237625542637294e-21
2.186934559024666481e-38
4.546150819585567449e-47
6.104719567908483345e-44
5.414359260662771939e-38
1.089745930427823048e-20
6.514576856045898071e-22
0.000000000000000000e+00
7.012110960786398110e-40
0.000000000000000000e+00
4.226159969405790884e-20
0.000000000000000000e+00
1.207199553841298082e-15
2.526388201912378954e-32
7.583798620903353819e-21
1.565695971059610590e-39
7.117358254796991897e-30
2.750810347487886717e-48
1.258566655581002455e-28
0.000000000000000000e+00
1.705933378189608967e-23
9.689086663004514983e-38
3.442567210299517146e-56
5.632416783873634883e-37
0.000000000000000000e+00
7.678948589568660950e-32
9.232973467238899465e-38
4.008037489945291267e-46
8.312806428227910788e-65
3.394323913600123244e-17
1.223416131766911575e-34
6.306696280452988686e-43
8.471601229517083869e-40
3.725181577625535882e-35
2.237694321978257595e-17
9.919878796145060183e-20
0.000000000000000000e+00
1.250434219464650019e-37
0.000000000000000000e+00
7.049444500039742781e-20
0.000000000000000000e+00
1.007653209043295062e-15
2.105454665369401367e-32
4.218606160611782979e-20
8.699836071185416224e-39
1.580281671585212512e-29
6.098348120599478678e-48
8.396308896856635176e-28
0.000000000000000000e+00
9.453555112449779665e-23
9.679389392426677920e-37
3.433733862373764982e-55
1.875628677051255383e-36
0.000000000000000000e+00
1.706053163056377384e-31
9.228620120125283040e-37
1.997272323824884745e-45
4.144309734249127384e-64
8.506732775525369063e-17
3.060453158389198998e-34
1.251084582908969637e-42
1.680356317063910468e-39
4.348978683571874961e-34
9.957005922469441006e-17
1.157339782147662349e-18
0.000000000000000000e+00
1.456407234136795822e-36
0.000000000000000000e+00
6.064057977084657956e-20
0.000000000000000000e+00
8.666873371084393979e-16
1.812800486478832612e-32
3.628030753728087313e-20
7.493814009250430799e-39
1.361947306669469564e-29
5.264769347856395681e-48
7.224986464237251045e-28
0.000000000000000000e+00
8.160579810056080804e-23
8.343088695916295361e-37
2.964946660161528854e-55
1.616698258869720001e-36
0.000000000000000000e+00
1.469403694428542080e-31
7.950421762647643318e-37
1.725780952519834060e-45
3.579589774747666740e-64
7.306360975971246420e-17
2.633622253800744775e-34
1.085330864790638833e-42
1.458050123915982256e-39
3.739881619486045525e-34
8.557794331989211999e-17
9.961491976465839594e-19
0.000000000000000000e+00
1.255836594429027570e-36
0.000000000000000000e+00
6.836203997100870737e-22
0.000000000000000000e+00
6.036039964038420829e-17
1.236209426076235345e-33
1.450199081521700852e-22
2.921856272445842458e-41
1.834970450709548102e-31
6.911302260290175479e-50
1.761659070724688372e-31
0.000000000000000000e+00
3.266593261939421938e-25
2.572478035527343561e-40
8.987010412340951444e-59
1.107552711895262806e-39
0.000000000000000000e+00
1.967691794538104266e-33
2.449263728175317285e-40
1.395866339604193693e-48
2.847479058138306318e-67
1.022623921537466003e-20
3.617430047248149790e-38
7.519510097937364462e-47
1.009744007897232235e-43
8.955614097266196764e-38
1.802499614079367808e-20
1.077628526989415961e-21
0.000000000000000000e+00
1.159920299866836928e-39
0.000000000000000000e+00
6.779069220238528730e-21
0.000000000000000000e+00
2.153406262779832877e-16
4.502449482921278676e-33
1.441949063923158300e-21
2.977096737511307932e-40
1.860262687467686705e-30
7.188461595311943400e-49
2.093943526707764945e-29
0.000000000000000000e+00
3.243338143643042257e-24
3.108501197150045244e-38
1.104271335969548350e-56
1.338366662362740461e-37
0.000000000000000000e+00
2.006450427524457503e-32
2.961618705641357338e-38
1.713933147490626850e-46
3.554212401327002263e-65
1.209935568795089302e-18
4.360447044104130662e-36
8.991788691761734262e-45
1.208010970158040014e-41
1.062459498359181601e-35
2.127464458130632798e-18
2.358870865774603563e-20
0.000000000000000000e+00
2.973564681107234200e-38
0.000000000000000000e+00
3.840445090349857527e-19
0.000000000000000000e+00
1.096981968368882452e-14
2.295778047494760585e-31
6.891609839260346640e-20
1.422746273030768529e-38
6.467662138975620782e-29
2.499683547608240225e-47
1.143696991862465739e-27
0.000000000000000000e+00
1.550234349799303205e-22
8.804640130625638159e-37
3.128284723161546682e-55
5.118304274404434364e-36
0.000000000000000000e+00
6.978018798975397943e-31
8.390203812061512166e-37
3.642154606341101957e-45
7.553865871331599104e-64
3.084542093960464582e-16
1.111747923841847272e-33
5.731091014500589634e-42
7.698357584183007763e-39
3.385185210668229967e-34
2.033470289431207754e-16
9.014879944602359085e-19
0.000000000000000000e+00
1.136339645446391880e-36
0.000000000000000000e+00
6.976882696213343196e-19
0.000000000000000000e+00
9.972820862560881574e-15
2.083769312288102715e-31
4.175190707277346729e-19
8.610206247549825262e-38
1.563994709178513803e-28
6.035424581785515139e-47
8.309865800537181892e-27
0.000000000000000000e+00
9.356018459624387165e-22
9.579621805988404917e-36
3.398299568054318556e-54
1.856296337488992109e-35
0.000000000000000000e+00
1.688477542344799318e-30
9.133532124974385102e-36
1.976651970828326696e-44
4.101533943395213352e-63
8.419261918762160797e-16
3.028943307110938132e-33
1.238133018906010543e-41
1.662958219555374762e-38
4.304223031611404920e-33
9.854575530268189535e-16
1.145443589529540940e-17
0.000000000000000000e+00
1.441433280905945939e-35
0.000000000000000000e+00
0.000000000000000000e+00
0.000000000000000000e+00
0.000000000000000000e+00
0.000000000000000000e+00
0.000000000000000000e+00
0.000000000000000000e+00
0.000000000000000000e+00
0.000000000000000000e+00
0.000000000000000000e+00
0.000000000000000000e+00
0.000000000000000000e+00
0.000000000000000000e+00
0.000000000000000000e+00
0.000000000000000000e+00
0.000000000000000000e+00
0.000000000000000000e+00
0.000000000000000000e+00
0.000000000000000000e+00
0.000000000000000000e+00
0.000000000000000000e+00
0.000000000000000000e+00
0.000000000000000000e+00
0.000000000000000000e+00
0.000000000000000000e+00
0.000000000000000000e+00
0.000000000000000000e+00
0.000000000000000000e+00
0.000000000000000000e+00
0.000000000000000000e+00
1.428513887786208858e-01
7.183297362590578168e-05
5.324287586823036378e+00
8.281951373747327239e+01
8.727108395450468292e-02
1.814901866747830272e+00
2.005484917655288157e+01
3.122884715998224675e-02
1.529787500713594106e+01
4.603991154864685242e+00
8.623586778999133765e-11
3.949636357611587822e+00
2.466810907901581964e-10
2.098517695252136879e-11
0.000000000000000000e+00
0.000000000000000000e+00
1.061016705440123511e-12
4.200439620327351374e-03
4.456733984197769521e-17
1.535411971168433176e+01
1.670699293288126228e+03
2.010123267613319609e+00
0.000000000000000000e+00
2.723350098570959332e+01
1.309464413622783541e+00
1.985751147812868433e+00
2.941039089869959197e-02
8.839711339524790323e-02
4.335414098038509678e+02
1.174659503238727325e+02
3.182901964911847017e+02
1.154068198326572504e-11
8.396542340657662251e+00
1.511384594243297386e+02
1.307428398512617207e+02
2.721986268468690184e+01
6.906841305350265259e+01
8.161484159259554135e-14
1.633030662405000749e-11
8.259513577057819862e-10
1.654222439791471917e-09
3.353203316632496467e+01
5.582233631360499837e-09
6.467211815547442288e-01
2.263502151393969597e-01
1.132528246198727800e-01
2.338395826151028984e+02
1.417356720365239636e-13
9.996229537692795930e+03
3.567132459567070590e+00
4.356349402077596134e-01
8.489099942179437752e-01
2.661314097435314352e+01
1.002568553624571257e-01
1.002636504564822229e+00
1.104317848278222769e+01
3.938955451887386494e-01
1.110458534601002911e-01
7.913805050075511938e-02
3.509760069198925692e+00
2.713655524645316230e+00
1.039185729654855048e-02
1.714912290398646064e+02
1.562141608115494762e+01
3.636992361675919078e-02
5.104389021911323043e-01
8.397623959220547052e-01
1.855644792733223691e-01
2.174037154076297540e+01
2.306064426615112253e-13
7.119482498167733088e-11
3.455386406398745294e+02
0.000000000000000000e+00
3.573662938376394749e+01
3.166658134349680154e+01
2.290166836439683493e+02
1.697825897093500902e-01
7.304285180953604684e-01
6.784916836922575101e+01
0.000000000000000000e+00
9.475186058177057474e-12
2.477470991891965113e+01
1.574472822168315208e-10
4.745307098746184282e-01
9.016881248247160984e-11
3.648904427617556288e-04
1.816939112409712495e-02
2.726239114138584996e-01
6.768822482896156536e-17
5.143942668844484617e-02
0.000000000000000000e+00
6.387293720602679192e-01
1.730607220724461603e-01
5.687292799374075614e+00
5.039570680118061752e+00
2.722012898016628668e+01
5.123859493632600035e-15
1.121301367690825106e-14
5.184476935887363885e-11
1.134490836667162466e-10
7.243811943504013752e-14
1.412697603920186947e-03
1.114605569208446502e-03
1.004466748180297096e-03
1.563112515003666769e-01
2.558913377249567855e-03
5.844743600048497162e-02
0.000000000000000000e+00
9.052795686093833947e-14
4.726362646494293839e-13
7.737560829788775766e-04
8.782957044445018344e-14
3.321544158581281912e-13
0.000000000000000000e+00
2.242852647944252407e-12
4.454503716361817717e-02
1.984198569263800329e-04
7.820288723240976549e-04
2.118870011604469413e-04
1.135761889277580536e+02
5.373437550368898030e+00
3.942081761001777207e-01
8.545232642147491120e+00
2.315292900502038176e+00
5.081991191145479370e+00
0.000000000000000000e+00
0.000000000000000000e+00
0.000000000000000000e+00
0.000000000000000000e+00
5.906270264131818237e+01
6.707981232874838895e+01
0.000000000000000000e+00
0.000000000000000000e+00
0.000000000000000000e+00
0.000000000000000000e+00
0.000000000000000000e+00
5.805055531242213351e-03
2.141637030135729470e-03
9.361006134355722081e-05
5.502739314568716976e-04
1.973391819239014421e-03
5.376216566653199691e-03
5.376216566653199691e-03
5.376216566653199691e-03
5.376216566653199691e-03
2.556552569087447088e-02
3.794982358112791161e-06
1.389595742222855985e-02
5.376216566653199691e-03
5.376216566653199691e-03
5.376216566653199691e-03
5.376216566653199691e-03
5.376216566653199691e-03
5.376216566653199691e-03
5.376216566653199691e-03
5.376216566653199691e-03
5.376216566653199691e-03
5.376216566653199691e-03
5.376216566653199691e-03
5.376216566653199691e-03
5.376216566653199691e-03
5.717773419555999964e-04
9.420411206955300182e-03
4.703248135821100177e-03
1.498765032630679922e-02
2.770337121422000162e-04
2.087240296962000101e-04
1.361133672443100382e-03
1.190359962838157286e-03
3.998647404351815191e-03
2.132781574789971522e-03
1.846891414280999236e-04
6.343943522604371561e-03
1.782378203724171474e-03
2.447765607023428235e-03
2.030314072059728053e-03
2.212474218269543363e-03
2.765276648434672815e-02
6.297138243677514666e-03
0.000000000000000000e+00
2.958825217290056171e-03
1.470935162004518605e-02
7.262332728839071376e-03
4.770291781476399678e-02
5.013171695066999042e-03
3.744382593337000176e-04
0.000000000000000000e+00
1.248169300375144043e-02
1.311797908767185382e-03
9.234506722425720501e-05
1.468658669099757010e-03
1.520524421014371897e-03
2.023990590993499574e-05
4.662767330980886749e-03
3.944251703919388619e-01
9.244583478995245171e-03
1.264994119370919446e-06
0.000000000000000000e+00
1.611605983649900577e-03
2.529988238741870656e-06
1.264994119370919446e-06
0.000000000000000000e+00
3.390194170117145759e-04
3.162480333325427655e-04
4.629888407101145410e-04
7.646885976025898958e-03
4.658971355602370933e-03
0.000000000000000000e+00
1.178974519253700318e-03
1.759607813065314132e-03
0.000000000000000000e+00
1.897491179056000397e-04
4.882877300771000214e-04
2.099890238155700112e-03
3.047373812625643347e-03
5.406581390620000468e-03
2.207414738302200183e-03
5.059976477483740466e-06
0.000000000000000000e+00
2.642572715365798866e-03
1.401613980773157471e-03
1.349242777372055765e-02
2.244098574743585549e-03
7.565927841916771611e-03
1.381374074863157223e-03
4.053039172423671295e-03
8.322394325300569787e-03
0.000000000000000000e+00
4.111232377486072169e-03
1.223249809941856893e-03
3.249766913602756668e-03
6.084619728133370750e-03
5.617693569571407250e-19
1.404423392392851812e-18
6.881582904682728274e-04
1.280300448913278440e-02
9.535525175307838983e-03
1.080305474452957328e-03
2.137587906980337182e-02
1.144439484680609583e-02
4.791797227666842393e-03
1.555952697029143700e-04
3.467348881195700481e-03
3.837993151191714577e-03
8.614614918017570854e-04
8.111139314345254536e-03
2.268132469991271122e-03
1.264994119370919446e-06
1.011995295496748601e-05
2.070795174806146915e-02
2.287614471752057524e-02
9.471005510118070403e-03
9.109221164059527059e-03
1.693825636307028483e-03
1.800972227050441285e-02
1.315594877166114708e-03
2.212473721759385288e-03
6.954940647362540043e-03
4.036594745382028789e-03
3.219410530309157071e-03
5.398991922413956535e-03
6.216175640976671045e-03
0.000000000000000000e+00
1.945561452102657993e-03
0.000000000000000000e+00
5.059976477483741313e-06
2.688617408988563939e-02
3.162480333325427655e-04
0.000000000000000000e+00
5.059976477483741313e-06
4.933477065546644307e-05
3.225739969497572754e-04
5.582417559253327784e-03
1.770996732220571823e-04
2.068263399130671094e-03
6.527364690851426973e-04
0.000000000000000000e+00
