1.897392000000000053e+03
3.255238152373365210e+02
8.740416203671516726e+00
1.362767873407393040e+02
1.722294017745684247e+00
1.776601182033918376e-73
9.793454661665953874e-103
8.735625510892472079e+00
8.725817460832388406e+00
8.725212964451511510e+00
8.624032515791254738e+00
8.619910821325767358e+00
8.610103792783823096e+00
8.608751116794387315e+00
8.580781596901555730e+00
8.543407871474025583e+00
8.491162689083793680e+00
8.727344931585017562e+00
8.700096218588207364e+00
8.651504037001227942e+00
8.618705021333763483e+00
8.568772661677108715e+00
8.453638168815432508e+00
8.409852766437058591e+00
8.382059435200520880e+00
8.334875130787864350e+00
8.316737587061865611e+00
6.920016985389731978e-01
6.657127929952987699e+01
1.848194969559987300e+01
3.209392698625426971e-04
1.151519809773296775e-05
0.000000000000000000e+00
0.000000000000000000e+00
5.887524016719299880e+01
1.524862341011747446e+02
0.000000000000000000e+00
7.055835390205978719e+00
1.717566048303314385e+00
7.967834017656286960e+03
3.975407879538464417e+00
3.905574638407677268e-02
1.128989466441588775e+03
8.443261245853228569e-01
1.586514716483517606e+00
2.160373597498111664e+01
4.400957203216959712e+00
2.541854144692377582e-01
8.880749940641154971e-01
2.740899084166165789e+00
1.140860615034358538e+01
1.122765999570010109e+00
1.412734926264126329e+02
4.927455567937793290e+01
1.603036310129920849e+01
5.529830368477333025e+01
4.021994932165473102e+00
1.404422895757782186e+01
5.200229880810910643e+00
1.278248869177352587e+00
2.049296738054353995e+01
5.929257400570195902e-01
1.088139860744143590e+02
1.156470793483643256e+01
4.204088426836914749e+00
4.145668380474946701e+01
3.443623174928646336e+00
3.900529577065545261e+00
6.841803681004652304e-01
7.116751611400376021e+01
7.300416120634957151e-01
9.402880683185845356e+00
2.651895667377140953e+01
1.674039330428256633e+01
8.416329703040925647e-02
1.497720318032879916e-01
8.991342361484104913e+03
2.237877646112753194e+00
2.893238057773479976e+00
3.697291181371195612e-01
3.174259005744086565e-02
3.620058109061242979e-02
2.368308168490017903e-03
0.000000000000000000e+00
5.198890323884347353e+00
0.000000000000000000e+00
0.000000000000000000e+00
7.098037315479303055e-01
0.000000000000000000e+00
1.742833530721416224e+01
0.000000000000000000e+00
6.421788834487725554e-04
2.861454003034365548e-03
5.797172933271367460e-06
8.793410600927552423e+01
8.913004589573364500e-03
1.531705740054363886e-04
4.998852487329361161e+00
2.417098291999110139e-09
3.788512328149890843e-05
6.259669756724341532e-09
9.270373136743335962e+00
8.888452174882422374e-05
3.289240319563824073e+02
1.576274865022456363e-06
4.010104289906742947e-01
6.116506283921798115e+01
1.126155943527005381e-04
2.309860835044037690e-06
4.724606452169724946e+01
3.344852924627574422e-04
1.173510369892301384e+02
8.562661486144280981e-08
1.004012432610852017e-04
1.347649786645747699e-03
6.747556418001860123e+00
2.796159797439978084e-02
5.742486721665074936e-05
1.190917114052348399e-03
1.042662283739225046e-07
2.160345970026263088e-06
2.259988119080988781e+03
7.443649787768403145e-07
9.831414129489508976e-05
1.727142312433435291e+04
9.762526713403423678e-03
9.803832358025275917e-02
1.803358596249599032e+03
1.019333807463893796e-03
9.094941767145849065e-03
6.877219078959948342e-03
1.368561221681997009e-01
1.486561302267640497e-06
3.449802859458036552e-01
1.774997108698512495e-10
2.785386079343291000e-12
3.402524764071331606e-12
5.586747954647620917e-04
1.566050552445240349e-10
1.138506814822989599e-01
6.110621108266793833e+00
1.693156949968055766e-11
1.078540420638358833e-12
2.200097286358222906e-12
2.446391814726979305e-09
1.542773579608509594e-10
3.183910352024280352e-10
4.488109827742160930e-12
1.662647524603699608e-18
6.483713086394827445e-10
8.861340472696010941e-13
1.770955708663664875e-10
1.347089356784647601e-14
3.338476685663365198e-09
3.342972624070646974e-12
4.560885931419122299e-16
4.892896914235406289e-18
6.113423183755464002e-19
3.807870017021637492e-16
5.632373080691333628e-17
1.421621473831876498e-17
0.000000000000000000e+00
3.042233184256958722e+01
6.005619337073032682e+01
2.068240098479283645e-04
4.083586404214218355e-04
4.929253237617839444e-05
2.219633348659501230e-13
4.381937068432592897e-13
0.000000000000000000e+00
1.407919219765296504e+01
2.160542760275809481e-04
2.059473862355194473e+00
5.377317325709443305e-03
4.151120894095445581e-03
9.255017922755706117e-01
6.291963274153636146e-06
1.499569792802810959e-06
6.752449463562543575e-15
4.277614791796792280e-11
1.019488138694885847e-11
4.590678051050331610e-20
1.094100813038660463e-20
4.926653286252693714e-29
1.982229662058467567e-01
4.241406646027736163e-03
1.151313094506985824e+00
2.301818578311715796e-02
2.512170408094504295e-16
5.106762492708725896e-24
2.285000642805496782e-32
1.952367883273812099e-17
8.225117912843561494e-20
1.414446438167837084e-17
2.087953177606169278e-19
0.000000000000000000e+00
6.280752535763060111e-15
4.930040465987568810e-20
4.771514243159039820e-29
9.441731521100935309e-28
1.317574338570459314e-22
2.514740469409536658e-28
0.000000000000000000e+00
1.089932166083642805e-36
4.214443644797345493e-36
0.000000000000000000e+00
5.888839688572907977e-31
1.001830858566905583e-36
4.501672048994348606e-45
2.350031907289396127e-16
4.284247653961663660e-38
1.759310918350703821e-16
4.561820652624261854e-18
0.000000000000000000e+00
1.109686813053355338e-31
1.018320747132529998e-38
1.805232132595984620e-47
4.967195694784232877e-47
3.734060867196153937e-55
8.958516460914681858e-64
8.163521766543222712e-34
3.381546049095652516e-41
2.099643484750894154e-33
4.838903720507253103e-36
0.000000000000000000e+00
6.006553352055475692e+00
4.083559601411775719e-05
4.382425358965667735e-14
2.074058427406615115e-19
0.000000000000000000e+00
6.167440815013608382e-15
1.089700345195814800e-31
4.897142772890353777e-20
1.011374667685091432e-38
4.739390262681056074e-29
1.792966899356459818e-47
9.432184472127955329e-28
0.000000000000000000e+00
1.308487132709113086e-22
1.088682396644834312e-36
3.729365784062843978e-55
4.210174765156135961e-36
0.000000000000000000e+00
5.849161125391684576e-31
1.000732105667031208e-36
4.496741508531644844e-45
8.948540963689599977e-64
2.347890184793947207e-16
8.155316979834732003e-34
3.377202488342661848e-41
4.278603689516964947e-38
2.096730919252949917e-33
1.756890283383564580e-16
4.556392706299366078e-18
0.000000000000000000e+00
4.831693967077482175e-36
0.000000000000000000e+00
5.330456534799323789e-18
0.000000000000000000e+00
5.524629417166825992e-36
0.000000000000000000e+00
1.470492927360838919e-23
0.000000000000000000e+00
4.419291956540026195e-19
7.759652518320322595e-36
3.471355305665040335e-24
7.085341727613269223e-43
3.320957622267779527e-33
1.240774647208277504e-51
6.711278669835195472e-32
0.000000000000000000e+00
9.216606546409077504e-27
7.655596625302427546e-41
2.593249350782055647e-59
2.958807468191623794e-40
0.000000000000000000e+00
4.069904335183036429e-35
7.037659909694362966e-41
3.123648779692398104e-49
6.147090044427777595e-68
1.657692961891444125e-20
5.686327877558848651e-38
2.372218053789051741e-45
2.997276826958857424e-42
1.447743495194386222e-37
1.226194078483060090e-20
3.209995406394245427e-22
0.000000000000000000e+00
3.319048260979587804e-40
0.000000000000000000e+00
1.512643737770402406e-18
0.000000000000000000e+00
1.257457197893708642e-13
2.192178697596700536e-30
3.568685790662745797e-19
7.176167910948381201e-38
3.367891434583260103e-28
1.239214573816972195e-46
5.278475708563834452e-28
0.000000000000000000e+00
9.397173217932785550e-22
5.991957379321759270e-37
2.020605604733819260e-55
2.315878072044011208e-36
0.000000000000000000e+00
4.089257561846933586e-30
5.509175565689341046e-37
2.433568106998896546e-45
4.768689325529101412e-64
1.311139771833507626e-16
4.474477108408968356e-34
1.855320456210893015e-41
2.341498177130782395e-38
1.133981785062389990e-33
9.646046855012818151e-17
1.077286949767004477e-17
0.000000000000000000e+00
9.134113601285950440e-36
0.000000000000000000e+00
1.513975039463365236e-18
0.000000000000000000e+00
1.258546088471322728e-13
2.194090224758400819e-30
3.571827968705668084e-19
7.182574520242183771e-38
3.370895758055207779e-28
1.240336265296432319e-46
5.286014380757073858e-28
0.000000000000000000e+00
9.405510025058205600e-22
6.000587900031257849e-37
2.023539564803679891e-55
2.319214739463260437e-36
0.000000000000000000e+00
4.092936705199076188e-30
5.517109778782213769e-37
2.437103776478944213e-45
4.775673183559855394e-64
1.313014153555152542e-16
4.480931672464261074e-34
1.857995346673958876e-41
2.344880674015977854e-38
1.135629675069454490e-33
9.659956224902064820e-17
1.077371472226190495e-17
0.000000000000000000e+00
9.134972909056718863e-36
0.000000000000000000e+00
1.330159029786081118e-17
0.000000000000000000e+00
1.126099284324142997e-35
0.000000000000000000e+00
7.808594126908252786e-23
0.000000000000000000e+00
2.580310211894656045e-18
4.557202050988532958e-35
1.638993810109187553e-23
3.382866654847473575e-42
2.179710149125353837e-32
8.242791167623039854e-51
2.761731542030735566e-31
0.000000000000000000e+00
4.378270780850822445e-26
4.096707900459968075e-40
1.402840367263304547e-58
1.760284128395466381e-39
0.000000000000000000e+00
2.689209746647586305e-34
3.765536702134784825e-40
2.255148528022415356e-48
4.486127586405679197e-67
1.963836095896443015e-20
6.818925585103220796e-38
1.411810698358736324e-45
1.788590006520144229e-42
7.010042184445638319e-37
5.875976686606196125e-20
1.114526598968592955e-21
0.000000000000000000e+00
1.154310698082505172e-39
0.000000000000000000e+00
5.702953089933029395e-22
0.000000000000000000e+00
5.267534203222556882e-17
9.183116706739085495e-34
1.195972635205732638e-22
2.404947043273658275e-41
1.551927395021471041e-31
5.710342149955136928e-50
1.548693535717513308e-31
0.000000000000000000e+00
3.149271916967387343e-25
2.260309065970957777e-40
7.622246070459360604e-59
9.706766898436969475e-40
0.000000000000000000e+00
1.884343553898223050e-33
2.078203310545159912e-40
1.224006299418143016e-48
2.398496945433860622e-67
1.099101762440817973e-20
3.750862938446457320e-38
7.776010701694161798e-46
9.813676525332605600e-43
3.802191398827164450e-37
3.234277433326860006e-20
2.783619289738825833e-21
0.000000000000000000e+00
2.356556969450769544e-39
0.000000000000000000e+00
3.988414461952953211e-20
0.000000000000000000e+00
1.185172369579216323e-15
2.095000497408046503e-32
7.062539695528773820e-21
1.457611021995315958e-39
6.832786805012850313e-30
2.584356672238365926e-48
1.360131976055707612e-28
0.000000000000000000e+00
1.886925654614862667e-23
1.046281268771309877e-37
3.583323600135992450e-56
6.069976131097521170e-37
0.000000000000000000e+00
8.432778308409438921e-32
9.618695278730562391e-38
4.321067448491667269e-46
8.596939791670662609e-65
4.514450986259999791e-17
1.567684554332360615e-34
8.114539315872626324e-42
1.027881069035986646e-38
2.014514043646153421e-34
5.065227597254783065e-17
3.842941448835875909e-19
0.000000000000000000e+00
3.980567091252785105e-37
0.000000000000000000e+00
5.189334051537872202e-20
0.000000000000000000e+00
7.715849758377275826e-16
1.362281730037858726e-32
3.064856654013664950e-20
6.317727320745156820e-39
1.183033774253362476e-29
4.467192362961094383e-48
7.071162831086694046e-28
0.000000000000000000e+00
8.149621328440933245e-23
8.145465978734476815e-37
2.785636693914359194e-55
1.575090574854598123e-36
0.000000000000000000e+00
1.460160582386039135e-31
7.492978094522085455e-37
1.677887475567815333e-45
3.340125397257043844e-64
8.811841996121456013e-17
3.054665463611155647e-34
1.252852278025458468e-41
1.586584874425159002e-38
1.826533863039347464e-33
1.752120287813512758e-16
3.469961342315134788e-18
0.000000000000000000e+00
3.582093377229605389e-36
0.000000000000000000e+00
4.269421625724463317e-20
0.000000000000000000e+00
6.347717590780308835e-16
1.121449991090226829e-32
2.520541467918156052e-20
5.204607583937760942e-39
9.754284137322673443e-30
3.690025588285045075e-48
5.825183605327252023e-28
0.000000000000000000e+00
6.734096432500938878e-23
6.721404523865550062e-37
2.302427614002133614e-55
1.299840672996908921e-36
0.000000000000000000e+00
1.203860302328329005e-31
6.179176997105224152e-37
1.388078080511250268e-45
2.761827167551912442e-64
7.249872585949775647e-17
2.517757639285197068e-34
1.041871459695680390e-41
1.319904472957954724e-38
1.509066584738755899e-33
1.445342201936414973e-16
2.879869931306936456e-18
0.000000000000000000e+00
2.983610882756428451e-36
0.000000000000000000e+00
9.127394159606998757e-22
0.000000000000000000e+00
8.430513715799587116e-17
1.469718585966092271e-33
1.914126944538580271e-22
3.849016149152918245e-41
2.483780853460815048e-31
9.139049177213719460e-50
2.478639571871540923e-31
0.000000000000000000e+00
5.040304615601560769e-25
3.617494213584194715e-40
1.219889835104659732e-58
1.553520832687887379e-39
0.000000000000000000e+00
3.015791512636256998e-33
3.326065289797932869e-40
1.958939091824433597e-48
3.838587467289906950e-67
1.759078414377044046e-20
6.003063299287844696e-38
1.244450919149490908e-45
1.570548810590756338e-42
6.084851386815780344e-37
5.176045582685529026e-20
4.455076997050502499e-21
0.000000000000000000e+00
3.771546049415383158e-39
0.000000000000000000e+00
6.311406839948849099e-21
0.000000000000000000e+00
2.085572734221659281e-16
3.683421530552815978e-33
1.324740133769929132e-21
2.734247611799982682e-40
1.761780150437813701e-30
6.662342930627694667e-49
2.232208326344584115e-29
0.000000000000000000e+00
3.538798517029940162e-24
3.311219565394709776e-38
1.133864025146002343e-56
1.422773399020277453e-37
0.000000000000000000e+00
2.173588905290388729e-32
3.043545669886011750e-38
1.822752979157029858e-46
3.625968574545651562e-65
1.587297689022165755e-18
5.511487856957919546e-36
1.141114817270578553e-43
1.445651661210503887e-40
5.665957320846930311e-35
4.749336946335233474e-18
9.008314091446794785e-20
0.000000000000000000e+00
9.329864083026524071e-38
0.000000000000000000e+00
3.624474269341863970e-19
0.000000000000000000e+00
1.076987936700804534e-14
1.903811593685833900e-31
6.418068258626981709e-20
1.324557659837190182e-38
6.209186510053219431e-29
2.348468895671675251e-47
1.236010630649198638e-27
0.000000000000000000e+00
1.714734293484607882e-22
9.507879081279002689e-37
3.256241814221351440e-55
5.516003073953903696e-36
0.000000000000000000e+00
7.663157282063347626e-31
8.740852610204795240e-37
3.926664970862574187e-45
7.812175816848583193e-64
4.102486198995983322e-16
1.424609521075896716e-33
7.373980236992608260e-41
9.340663280479292315e-38
1.830635044033387916e-33
4.602940308380582109e-16
3.492233807754386464e-18
0.000000000000000000e+00
3.617200036924346540e-36
0.000000000000000000e+00
5.136028750584227464e-19
0.000000000000000000e+00
7.636594765652362368e-15
1.348282683607192132e-31
3.033383107354648463e-19
6.252774366936281421e-38
1.170863734577681291e-28
4.421181267332786039e-47
6.998464710495431789e-27
0.000000000000000000e+00
8.065662803571192081e-22
8.061627187913428842e-36
2.756933300803064948e-54
1.558877858246939032e-35
0.000000000000000000e+00
1.445140229492775894e-30
7.415887381384243719e-36
1.660587909720784406e-44
3.305699269299045345e-63
8.721325133524969092e-16
3.023248930207975269e-33
1.239889014939170625e-40
1.570164249273901228e-37
1.807718138263997027e-32
1.734090086617251163e-15
3.434301945556473041e-17
0.000000000000000000e+00
3.545263491454783110e-35
0.000000000000000000e+00
0.000000000000000000e+00
0.000000000000000000e+00
0.000000000000000000e+00
0.000000000000000000e+00
0.000000000000000000e+00
0.000000000000000000e+00
0.000000000000000000e+00
0.000000000000000000e+00
0.000000000000000000e+00
0.000000000000000000e+00
0.000000000000000000e+00
0.000000000000000000e+00
0.000000000000000000e+00
0.000000000000000000e+00
0.000000000000000000e+00
0.000000000000000000e+00
0.000000000000000000e+00
0.000000000000000000e+00
0.000000000000000000e+00
0.000000000000000000e+00
0.000000000000000000e+00
0.000000000000000000e+00
0.000000000000000000e+00
0.000000000000000000e+00
0.000000000000000000e+00
0.000000000000000000e+00
0.000000000000000000e+00
0.000000000000000000e+00
0.000000000000000000e+00
1.548824045334625366e+00
7.183297415149358792e-05
7.747181726913098032e+00
9.685282736452400343e+01
1.088246747774227613e-01
2.144823944011235550e+00
2.452371023242379167e+01
2.989335730154051712e-02
1.512579642626671550e+01
4.385757491674939779e+00
6.272044787088163431e-11
3.603318844023823964e+00
3.406907610199119515e-10
1.551217171083304155e-11
0.000000000000000000e+00
0.000000000000000000e+00
1.077033570458671556e-12
4.200440105286968977e-03
4.524013289227804298e-17
1.542128425729933561e+01
1.616529774821069850e+03
1.914560907396363199e+00
0.000000000000000000e+00
2.511235574283743688e+01
1.272940963505087009e+00
1.941446132199746488e+00
2.681907082764840508e-02
7.830247439708948320e-02
4.663230522691346209e+02
1.183567400393429239e+02
3.004170930076999184e+02
1.919805017172340700e-11
7.963063127861812696e+00
1.433355347244335007e+02
1.155637729220020162e+02
2.281692303954885759e+01
5.790670008822596060e+01
6.327787007883968152e-14
1.157057925590980656e-11
1.298173327261643007e-09
2.375900079475754413e-09
1.176729316748546239e+01
2.838865578903878049e-09
6.467211758014003165e-01
1.705206129479644450e-01
8.522165722308551461e-02
2.578142193509755202e+02
1.437420801290763552e-13
9.996348856990192871e+03
3.495227370917702636e+00
4.674571967193452693e-01
8.218518334247297830e-01
2.602089445431629144e+01
8.751200249595984804e-02
8.751788494224141957e-01
9.913980360549000892e+00
3.464881163238358042e-01
7.328687903354069721e-02
1.313029036626237323e-01
3.065342077862764469e+00
3.589223048775401548e+00
9.064860376052918944e-03
2.030113218567155968e+02
1.613953601512345770e+01
4.528996969882934792e-02
4.811772325646084814e-01
7.327689740466998281e-01
2.176627165900144878e-01
2.073809353119224497e+01
2.233231417917641257e-13
6.892979712264429275e-11
3.422199231201569205e+02
0.000000000000000000e+00
3.709107773914848138e+01
3.181448769272770960e+01
2.171859191626494123e+02
1.323561151033372796e-01
5.000331381232056005e-01
6.244822253203065543e+01
0.000000000000000000e+00
1.511895747842680752e-11
2.668254287937607216e+01
1.254692668442240070e-10
5.227407906168305418e-01
7.357339757588493959e-11
5.290117006604967654e-04
2.148618826987096220e-02
2.513298125895502277e-01
6.648272235833251336e-17
4.920828298359906927e-02
0.000000000000000000e+00
6.085696063721156568e-01
1.544601953712712306e-01
5.571385483380861814e+00
4.778801962074135545e+00
2.281704754259273571e+01
3.330645072045003859e-15
8.244861269650567946e-15
6.831901064460018969e-11
1.691090626821209078e-10
6.947713288701910412e-14
1.485335409415276158e-03
9.492058140589293728e-04
8.768093558423308486e-04
1.615181471282808034e-01
2.105574431566452093e-03
5.225151384360846724e-02
0.000000000000000000e+00
7.371664129915845192e-14
3.762762387950724555e-13
5.265157588085370242e-04
6.184740883164624298e-14
5.551242067029950481e-13
0.000000000000000000e+00
1.507089621476367079e-12
4.038007312773631008e-02
1.630408717816091526e-04
6.911783190747774249e-04
1.754269576730413567e-04
1.127449359609033479e+02
5.872610130301867848e+00
3.768255843187398035e-01
8.786082960138934084e+00
2.229985522891231753e+00
3.964899848352419820e+00
0.000000000000000000e+00
0.000000000000000000e+00
0.000000000000000000e+00
0.000000000000000000e+00
5.929339081455906069e+01
6.684912415550357423e+01
0.000000000000000000e+00
0.000000000000000000e+00
0.000000000000000000e+00
0.000000000000000000e+00
0.000000000000000000e+00
4.856311431244585489e-03
3.090381130133357333e-03
3.162480333325427655e-04
1.182769998121957229e-03
2.289639852571557187e-03
5.376216566653199691e-03
5.376216566653199691e-03
5.376216566653199691e-03
5.376216566653199691e-03
2.872800602419989593e-02
3.794982358112791161e-06
1.263096528889838532e-02
5.376216566653199691e-03
5.376216566653199691e-03
5.376216566653199691e-03
5.376216566653199691e-03
5.376216566653199691e-03
5.376216566653199691e-03
5.376216566653199691e-03
5.376216566653199691e-03
5.376216566653199691e-03
5.376216566653199691e-03
5.376216566653199691e-03
5.376216566653199691e-03
5.376216566653199691e-03
5.717773419555999964e-04
9.420411206955300182e-03
4.703248135821100177e-03
1.498765032630679922e-02
2.770337121422000162e-04
2.087240296962000101e-04
1.044885639110557617e-03
1.190359962838157069e-03
4.947391504349443053e-03
2.449029608122511251e-03
1.846891414280999236e-04
2.865215155946401141e-03
5.261106570382143195e-03
4.029005773686142496e-03
2.346562105392270819e-03
9.474820849393705662e-04
2.828526255101181108e-02
3.134657910352087445e-03
7.589964716225611122e-06
4.540065383952769998e-03
1.818807998670315257e-02
6.946084695506529044e-03
3.916422091478533735e-02
3.431931528404284781e-03
6.906862926662428372e-04
8.209806869615427893e-04
9.319212670426011910e-03
6.324960666650855309e-04
9.487440999976282964e-04
2.101154735764842758e-03
1.204276387681829132e-03
2.023990590993499574e-05
4.662767330980886749e-03
4.301611981585162225e-01
1.367205594565084475e-02
1.264994119370919446e-06
0.000000000000000000e+00
2.876598116980072072e-03
2.529988238741870656e-06
1.264994119370919446e-06
3.288984710364429312e-05
1.604011550341885584e-03
0.000000000000000000e+00
2.992973107370456610e-03
8.279382042690984489e-03
4.975219388934914132e-03
3.162480333325427655e-04
1.495222552586243083e-03
8.108637130676864865e-04
2.656487650678969017e-05
1.897491179056000940e-04
3.162480333325427655e-04
2.732386304820785643e-03
4.312365945955815710e-03
3.192845157292200243e-03
1.891166704969657201e-03
3.213080098100265102e-04
0.000000000000000000e+00
1.061332548703086340e-03
2.350358080770785767e-03
1.317617974038801446e-02
2.560346608076128315e-03
5.984687675254058217e-03
2.013870141528242754e-03
2.155550972428413835e-03
9.271138425298197649e-03
0.000000000000000000e+00
4.111232377486072169e-03
3.753234076602199234e-03
1.668526746940042840e-03
4.187131528138114157e-03
0.000000000000000000e+00
1.404423392392851812e-18
0.000000000000000000e+00
1.217050842246769800e-02
1.143301337530309644e-02
1.712801541118042425e-03
2.675209563645659927e-02
7.649418446815583507e-03
4.791797227666842393e-03
1.736835436365627818e-03
4.732341014525871109e-03
5.735481351186970736e-03
3.075197725129557094e-03
6.213651114349999678e-03
6.868923033285572952e-04
1.264994119370919446e-06
1.011995295496748601e-05
1.817796748140112356e-02
1.560243995087208513e-02
5.992277143460099549e-03
7.211732964064266997e-03
9.487440999976282964e-04
1.421474587051388926e-02
1.948090943831200022e-03
1.263729621761756992e-03
1.043366901402051176e-02
5.301586878712199850e-03
6.065642830302041960e-03
4.450247822416328672e-03
3.686191374316328921e-03
2.909486474553155913e-05
1.945561452102657993e-03
1.657142296375000074e-04
5.059976477483741313e-06
2.530493392322292687e-02
6.324960666650855309e-04
6.324970596854693582e-06
5.059976477483741313e-06
3.655828039880092356e-04
6.325963617214519273e-06
5.266169525920785452e-03
8.095957398871426319e-04
1.752015365798128329e-03
2.024040242005716297e-05
0.000000000000000000e+00
