1.897392000000000053e+03
2.309759092007625156e+02
5.416465889254924448e+00
2.069699285005357865e+02
2.228578188738580934e+00
1.555778714449574527e-78
1.773980146435232397e-101
5.408237953893013206e+00
5.392429097019246775e+00
5.391458113716134370e+00
5.279796976782140661e+00
5.275295784636162999e+00
5.264847792330209053e+00
5.263411507344811113e+00
5.235560876264123920e+00
5.200844643969717573e+00
5.155888577944466533e+00
5.395299720912894337e+00
5.357622869552978173e+00
5.301675731351266130e+00
5.267103625835112268e+00
5.219307073869997815e+00
5.124959592097318328e+00
5.090995790494281970e+00
5.070163516745362031e+00
5.036773929824119200e+00
5.024222675524698367e+00
1.310425325046411960e+00
5.880681752700082399e+01
1.394469501325275118e+01
1.786248143189284260e-04
1.333602187403716042e-05
0.000000000000000000e+00
0.000000000000000000e+00
6.111566477161583322e+01
1.522067901506940188e+02
0.000000000000000000e+00
7.942493073498823719e+00
1.383824355395641303e+00
7.965840369502733665e+03
4.006839459649905066e+00
3.929125542792350628e-02
1.129607533706749564e+03
8.010789567281174639e-01
1.588361012520491666e+00
2.171984214468207952e+01
4.430485520160730495e+00
2.543337120657565009e-01
8.883222364610948718e-01
2.741836650502352590e+00
1.140851948213192024e+01
1.122686809733588253e+00
1.412754431819553531e+02
4.929528278277982878e+01
1.602909690692033706e+01
5.529830668870352639e+01
4.022694850328257132e+00
1.404691528320998373e+01
5.192639557644053383e+00
1.275868650099989177e+00
2.048384273841604397e+01
5.917096160976539343e-01
1.088164886638350168e+02
1.154964599765870048e+01
4.204264031525175582e+00
4.141359398066754238e+01
3.443585045075597595e+00
3.900503004641211025e+00
6.841763766583282003e-01
7.116751776299128096e+01
7.300370482811460171e-01
9.402874713332471046e+00
2.651895901690146218e+01
1.674039212830344781e+01
8.413066415448050561e-02
1.497720318032879916e-01
8.993983274101148709e+03
2.258974467553556131e+00
2.894340327990101880e+00
3.733217514081164645e-01
3.176546721039200105e-02
3.616191561765193241e-02
2.369283878111999152e-03
0.000000000000000000e+00
5.067412597647852124e+00
0.000000000000000000e+00
0.000000000000000000e+00
1.056046791734383650e+00
0.000000000000000000e+00
1.525576186779844434e+01
0.000000000000000000e+00
5.998098832575394579e-04
2.861862228402491104e-03
5.417616818843667090e-06
8.455343243660846042e+01
8.010745773405178113e-03
1.005069828401757302e-04
4.815885061459883154e+00
1.527977967949360516e-09
2.313838355600018412e-05
3.346507560876615970e-09
1.270455732133864757e+01
7.993108927700468436e-05
3.232611347787142222e+02
1.016498204602889226e-06
3.747453325876095587e-01
6.346635898748928639e+01
1.089229571665647155e-04
2.562814798079924280e-06
4.105207621808620644e+01
3.224875203469619611e-04
1.263448498377952518e+02
1.022859336739059793e-07
1.228697094120385859e-04
1.651059618495079881e-03
5.862168378440045124e+00
2.963594414329724300e-02
8.619395608269667510e-05
1.555127052346969756e-03
2.349222343002180624e-07
4.282353028319336649e-06
2.259979033022449585e+03
1.677185536951142248e-06
1.814154839930403988e-04
1.717731208840035470e+04
1.791602890905172329e-02
1.793401282612561431e-01
1.790840657372063333e+03
1.867855997669680239e-03
1.347128427362906909e-02
1.255996730597819591e-02
6.721709618873872305e-02
1.333475104969959372e-06
3.425449732511592349e-01
4.612126059552238941e-11
1.156609596987291309e-12
1.391474334111144637e-12
5.786122048935099776e-04
9.161475316967730176e-11
1.590758079580369133e-01
6.084940357765353802e+00
2.128928254882498933e-11
1.237394386443084260e-12
2.137288081950035093e-12
2.655578582189443609e-09
1.567019790094203700e-10
2.561237990498230713e-10
6.103038727463010937e-12
2.434190774216954358e-18
7.599275292672190376e-10
1.083399316875993866e-12
2.165840469444710102e-10
1.802504637085128856e-14
3.784653350159567264e-09
3.779231520343332937e-12
5.877497632360573949e-16
4.902829104797155559e-18
5.555257317454624896e-20
2.041267198785673125e-16
4.136724197016196567e-17
3.633772261610658741e-17
0.000000000000000000e+00
2.980963653460455376e+01
5.290962152691415099e+01
2.221204075009629265e-04
3.943046401197867101e-04
4.938232986376866064e-05
2.388175169329467450e-13
4.238911673781992519e-13
0.000000000000000000e+00
1.520670797742214297e+01
2.160542643038258434e-04
2.045949173825398759e+00
3.575111042610448070e-02
1.210556917724844514e-02
8.886044106618801175e-01
6.621246939821044641e-06
1.472050415756127544e-06
7.118892569431958151e-15
4.933756196706685969e-11
1.096883702807036220e-11
5.304571879221320593e-20
1.179324273989037417e-20
5.703257660853368471e-29
2.312420094920182023e-01
4.185889334588792365e-03
1.586759336529067088e+00
4.926267194489161727e-02
3.378222585048665248e-16
5.577868222445392924e-24
2.724904260255298249e-32
1.889236802377159453e-18
4.409076472238700549e-20
1.159446549517271678e-17
3.021569244982496971e-19
0.000000000000000000e+00
8.353117575895828847e-15
6.573888222540829339e-20
6.928990023852162465e-29
1.106836170167001749e-27
1.426284637870284519e-22
2.750807316220831608e-28
0.000000000000000000e+00
1.281540007019848853e-36
5.399254709338983488e-36
0.000000000000000000e+00
6.979920492945399458e-31
1.194693374598860563e-36
5.777285573989990878e-45
2.480857439325385062e-17
1.250627335655046229e-38
1.530889429253081515e-16
1.395249500590515200e-17
0.000000000000000000e+00
1.916209202066130661e-31
1.378392569649365003e-38
2.723716965817712077e-47
5.527996844052395300e-47
4.474229042456211494e-55
1.175893209806216476e-63
7.907539423808407594e-36
9.716882652105329370e-42
1.366993195648014154e-33
3.602919902489684576e-35
0.000000000000000000e+00
5.291705669918141730e+00
3.943044963426742071e-05
4.239404374033508663e-14
3.005544996786046915e-19
0.000000000000000000e+00
8.234037678636085139e-15
1.888880041880078388e-31
6.538682642404821910e-20
1.370816135108590255e-38
6.891738788797769031e-29
2.708903351609091579e-47
1.105862025261552249e-27
0.000000000000000000e+00
1.418423430399965732e-22
1.280245941877628114e-36
4.469200224201198446e-55
5.394545340345077717e-36
0.000000000000000000e+00
6.942600870040092218e-31
1.193530185932620989e-36
5.771780538158598085e-45
1.174749742923927626e-63
2.479156386681127520e-17
7.902144091824799972e-36
9.705744311433048229e-42
1.249173931919705691e-38
1.365342774509357147e-33
1.529132258416824052e-16
1.393353580721380705e-17
0.000000000000000000e+00
3.596775117935491230e-35
0.000000000000000000e+00
1.587119415687010838e-17
0.000000000000000000e+00
3.983827991086327405e-35
0.000000000000000000e+00
2.113023212303967434e-23
0.000000000000000000e+00
5.838014445137206094e-19
1.321304389235793929e-35
4.596282632140810186e-24
9.523393427754807124e-43
4.789637823913429436e-33
1.858176591111502167e-51
7.861254309263537834e-32
0.000000000000000000e+00
9.972711680409425949e-27
8.995648909130759215e-41
3.103357364301468523e-59
3.787515976401745101e-40
0.000000000000000000e+00
4.821091446775716917e-35
8.378396436983373007e-41
4.006257697153744996e-49
8.060210244243491098e-68
1.770674835079106738e-21
5.645239619995381788e-40
6.797415843762563193e-46
8.744661692926459720e-43
9.446296299046408241e-38
1.071644159131380083e-20
9.580467553292598572e-22
0.000000000000000000e+00
2.395763843148394599e-39
0.000000000000000000e+00
1.714262553731662625e-18
0.000000000000000000e+00
1.307373179723508388e-13
2.913223729480524830e-30
3.727942935371650051e-19
7.610683407929947537e-38
3.831435749451764196e-28
1.463197872216602657e-46
5.135808110067350466e-28
0.000000000000000000e+00
8.085524510929045676e-22
5.848357118471235963e-37
2.007872659663041909e-55
2.462062021524465962e-36
0.000000000000000000e+00
3.849061161552079245e-30
5.445480027339986070e-37
2.592208739937748430e-45
5.191862974729463468e-64
1.169785708530411742e-17
3.729667857917309257e-36
4.412509985961068905e-42
5.676398677926926058e-39
6.154264364370899923e-34
7.018902567349631184e-17
1.952534522191724384e-17
0.000000000000000000e+00
3.471364113327409938e-35
0.000000000000000000e+00
1.715777785647267712e-18
0.000000000000000000e+00
1.308510060069286231e-13
2.915795743459128105e-30
3.731238754074185954e-19
7.617505656672005403e-38
3.834867796528991596e-28
1.464528640179443704e-46
5.143132898649658598e-28
0.000000000000000000e+00
8.092673456763786524e-22
5.856768488115904429e-37
2.010785263511664267e-55
2.465604722890520400e-36
0.000000000000000000e+00
3.852514006941616879e-30
5.453316931112954670e-37
2.595969611734186197e-45
5.199458414273808746e-64
1.171440569180492187e-17
3.734943356522726836e-36
4.418871917055554180e-42
5.684584873651906546e-39
6.163175481922810188e-34
7.028971521585374776e-17
1.952743908585941217e-17
0.000000000000000000e+00
3.471878214274496455e-35
0.000000000000000000e+00
2.386682759001598849e-17
0.000000000000000000e+00
4.226179906100818516e-35
0.000000000000000000e+00
9.850400332859649427e-23
0.000000000000000000e+00
2.998942464108622565e-18
6.875242810852446827e-35
1.905024594774306280e-23
3.991524206245874773e-42
2.759260817282083512e-32
1.084135732683546781e-50
2.819214376185615600e-31
0.000000000000000000e+00
4.132471234732394324e-26
4.194647297545451023e-40
1.463764481329877628e-58
1.963823648512073962e-39
0.000000000000000000e+00
2.779315817622979618e-34
3.910184410038866172e-40
2.520360373602250388e-48
5.127904525239433749e-67
1.806152273694393874e-21
5.757360353098075455e-40
3.532577206627008798e-46
4.546751317508939295e-43
3.974970568682625773e-37
4.453647183177366072e-20
2.887440758636622317e-21
0.000000000000000000e+00
7.241382941613988118e-39
0.000000000000000000e+00
5.625858519406802818e-22
0.000000000000000000e+00
4.767185530934642233e-17
1.062273819183559692e-33
1.087502932199487530e-22
2.220163618730936983e-41
1.536821154086124883e-31
5.869042280111582651e-50
1.311637960220251995e-31
0.000000000000000000e+00
2.358681928566640451e-25
1.920354674695310636e-40
6.593045976516714566e-59
8.982687338036650088e-40
0.000000000000000000e+00
1.543898848195093993e-33
1.788076008595612230e-40
1.134902749443935529e-48
2.273065963560900491e-67
8.535782148315482630e-22
2.721492655916541334e-40
1.609802638055300327e-46
2.070903336726557613e-43
1.796193579514709082e-37
2.048547557404456040e-20
4.347482796399822098e-21
0.000000000000000000e+00
7.697957007855537899e-39
0.000000000000000000e+00
5.132128482028543864e-20
0.000000000000000000e+00
1.405052234875695850e-15
3.224156807995698676e-32
8.373410794263696618e-21
1.754293512566860582e-39
8.822634988666573827e-30
3.467072600789261948e-48
1.416170534302399599e-28
0.000000000000000000e+00
1.816539238138018134e-23
1.092667415788720207e-37
3.813496313994390987e-56
6.906954376079563429e-37
0.000000000000000000e+00
8.889000900644407326e-32
1.018754240550144592e-37
4.925488167523507187e-46
1.002255430270928679e-64
4.234317197122683885e-18
1.349675416003973936e-36
2.070926904104327441e-42
2.665076902158327067e-39
1.165040966193466523e-34
3.915523078520807270e-17
1.015704522301914225e-18
0.000000000000000000e+00
2.547667345248126307e-36
0.000000000000000000e+00
7.425890933373349194e-20
0.000000000000000000e+00
1.017375707864634940e-15
2.329285746851024395e-32
4.040957058131311373e-20
8.455728104526836825e-39
1.698787269647659687e-29
6.664229815948168849e-48
8.194551120180080968e-28
0.000000000000000000e+00
8.733052269106948263e-23
9.468150593434661149e-37
3.299423013938965998e-55
1.994812028091864225e-36
0.000000000000000000e+00
1.713249499018718609e-31
8.831874045723766730e-37
2.128768126150044187e-45
4.333849065869568549e-64
9.214499165101580420e-18
2.937258907173193161e-36
3.557781964684045407e-42
4.578546058738690998e-39
1.176165952409808183e-33
1.508524134217762126e-16
1.017643219009470643e-17
0.000000000000000000e+00
2.541054906758466898e-35
0.000000000000000000e+00
4.792708213499570816e-20
0.000000000000000000e+00
6.565094958880249461e-16
1.505717152935271738e-32
2.607055667167740494e-20
5.464666985866692795e-39
1.098780061621398200e-29
4.318730966942006785e-48
5.291083894270674696e-28
0.000000000000000000e+00
5.655457766036066103e-23
6.123499574802514247e-37
2.137591706874415811e-55
1.290299476581970949e-36
0.000000000000000000e+00
1.107023364110798501e-31
5.709350293395354085e-37
1.380296916539756166e-45
2.808877434136195974e-64
5.931708491011251502e-18
1.890705303529029864e-36
2.319638189629507181e-42
2.985450658363846552e-39
7.613294349617434731e-34
9.746522331040014233e-17
6.640936450435248921e-18
0.000000000000000000e+00
1.666131633629680309e-35
0.000000000000000000e+00
8.593710946156351357e-22
0.000000000000000000e+00
7.282051016561671236e-17
1.622640939751123849e-33
1.661211536169955749e-22
3.391362287609618524e-41
2.347524669586328022e-31
8.965010759784965914e-50
2.003591929973165253e-31
0.000000000000000000e+00
3.602996552282686693e-25
2.933384047996755792e-40
1.007096116118838096e-58
1.372132719352069250e-39
0.000000000000000000e+00
2.358347319651420951e-33
2.731339651397111686e-40
1.733577891330271659e-48
3.472094540375565249e-67
1.303897897620260092e-21
4.157263150440627649e-40
2.458895600961719437e-46
3.163203495753968381e-43
2.743581998108106283e-37
3.129079672915625959e-20
6.640765959026671260e-21
0.000000000000000000e+00
1.175820156545396293e-38
0.000000000000000000e+00
7.598889155036093929e-21
0.000000000000000000e+00
2.313473212874050640e-16
5.303760788570099342e-33
1.469592296720774700e-21
3.079176812874068449e-40
2.128573347277488968e-30
8.363329981541942869e-49
2.174825396722855392e-29
0.000000000000000000e+00
3.187910412271505448e-24
3.235872970348411486e-38
1.129189806504367120e-56
1.514950621355330650e-37
0.000000000000000000e+00
2.144043939185316153e-32
3.016429559952510956e-38
1.944277906564912144e-46
3.955809465632916136e-65
1.393319796915735028e-19
4.441400176977207954e-38
2.725131896598276404e-44
3.507495255396639809e-41
3.066406180031424096e-35
3.435673387592701263e-18
2.227453878693632490e-19
0.000000000000000000e+00
5.586200459285188798e-37
0.000000000000000000e+00
4.663764512758544185e-19
0.000000000000000000e+00
1.276781310599357556e-14
2.929864768983963798e-31
7.609219931530584484e-20
1.594137455031246968e-38
8.017324466881751155e-29
3.150571835764702832e-47
1.286925486410621943e-27
0.000000000000000000e+00
1.650759763363520988e-22
9.929330192784756669e-37
3.465376992796469029e-55
6.276546517629026014e-36
0.000000000000000000e+00
8.077687693824711090e-31
9.257705855339156606e-37
4.475883757296190215e-45
9.107580745719126485e-64
3.847929985726583264e-17
1.226516346507616131e-35
1.881909765844758177e-41
2.421816844937095332e-38
1.058694265940971353e-33
3.558155380083164243e-16
9.229857652523564769e-18
0.000000000000000000e+00
2.315025038119285352e-35
0.000000000000000000e+00
7.349481760154008725e-19
0.000000000000000000e+00
1.006908553353913818e-14
2.305292739951405409e-31
3.999388695463140626e-19
8.368644942667558553e-38
1.681281902921711859e-28
6.595469090561244722e-47
8.110209245037177403e-27
0.000000000000000000e+00
8.642988551071060685e-22
9.370590407409746846e-36
3.265386246610793639e-54
1.974255962737704992e-35
0.000000000000000000e+00
1.695607100349433189e-30
8.740898527328765969e-36
2.106795569955994915e-44
4.289129131982215492e-63
9.119851535290315450e-17
2.907089819567809242e-35
3.520921371039238356e-41
4.531106700644666667e-38
1.164039707322283255e-32
1.492990818906371439e-15
1.007170745072287510e-16
0.000000000000000000e+00
2.514888115795563634e-34
0.000000000000000000e+00
0.000000000000000000e+00
0.000000000000000000e+00
0.000000000000000000e+00
0.000000000000000000e+00
0.000000000000000000e+00
0.000000000000000000e+00
0.000000000000000000e+00
0.000000000000000000e+00
0.000000000000000000e+00
0.000000000000000000e+00
0.000000000000000000e+00
0.000000000000000000e+00
0.000000000000000000e+00
0.000000000000000000e+00
0.000000000000000000e+00
0.000000000000000000e+00
0.000000000000000000e+00
0.000000000000000000e+00
0.000000000000000000e+00
0.000000000000000000e+00
0.000000000000000000e+00
0.000000000000000000e+00
0.000000000000000000e+00
0.000000000000000000e+00
0.000000000000000000e+00
0.000000000000000000e+00
0.000000000000000000e+00
0.000000000000000000e+00
0.000000000000000000e+00
1.537384172972286356e+00
7.183298269004809492e-05
6.066872472978740660e+00
9.122288465397993207e+01
9.472651778430722647e-02
1.679757225370885010e+00
2.177779690725318673e+01
2.651340657673503798e-02
1.709365246088042767e+01
4.336435904414220666e+00
2.343457399659587974e-10
2.791627936777997032e+00
6.825137143629699698e-10
5.953201389840059734e-11
0.000000000000000000e+00
0.000000000000000000e+00
1.217970321897883573e-12
4.200440144641733216e-03
5.116009237490405621e-17
1.338427089330398445e+01
1.542860181918778608e+03
2.165367103228160950e+00
0.000000000000000000e+00
2.301385626871687151e+01
1.297611446659605594e+00
1.720453762689492239e+00
3.065841028275349822e-02
6.830318225076383032e-02
5.292780162217962925e+02
1.085091156407505935e+02
2.224245810206135445e+02
1.344001969468824127e-11
7.159281839522383173e+00
1.288676854333224071e+02
1.194797096053421654e+02
2.120963976952358365e+01
5.382126942130408764e+01
6.781754545812106442e-14
1.125691488791548210e-11
1.469072439736044275e-09
2.437322740384730203e-09
1.034642705629263659e+01
2.495038990822405658e-09
6.467211911090684495e-01
1.010294204054369011e-01
5.047349574686009477e-02
1.449359771920379103e+02
1.625942187226413231e-13
9.996253598767783842e+03
3.565221853349826109e+00
4.364511146814890608e-01
8.274044002911862261e-01
2.582402458907508702e+01
9.312789412606363448e-02
9.313462793547748753e-01
1.069399502544943559e+01
3.812312377355507320e-01
1.191534492780166182e-01
6.335174761901814222e-02
3.775026052202347771e+00
2.349327001722203434e+00
9.653330918348976622e-03
1.973388310456817294e+02
1.669749663917433580e+01
3.408792629532258339e-02
5.415246885378092179e-01
7.803970544942697707e-01
1.844634921601155109e-01
2.077653211908563335e+01
2.530063854151800568e-13
7.814249938493394190e-11
3.437424892735353410e+02
0.000000000000000000e+00
5.406736071680528255e+01
3.863759562278427495e+01
1.952707673705500326e+02
1.434715850780961532e-01
5.809528051236071411e-01
6.531235753341319139e+01
0.000000000000000000e+00
2.296495897637883065e-11
2.473448873653973479e+01
4.462359381989442489e-10
3.835908591354923458e-01
2.073369267134801404e-10
3.134970606403373532e-04
1.681558138094998642e-02
2.303486171315404230e-01
7.175597704430759898e-17
4.830307081818529386e-02
0.000000000000000000e+00
6.025213790748936704e-01
1.235249874736258358e-01
6.012941639594590271e+00
4.296966326824519733e+00
2.120981459589269846e+01
3.317738917393321892e-15
7.944433516609621526e-15
7.186725375702835908e-11
1.720763970949494740e-10
7.906177927361772513e-14
1.414586314753073226e-03
1.051440707729449538e-03
9.331008439184014904e-04
1.670815641809924035e-01
2.521726248580504447e-03
5.287040703939770159e-02
0.000000000000000000e+00
2.075991821370241571e-13
1.338628735346466376e-12
6.073660559793225486e-04
2.346840935222861298e-13
4.719664881091351662e-13
0.000000000000000000e+00
1.318216532086710788e-12
3.977003255766139306e-02
1.581407928524385966e-04
7.609115520540683320e-04
1.559971053216311406e-04
1.104212819605491234e+02
4.227270898922365738e+00
2.959279403466898994e-01
7.831380401511193412e+00
1.605538243197131232e+00
4.301236699065807301e+00
0.000000000000000000e+00
0.000000000000000000e+00
0.000000000000000000e+00
0.000000000000000000e+00
5.994814842574137970e+01
6.619436654431490297e+01
0.000000000000000000e+00
0.000000000000000000e+00
0.000000000000000000e+00
0.000000000000000000e+00
0.000000000000000000e+00
3.907567331246956759e-03
4.987869330128613492e-03
6.324960666650855309e-04
1.182769998121957229e-03
1.340895752573928890e-03
5.376216566653199691e-03
5.376216566653199691e-03
5.376216566653199691e-03
5.376216566653199691e-03
2.746301389086972661e-02
3.794982358112791161e-06
1.231471725556584386e-02
5.376216566653199691e-03
5.376216566653199691e-03
5.376216566653199691e-03
5.376216566653199691e-03
5.376216566653199691e-03
5.376216566653199691e-03
5.376216566653199691e-03
5.376216566653199691e-03
5.376216566653199691e-03
5.376216566653199691e-03
5.376216566653199691e-03
5.376216566653199691e-03
5.376216566653199691e-03
5.717773419555999964e-04
9.420411206955300182e-03
4.703248135821100177e-03
1.498765032630679922e-02
2.770337121422000162e-04
2.087240296962000101e-04
1.361133672443100382e-03
1.506607996170699834e-03
5.263639537681985385e-03
4.979013874782855543e-03
1.846891414280999236e-04
6.976439589269457960e-03
2.731122303721799770e-03
3.080261673688514199e-03
4.490739053970142802e-04
6.312340516068278007e-04
2.480653418435384283e-02
8.510874477005313590e-03
7.589964716225612816e-06
4.856313417285313197e-03
2.451304065335402349e-02
1.263854929549229969e-02
2.999302794814158457e-02
4.696923661734456711e-03
5.819022600115726564e-05
3.162480333325427655e-04
1.121670087042126937e-02
3.630538087695571394e-04
1.989833267219513757e-03
3.049898835762471054e-03
3.101764587677085724e-03
2.023990590993499574e-05
3.714023230983258452e-03
4.026476192585849989e-01
1.367205594565084475e-02
1.264994119370919446e-06
0.000000000000000000e+00
4.774086316975329099e-03
0.000000000000000000e+00
1.264994119370919446e-06
0.000000000000000000e+00
9.715154836768000526e-04
6.324960666650855309e-04
2.044229007372828314e-03
7.646885976025898958e-03
2.761483155607114773e-03
4.667823335376427673e-04
1.581240166662713827e-03
2.075855846397857765e-03
2.656487650678969017e-05
1.897491179056000397e-04
3.162480333325427655e-04
2.732386304820785209e-03
6.209854145951072303e-03
6.355325490617628331e-03
1.574918671637114435e-03
5.059976477483741313e-06
0.000000000000000000e+00
1.693828615368171871e-03
2.034110047438243002e-03
1.317617974038801446e-02
1.927850541411042784e-03
5.352191608588973554e-03
2.646366208193328285e-03
3.104295072426042565e-03
5.476162025307685331e-03
3.162480333325427655e-04
2.529992210823358342e-03
1.539497843274399876e-03
1.984774780272585606e-03
5.452123661468285219e-03
1.404423392392851812e-18
3.162480333325433076e-04
1.264992133330171062e-03
1.027302022247244227e-02
5.108052708652239399e-03
4.478094077878718511e-04
3.655578466976543150e-02
6.700674346817954777e-03
5.424293294331927924e-03
1.555952697029143700e-04
4.099844947860785578e-03
4.154241184524257342e-03
1.493957558466842616e-03
7.162395214347624939e-03
3.706442699960144755e-04
1.264994119370919446e-06
1.011995295496748601e-05
1.912671158139874622e-02
1.813242421753243072e-02
7.889765343455356142e-03
8.792973130726989064e-03
7.450815363094001869e-04
1.864221833716949578e-02
2.896835043828828102e-03
1.263729621761757209e-03
6.638692614029997711e-03
2.139106545386772196e-03
2.903162496976614305e-03
4.133999789083785473e-03
2.104951207653614660e-03
2.909486474553155913e-05
3.643212854399441119e-04
1.657142296375000074e-04
5.059976477483741313e-06
1.897997325657206982e-02
0.000000000000000000e+00
6.324970596854693582e-06
5.059976477483741313e-06
3.655828039880092356e-04
9.550700636148428064e-04
2.419937225927900129e-03
1.442091806552228163e-03
1.707751991354144474e-04
3.364884357525999318e-04
0.000000000000000000e+00
