1.897392000000000053e+03
3.343284687352435753e+02
7.556433115846886928e+00
1.679947042677067941e+02
5.985188003398614676e+00
3.148733104042071954e-75
1.013256280176540566e-102
7.555999640842183673e+00
7.555321547838396157e+00
7.555280364116486069e+00
7.546022788814863880e+00
7.545643082846407168e+00
7.544720757199716132e+00
7.544593184834822885e+00
7.541689848060130430e+00
7.537084427415449817e+00
7.528541982507367614e+00
7.555461002592097408e+00
7.553981031698413950e+00
7.551353824589454256e+00
7.549368239189816698e+00
7.545143518708655073e+00
7.522081479564025841e+00
7.511189339663602027e+00
7.503354124842616102e+00
7.487085163247266806e+00
7.480381169626569182e+00
8.008789643673259739e-01
7.008462456719632883e+01
1.489932471402384451e+01
2.624987860777037497e-04
1.154733861771473929e-05
0.000000000000000000e+00
0.000000000000000000e+00
4.864485201163309824e+01
1.524685560077044499e+02
0.000000000000000000e+00
7.933844468965259189e+00
1.796523133027668084e+00
7.968804837094011418e+03
3.572014342758374372e+00
3.617612214819024979e-02
1.128945909987591904e+03
7.520881869990988511e-01
1.539088884099837573e+00
1.998038219559587603e+01
4.075473391925117816e+00
2.546248511574207285e-01
8.890629810345703765e-01
2.744693188990372068e+00
1.140863779533858846e+01
1.122322667734668933e+00
1.412828224291931178e+02
4.926386352570428784e+01
1.602522527981274791e+01
5.529829854725409888e+01
4.022625496892142216e+00
1.404497466977644748e+01
5.203718092652716898e+00
1.276791851904966357e+00
2.045496918452320756e+01
5.934855732506350012e-01
1.088130350469922831e+02
1.157215539102770130e+01
4.204476869194885502e+00
4.147414738428645364e+01
3.443638305406707456e+00
3.900570804848839668e+00
6.841868621070363865e-01
7.116751303080577884e+01
7.300490251351348103e-01
9.402890349921044333e+00
2.651895299818739105e+01
1.674039526538221878e+01
8.401870601885312595e-02
1.497720318032879916e-01
8.992097379827400800e+03
2.013292998351483565e+00
2.897143953107724546e+00
3.463335388315552654e-01
3.182751704371832718e-02
3.627173810660506981e-02
2.371698065828652634e-03
0.000000000000000000e+00
4.893280443525773293e+00
0.000000000000000000e+00
0.000000000000000000e+00
1.168879133035593876e+00
0.000000000000000000e+00
1.645742857994117259e+01
0.000000000000000000e+00
6.243740945369826486e-04
2.861631479118497811e-03
5.634477476478836238e-06
8.608940676651052115e+01
8.486695222756097251e-03
1.333019051052037609e-04
4.887780384847281390e+00
2.056806012787779262e-09
3.661552782577922623e-05
5.712901737980749437e-09
1.014338873712522116e+01
8.464001752222188966e-05
3.296057150209705355e+02
1.374637865956446910e-06
4.163135179331802771e-01
6.346846031510906272e+01
1.134891053464243165e-04
3.195938507345749320e-06
3.350987480206474345e+01
3.281826164176712430e-04
1.171964434942438942e+02
1.183184323971091294e-07
1.541024872518854689e-04
2.086131578282169295e-03
4.785324302798323437e+00
3.053914617865937167e-02
1.376053456155279043e-04
2.017725737255528489e-03
5.987278640879687615e-07
8.808042396791780399e-06
2.259954143536562242e+03
4.274382552737350991e-06
4.033277973682460656e-04
1.730414639231483670e+04
4.012506030944074098e-02
4.006851733889966183e-01
1.864662613925240066e+03
4.323801074992193391e-03
2.989833697974069587e-02
2.802797260043110236e-02
7.028182330487818541e-02
3.111319025246177897e-06
3.865240287653400331e-01
1.149404724016931941e-10
2.226033148989268654e-12
2.684572265498753311e-12
1.161803410101399986e-03
1.381360350840878912e-10
2.515668269890484754e-01
6.097680136278407659e+00
2.035592614603224107e-11
1.177401033639740139e-12
1.262858816367483412e-12
2.067749844131091074e-09
1.174284455811088068e-10
1.259919931466880250e-10
5.848326046151394498e-12
2.163709841495801124e-18
6.038162831248684922e-10
1.025925640400286632e-12
2.051750610585258925e-10
1.881398255799427383e-14
3.564381495362854140e-09
3.570845898551713308e-12
3.752982651539299564e-16
4.880707216185567897e-18
6.098511677781476234e-19
2.288332896894451951e-16
2.179251084256849382e-17
1.023164382857286512e-17
0.000000000000000000e+00
1.966571722353127072e+01
3.449282791816669658e+01
2.249380887096552562e-04
3.945921983498852691e-04
5.007786889087797761e-05
2.406970339762458614e-13
4.221826825621466570e-13
0.000000000000000000e+00
1.287709745143213347e+01
2.160542978978603800e-04
2.051927029566713134e+00
3.412389580971090380e-02
1.213351692103670394e-02
3.867349940937005459e-01
4.423502898647176591e-06
9.848030991226133089e-07
4.733353478184633501e-15
5.059711330691712597e-11
1.126441988021810866e-11
5.414126037766985892e-20
1.205345225990876305e-20
5.793366230023105384e-29
1.658194950695471293e-01
4.210369191569143625e-03
1.227654991986812494e+00
3.166740191834557794e-02
2.256131831537662079e-16
8.439145413248523699e-24
4.081750517146982328e-32
1.966899576663682615e-17
4.942500961156991990e-20
7.410702516925124458e-18
2.035684779613314587e-19
0.000000000000000000e+00
3.722066759141789489e-15
4.426972463554860838e-20
4.668279482108913981e-29
1.691553143384166061e-27
1.423768417966881131e-22
4.220272419590128792e-28
0.000000000000000000e+00
1.951181894309277863e-36
8.170739738228747983e-36
0.000000000000000000e+00
6.894246396838055727e-31
1.808054802731355610e-36
8.689359195419650210e-45
2.171971048064254287e-16
1.549387489804556192e-38
1.075962505949140261e-16
4.122631158215330791e-18
0.000000000000000000e+00
6.053239502034627269e-32
9.353353032147273865e-39
1.872061129928732160e-47
9.231838292873048397e-47
7.133778464100525360e-55
1.942042364795438883e-63
7.815483279185695004e-34
1.221024819606299338e-41
5.411384134831360574e-34
3.521037163664815958e-36
0.000000000000000000e+00
3.449755386080001873e+00
3.945898103514798875e-05
4.222298694265213534e-14
2.024774733006094724e-19
0.000000000000000000e+00
3.668634191725654383e-15
5.966262476718662160e-32
4.402984836278401821e-20
9.301341035837537530e-39
4.642990213913601186e-29
1.861788415855982775e-47
1.690037359243425721e-27
0.000000000000000000e+00
1.415846013830471566e-22
1.949174192026090804e-36
7.125623420133394766e-55
8.163496869392802680e-36
0.000000000000000000e+00
6.857030333975803116e-31
1.806269077378668586e-36
8.680961115075983283e-45
1.940122143357035605e-63
2.170338109394992966e-16
7.808897101756330883e-34
1.219614387382690425e-41
1.547551053554163025e-38
5.406056811716988877e-34
1.074848949085999914e-16
4.118452296360665041e-18
0.000000000000000000e+00
3.517368028786748979e-36
0.000000000000000000e+00
4.843194463458509327e-18
0.000000000000000000e+00
4.127139210133665739e-36
0.000000000000000000e+00
1.418346103404479440e-23
0.000000000000000000e+00
2.600240018802031156e-19
4.167867887963610497e-36
3.084289334844551404e-24
6.438259055980599631e-43
3.223338590389383090e-33
1.273787090839008334e-51
1.198462096421871962e-31
0.000000000000000000e+00
9.930524419580171643e-27
1.366046855431464215e-40
4.933635836464478330e-59
5.717599810081767206e-40
0.000000000000000000e+00
4.747830333623851442e-35
1.265110384773485222e-40
6.010584750817469241e-49
1.327476411145289036e-67
1.535956004206448986e-20
5.454645909955066153e-38
8.562024320195162398e-46
1.079227187879308381e-42
3.812367992431790197e-38
7.593816392382606249e-21
2.919418271406871031e-22
0.000000000000000000e+00
2.487499817222106156e-40
0.000000000000000000e+00
1.168130110854955617e-18
0.000000000000000000e+00
5.952002923128177066e-14
9.348251294139100719e-31
2.540128775422498956e-19
5.220068438520862840e-38
2.623072625188494697e-28
1.017817185382893795e-46
7.913629282535148814e-28
0.000000000000000000e+00
8.194407749858846103e-22
8.975206867090921813e-37
3.224772817530746788e-55
3.756535364263191867e-36
0.000000000000000000e+00
3.855108766948271844e-30
8.309886152068870521e-37
3.930454485064349818e-45
8.638622579440774551e-64
1.023228691486846738e-16
3.613403394645472793e-34
5.631838274407420366e-42
7.075794688982096623e-39
2.534978304188883818e-34
5.053111693025843142e-17
9.434820109006592846e-18
0.000000000000000000e+00
7.222189015789694233e-36
0.000000000000000000e+00
1.169160050709961334e-18
0.000000000000000000e+00
5.957139229799548297e-14
9.356465546799390582e-31
2.542368433875948589e-19
5.224737486647780014e-38
2.625410663717310562e-28
1.018740212802005439e-46
7.924898247732585281e-28
0.000000000000000000e+00
8.201620898127334674e-22
8.988096871068139344e-37
3.229445439279102765e-55
3.761932214622534668e-36
0.000000000000000000e+00
3.858553713153528000e-30
8.321826008365713389e-37
3.936148244202587864e-45
8.651245210318891267e-64
1.024680582287702479e-16
3.618579385279570010e-34
5.639914981247847079e-42
7.085993657382674694e-39
2.538585033629283957e-34
5.060291837448531360e-17
9.435502343082190671e-18
0.000000000000000000e+00
7.222757375273527485e-36
0.000000000000000000e+00
1.162146866662312963e-17
0.000000000000000000e+00
8.890397543326311392e-36
0.000000000000000000e+00
9.020775730249309069e-23
0.000000000000000000e+00
1.816437731355076331e-18
2.952101976612290221e-35
1.743809880520713518e-23
3.681649547853381245e-42
2.527131900855089552e-32
1.012894542824367590e-50
5.857192454669937810e-31
0.000000000000000000e+00
5.607532442993279167e-26
8.681933879332516808e-40
3.172676086826584146e-58
4.040036693830085300e-39
0.000000000000000000e+00
3.731583732703777022e-34
8.044803193439696436e-40
5.153241518450034707e-48
1.151276097432872679e-66
2.149059348598771579e-20
7.729675312001252198e-38
6.034570506642179959e-46
7.657251629402756221e-43
2.141010656905828259e-37
4.257115273754683935e-20
1.199043954210416602e-21
0.000000000000000000e+00
1.021838509154424143e-39
0.000000000000000000e+00
5.212406045855790909e-22
0.000000000000000000e+00
2.950945030790888934e-17
4.634773862661582536e-34
1.007517191844034332e-22
2.070489722710311282e-41
1.430565101424151791e-31
5.550978017055215839e-50
2.747998189989797090e-31
0.000000000000000000e+00
3.250231420062903532e-25
4.007076065356940602e-40
1.439741837408588178e-58
1.863504001404003204e-39
0.000000000000000000e+00
2.102500976188744968e-33
3.710055728149985566e-40
2.339736794377250032e-48
5.142435813384427891e-67
1.015185361581501070e-20
3.585000683434371007e-38
2.793653935512517135e-46
3.509924206128598747e-43
1.005973480766092495e-37
2.005262174248522271e-20
2.878421914224685699e-21
0.000000000000000000e+00
2.201980835982186172e-39
0.000000000000000000e+00
3.236814796917746747e-20
0.000000000000000000e+00
5.860933893250547560e-16
9.534246756994736042e-33
5.278732068209873514e-21
1.114386858812753436e-39
5.564849251637517228e-30
2.230853619144753203e-48
2.026269903131980724e-28
0.000000000000000000e+00
1.697586597069560483e-23
1.557507249688729577e-37
5.692455583282449497e-56
9.785683215910110859e-37
0.000000000000000000e+00
8.219337490815278532e-32
1.443466811593968313e-37
6.935684553180275036e-46
1.549677760087609438e-64
3.470008342064359462e-17
1.248190540467119432e-34
2.436324136840046025e-42
3.091059590984039627e-39
4.320667292966906109e-35
2.577300064028724900e-17
2.903765776647760831e-19
0.000000000000000000e+00
2.474198800672165209e-37
0.000000000000000000e+00
4.899210532580510004e-20
0.000000000000000000e+00
4.440584276071093631e-16
7.206400519848130035e-33
2.664933219948861531e-20
5.618768661439178360e-39
1.121232135983994357e-29
4.485969759404174296e-48
1.226834313874777510e-27
0.000000000000000000e+00
8.538357831486925356e-23
1.412132849251589842e-36
5.153131424972315391e-55
2.957131057706932814e-36
0.000000000000000000e+00
1.657230738823376407e-31
1.309433060419135553e-36
3.136361944688328479e-45
7.011000617189233842e-64
7.893362990233509525e-17
2.834220423017548810e-34
4.381540723925160739e-42
5.555513175991169304e-39
4.577376704712466354e-34
1.040388556343685189e-16
3.057813943861704877e-18
0.000000000000000000e+00
2.604753613464532792e-36
0.000000000000000000e+00
4.785132986746564847e-20
0.000000000000000000e+00
4.335144330478594696e-16
7.048629416566934681e-33
2.601772306763221624e-20
5.495281873467347026e-39
1.097117425862855844e-29
4.399017221303909819e-48
1.198432799355647067e-27
0.000000000000000000e+00
8.366519310540486137e-23
1.381750116634350636e-36
5.051138077867617587e-55
2.893898037390003589e-36
0.000000000000000000e+00
1.620438212051336038e-31
1.280592092147726602e-36
3.076812391432255188e-45
6.875193921465656363e-64
7.695408921827384989e-17
2.768296637542728383e-34
4.319935748872711228e-42
5.481480450104565493e-39
4.469082266454435478e-34
1.015519356452127636e-16
3.004910526865087194e-18
0.000000000000000000e+00
2.560553545629798548e-36
0.000000000000000000e+00
7.958163519520469763e-22
0.000000000000000000e+00
4.505441705902343170e-17
7.076166392747455329e-34
1.538259926383868822e-22
3.161148264420761626e-41
2.184128076321820094e-31
8.474926695426794495e-50
4.195603444062298958e-31
0.000000000000000000e+00
4.962404615738964617e-25
6.117834039188557389e-40
2.198122409023657275e-58
2.845134987268925307e-39
0.000000000000000000e+00
3.210024538819504253e-33
5.664386863261601581e-40
3.572188801616115715e-48
7.851106693981140755e-67
1.549977933226332415e-20
5.473480831951423448e-38
4.265059592626977653e-46
5.358547759510986747e-43
1.535832659441040130e-37
3.061465175181574016e-20
4.394722399114316451e-21
0.000000000000000000e+00
3.361944273269938463e-39
0.000000000000000000e+00
6.955421857878779465e-21
0.000000000000000000e+00
1.400555290361470842e-16
2.276201049533901364e-33
1.344555656498982083e-21
2.838714193566402407e-40
1.948530405071208346e-30
7.809858732449635317e-49
4.516158749795802302e-29
0.000000000000000000e+00
4.323659165101603361e-24
6.694157029922062424e-38
2.446272777718672998e-56
3.115047724437921485e-37
0.000000000000000000e+00
2.877215180188408027e-32
6.202900119684196860e-38
3.973375373143383098e-46
8.876838447188956415e-65
1.657021360212412608e-18
5.959923712468207413e-36
4.652920505103800527e-44
5.904079451079398580e-41
1.650815242064965427e-35
3.282427185740162712e-18
9.245169425453350439e-20
0.000000000000000000e+00
7.878836487246914447e-38
0.000000000000000000e+00
2.941400271554577662e-19
0.000000000000000000e+00
5.325848224515999004e-15
8.663936078379879001e-32
4.796944571151427536e-20
1.012643773300731589e-38
5.056879704173711290e-29
2.027192138414352648e-47
1.841336760811804335e-27
0.000000000000000000e+00
1.542654538242275710e-22
1.415337613177912509e-36
5.172788779781365861e-55
8.892487264618354819e-36
0.000000000000000000e+00
7.469099570888914848e-31
1.311713302502297659e-36
6.302556296082304470e-45
1.408198140597952679e-63
3.153330495392074435e-16
1.134265481990850307e-33
2.213944490649715789e-41
2.808901510252356283e-38
3.926329559261814115e-34
2.342082354472590729e-16
2.638763156668193057e-18
0.000000000000000000e+00
2.248388057111426613e-36
0.000000000000000000e+00
4.848783233512250151e-19
0.000000000000000000e+00
4.394892058495893439e-15
7.132153707981237879e-32
2.637511497898018195e-19
5.560883508249597208e-38
1.109677133695181805e-28
4.439671828899017618e-47
1.214205575906064519e-26
0.000000000000000000e+00
8.450282287968877041e-22
1.397580052906529195e-35
5.099963108674900851e-54
2.926653816086787929e-35
0.000000000000000000e+00
1.640160182205137672e-30
1.295943398137201997e-35
3.103983947582437063e-44
6.938642109426608610e-63
7.812218008602596930e-16
2.805047527451825281e-33
4.336151850412742098e-41
5.497936427589844277e-38
4.530274255716507985e-33
1.029684493281975116e-15
3.026363118595912875e-17
0.000000000000000000e+00
2.577961460852376105e-35
0.000000000000000000e+00
0.000000000000000000e+00
0.000000000000000000e+00
0.000000000000000000e+00
0.000000000000000000e+00
0.000000000000000000e+00
0.000000000000000000e+00
0.000000000000000000e+00
0.000000000000000000e+00
0.000000000000000000e+00
0.000000000000000000e+00
0.000000000000000000e+00
0.000000000000000000e+00
0.000000000000000000e+00
0.000000000000000000e+00
0.000000000000000000e+00
0.000000000000000000e+00
0.000000000000000000e+00
0.000000000000000000e+00
0.000000000000000000e+00
0.000000000000000000e+00
0.000000000000000000e+00
0.000000000000000000e+00
0.000000000000000000e+00
0.000000000000000000e+00
0.000000000000000000e+00
0.000000000000000000e+00
0.000000000000000000e+00
0.000000000000000000e+00
0.000000000000000000e+00
1.543920953959215137e+00
7.183297903730364686e-05
6.108496904077015621e+00
7.576339168361796794e+01
1.287979762071808643e-01
2.256196364506910523e+00
2.039074196384588333e+01
2.869481402601612233e-02
1.528438673889399624e+01
4.248392211271987406e+00
6.605551073676861678e-11
4.137775384126423539e+00
2.702240545709874216e-10
1.732349939522254921e-11
0.000000000000000000e+00
0.000000000000000000e+00
5.433450076675156941e-13
4.200440881707679687e-03
2.282287450466132962e-17
1.404975819817836680e+01
1.542091348506748091e+03
2.033142654154747930e+00
0.000000000000000000e+00
2.177721974613514888e+01
1.242382285783745210e+00
1.729217489233039418e+00
2.607729987406480834e-02
6.074691153000884997e-02
5.609234294933257843e+02
1.122962807466599031e+02
2.247958726277879293e+02
1.407262548119324241e-11
7.074972528584710929e+00
1.273498649089964232e+02
1.186093328757033021e+02
2.080652542483430167e+01
5.280573905494561870e+01
1.138677418853970277e-13
1.863876068907962460e-11
8.103483432896537108e-10
1.323853271499048989e-09
1.875369831153803801e+01
2.479870216945227567e-09
6.467211947223328039e-01
2.447911908298311956e-01
1.228071223001575563e-01
2.377861539251115346e+02
7.255959830735053832e-14
9.996244065011624116e+03
3.568429577428916755e+00
4.351582820257849371e-01
8.197314842200934537e-01
2.582423818078362387e+01
1.016625978190636992e-01
1.016687588387463537e+00
1.169429373705956543e+01
4.172738450919545317e-01
1.227668060879070211e-01
6.493667579606797469e-02
4.264612887450146772e+00
2.488708138719967433e+00
1.053655028093337248e-02
1.677300306789434217e+02
1.549581056341475715e+01
4.033303807302254795e-02
4.944997246067260877e-01
7.279794378319563997e-01
1.993892491544682066e-01
2.071736189912114057e+01
1.125409891354575633e-13
3.461454361681275261e-11
3.431714147538265252e+02
0.000000000000000000e+00
5.249943141928008572e+01
3.777480898209849869e+01
1.929641384237091017e+02
2.220589347069787389e-01
9.826282040688529840e-01
6.595161199462279455e+01
0.000000000000000000e+00
8.298897274978896142e-12
2.309288512949563099e+01
1.211603539565117377e-10
2.787860628966256082e-01
4.369803576431752083e-11
6.183567763221615304e-04
2.259370519917279149e-02
2.179395886553882056e-01
3.199481954391435886e-17
4.760857787160018006e-02
0.000000000000000000e+00
5.679043368531893066e-01
1.136938764802215424e-01
5.900818756286082767e+00
4.245805312402806564e+00
2.080662663109170651e+01
5.465472323851086035e-15
1.318183437185531079e-14
3.888667700413900049e-11
9.378174833068452589e-11
3.510930750418014535e-14
1.411664979390813432e-03
1.140174502188528484e-03
1.018435316993806898e-03
1.550257817460318488e-01
2.513748823856372556e-03
4.770887576601653274e-02
0.000000000000000000e+00
4.390481305279251459e-14
3.636802633838258958e-13
1.026191168464992472e-03
6.690415626982662293e-14
4.831553146815232208e-13
0.000000000000000000e+00
2.156948781216430438e-12
3.520819211208972566e-02
1.239353268949392709e-04
6.319821565767060360e-04
1.265221786185657179e-04
1.120859782406850798e+02
3.113832563592954017e+00
2.989510229573182909e-01
8.384402918345426059e+00
1.678549773246890586e+00
6.654807054554296997e+00
0.000000000000000000e+00
0.000000000000000000e+00
0.000000000000000000e+00
0.000000000000000000e+00
5.947767840038337539e+01
6.666483656968058824e+01
0.000000000000000000e+00
0.000000000000000000e+00
0.000000000000000000e+00
0.000000000000000000e+00
0.000000000000000000e+00
5.172559464577127820e-03
3.090381130133357333e-03
9.487440999976282964e-04
1.182769998121957229e-03
1.973391819239014421e-03
5.376216566653199691e-03
5.376216566653199691e-03
5.376216566653199691e-03
5.376216566653199691e-03
2.461678159087684128e-02
3.794982358112791161e-06
1.263096528889838879e-02
5.376216566653199691e-03
5.376216566653199691e-03
5.376216566653199691e-03
5.376216566653199691e-03
5.376216566653199691e-03
5.376216566653199691e-03
5.376216566653199691e-03
5.376216566653199691e-03
5.376216566653199691e-03
5.376216566653199691e-03
5.376216566653199691e-03
5.376216566653199691e-03
5.376216566653199691e-03
5.717773419555999964e-04
9.420411206955300182e-03
4.703248135821100177e-03
1.498765032630679922e-02
2.770337121422000162e-04
2.087240296962000101e-04
3.891117939103442506e-03
8.741119295056145200e-04
7.161127737677241978e-03
4.346517808117770880e-03
3.162480333325427655e-04
3.813959255944031172e-03
2.414874270389257005e-03
3.080261673688513765e-03
4.490739053970142802e-04
6.324960666650855309e-04
3.018275075100707375e-02
5.032146110347343604e-03
7.589964716225612816e-06
4.856313417285313197e-03
1.692308785337299018e-02
1.105730912882958543e-02
3.283926024813447336e-02
5.013171695066999042e-03
3.162480333325427655e-04
8.209806869615427893e-04
1.058420480375618471e-02
6.793018421020998506e-04
7.248411338893426953e-04
1.468658669099755926e-03
2.153020487679457428e-03
2.023990590993499574e-05
2.449031097653087390e-03
3.805102569253069889e-01
1.303955987898575662e-02
1.264994119370919446e-06
0.000000000000000000e+00
1.927854016982443559e-03
2.529988238741870656e-06
1.264994119370919446e-06
3.288984710364431345e-05
1.287763517009342818e-03
0.000000000000000000e+00
4.629888407101145410e-04
5.749397776030642365e-03
3.710227255604743070e-03
0.000000000000000000e+00
1.495222552586243083e-03
2.075855846397857765e-03
2.656487650678970711e-05
0.000000000000000000e+00
3.162480333325427655e-04
2.732386304820785643e-03
6.526102179283613768e-03
5.722829423952542800e-03
3.472406871632370377e-03
5.059976477483741313e-06
6.324960666650855309e-04
3.591316815363427596e-03
1.717862014105700236e-03
1.159493957372529672e-02
2.560346608076128315e-03
4.719695541923887155e-03
2.962614241525871484e-03
3.736791139091128096e-03
9.587386458630740849e-03
0.000000000000000000e+00
3.794984344153529403e-03
1.855745876606942641e-03
1.352278713607500075e-03
4.187131528138114157e-03
1.404423392392851812e-18
9.487440999976288385e-04
6.881582904682730442e-04
1.217050842246769279e-02
1.269800550863326750e-02
1.396553507785500093e-03
3.117956810311219712e-02
7.016922380150497976e-03
4.791797227666842393e-03
1.104339369700542721e-03
5.048589047858414308e-03
2.889249051194086280e-03
5.452134584692143199e-04
7.162395214347627541e-03
6.868923033285572952e-04
1.264994119370919446e-06
1.011995295496748601e-05
2.165669584805909528e-02
1.686743208420225792e-02
4.727285010129928487e-03
9.425469197392073728e-03
1.377577602974485718e-03
1.990721047049967204e-02
1.315594877166114708e-03
6.312335550966716776e-04
7.587436714027625574e-03
2.771602612051857293e-03
5.116898730304414097e-03
1.920263555755986114e-03
4.318687440981414452e-03
2.909486474553155913e-05
4.159297685430457352e-03
0.000000000000000000e+00
5.059976477483741313e-06
2.340744572322766767e-02
0.000000000000000000e+00
6.324970596854693582e-06
5.059976477483741313e-06
0.000000000000000000e+00
6.388220302823000409e-04
4.633673459255699921e-03
8.095957398871426319e-04
8.032712658005000325e-04
3.364884357525999318e-04
0.000000000000000000e+00
