1.897392000000000053e+03
1.599394211666369756e+02
8.931610764982099937e+00
1.406969919954862860e+02
4.476015020818974399e+00
9.327339258533902997e-77
2.110754229086979827e-102
8.930634979104560500e+00
8.929305494247264718e+00
8.929225613858307042e+00
8.920018767261083781e+00
8.919646630484677985e+00
8.918765123245636417e+00
8.918643580046607511e+00
8.915926142226213713e+00
8.911686606784019915e+00
8.904387051987013635e+00
8.929657819995799883e+00
8.927561633649373718e+00
8.924337564834090131e+00
8.921866635063530282e+00
8.916815917317377327e+00
8.898092871679926574e+00
8.890059577280267078e+00
8.884617054397438096e+00
8.874581719572102401e+00
8.870620457715574503e+00
8.361574614062466937e-01
7.132438970842062531e+01
1.139660316347399949e+01
2.207578671078246166e-04
1.198068452781105417e-05
0.000000000000000000e+00
0.000000000000000000e+00
5.233502340977208434e+01
1.524803930200917534e+02
0.000000000000000000e+00
8.171508681649431338e+00
1.562168836056542665e+00
7.970826645879811622e+03
3.100821049089458992e+00
3.259800188623465655e-02
1.128850246128814206e+03
7.032704105417538765e-01
1.475525103612658206e+00
1.797239438883008233e+01
3.658050771877157992e+00
2.551372417260127090e-01
8.907204893889241193e-01
2.751109498644274343e+00
1.140874171841890750e+01
1.121373064698546473e+00
1.412999717123258847e+02
4.923435663205256674e+01
1.601652001835887873e+01
5.529829106109158232e+01
4.023042487524475241e+00
1.404416461400028915e+01
5.213862774103914077e+00
1.275001754253383801e+00
2.038963531511462435e+01
5.951151355419104227e-01
1.088099808736088789e+02
1.159426712470283682e+01
4.204830982359306191e+00
4.152841210705280162e+01
3.443680631831555594e+00
3.900634462945666403e+00
6.841966605568303716e-01
7.116750878243962575e+01
7.300602198991554825e-01
9.402904975855232550e+00
2.651894731864978283e+01
1.674039817497553884e+01
8.375350115011831464e-02
1.497720318032879916e-01
8.993652528281372724e+03
1.747951410608899803e+00
2.898621536112613306e+00
3.130206983378669983e-01
3.192068039045121292e-02
3.635711865185059510e-02
2.373045821416166264e-03
0.000000000000000000e+00
4.974053981835997007e+00
0.000000000000000000e+00
0.000000000000000000e+00
7.597955526746991151e-01
0.000000000000000000e+00
1.757158036543664892e+01
0.000000000000000000e+00
6.225435767059026839e-04
2.861660245887296880e-03
5.615749706889492137e-06
8.967820338091088672e+01
8.809119097598093473e-03
1.113219408428658009e-04
4.855748023517545420e+00
1.706434706636017089e-09
3.564584255847340474e-05
5.938170842467578200e-09
1.261632205089859227e+01
8.791529903744414070e-05
3.364130589394005710e+02
1.171705157680902373e-06
4.019925405484343628e-01
6.224978860680836590e+01
1.110287821596451385e-04
2.850239758468035526e-06
3.723655682225975738e+01
3.252840939190977708e-04
1.212880747031670268e+02
1.092043588737672440e-07
1.408564574106409609e-04
1.904851962988481648e-03
5.317421839958482721e+00
3.104376896949577469e-02
1.147298276823529044e-04
1.879646624205736803e-03
4.162196291453506237e-07
6.891837391403690426e-06
2.259960581895188625e+03
2.971477665377310856e-06
3.420231239632740548e-04
1.759578215129157979e+04
3.460016044044193773e-02
3.467041984300462398e-01
1.766154652192311687e+03
3.472949790032833772e-03
2.423587734946399536e-02
2.429381647482502238e-02
7.556923908283931686e-03
2.899817233907563725e-07
3.122864317382099686e-01
1.710922384760986780e-10
2.195160558508797837e-12
2.818279592656139216e-12
9.606046409626117560e-04
1.689294707701761032e-10
2.608947241924915450e-01
6.103333966982789072e+00
2.094310898327347323e-11
2.178185024831783439e-12
1.038077624930900730e-12
2.359676193473089492e-09
2.321477291227044327e-10
1.211978912656361642e-10
7.017932409100370426e-12
2.687089693358414330e-18
8.017947320005658392e-10
1.429034094106869224e-12
2.861562900958342388e-10
1.826706507074201256e-14
4.247385477041900260e-09
4.264508323893014856e-12
7.385210103202012383e-16
4.892788594770283352e-18
6.113363730438824839e-19
3.518829271579043312e-16
3.948170374595075627e-17
1.314934529005158026e-17
0.000000000000000000e+00
2.516684792765236622e+01
5.123973046751688543e+01
2.029931022506841290e-04
4.133447893498781093e-04
4.965177553184277473e-05
2.178108274175234195e-13
4.434605674429650537e-13
0.000000000000000000e+00
1.516456125504354446e+01
2.160542491636507597e-04
3.083497623100350360e+00
2.467116446272449651e-02
6.127431372127583112e-03
6.333661676978997734e-01
5.108645079903065274e-06
1.249565535657508572e-06
5.481492385949159235e-15
4.120625830817632572e-11
1.007897777780413689e-11
4.421363935180826272e-20
1.081457785301158977e-20
4.744050989491306830e-29
2.299610419724487931e-01
9.507927429263748897e-03
1.121592865094864999e+00
4.209957454466524418e-02
4.585319911365787766e-16
6.925622583355683731e-24
3.096526025016614403e-32
1.952772610381306064e-17
7.601022544510465832e-20
1.143117703683059076e-17
3.749761706322282053e-19
0.000000000000000000e+00
9.728693556348336121e-15
8.844335330922034044e-20
8.599088553838474497e-29
1.248724788333383734e-27
1.507075346037768723e-22
3.432717274463159882e-28
0.000000000000000000e+00
1.444493505461373936e-36
5.587857754090386824e-36
0.000000000000000000e+00
6.759187913599918790e-31
1.356676473536856663e-36
5.966114110525553319e-45
2.529368889690554244e-16
3.682074486256279693e-38
2.311858840973511029e-16
4.784788706101643082e-18
0.000000000000000000e+00
2.958644229238914927e-31
1.868129906342760598e-38
3.445124462871318324e-47
7.190039919767171896e-47
5.183234435936903896e-55
1.274200603381704778e-63
8.580652428107709380e-34
2.887968458265721919e-41
1.909861655768997065e-33
5.105423059649635710e-36
0.000000000000000000e+00
5.124557446675400918e+00
4.133444084866967708e-05
4.435122446840059760e-14
3.732981613265555183e-19
0.000000000000000000e+00
9.613227848427881280e-15
2.923491931742904499e-31
8.803979102086700979e-20
1.859370737772806043e-38
8.560083480243793090e-29
3.429327390580074900e-47
1.247667509551341888e-27
0.000000000000000000e+00
1.500070666196436243e-22
1.443091576082650223e-36
5.177614418184224955e-55
5.583310013466551491e-36
0.000000000000000000e+00
6.728874118292478435e-31
1.355406120320264625e-36
5.960815896939728342e-45
1.273032529862156221e-63
2.527578578910128413e-16
8.573961535256556888e-34
2.885082992217936692e-41
3.678066743002247293e-38
1.907958993670581021e-33
2.309437305025291773e-16
4.779895347062437143e-18
0.000000000000000000e+00
5.099558692505650626e-36
0.000000000000000000e+00
5.752098100438359608e-18
0.000000000000000000e+00
6.078341782313756996e-36
0.000000000000000000e+00
2.602169575036159969e-23
0.000000000000000000e+00
6.770726776943619670e-19
2.026338071806404618e-35
6.135171222459205662e-24
1.281760848395764568e-42
5.903817844694129102e-33
2.338577171498004329e-51
8.827828136009037333e-32
0.000000000000000000e+00
1.052111650970596037e-26
1.009231019252229752e-40
3.575897666013283539e-59
3.900979142386271234e-40
0.000000000000000000e+00
4.660344403644409521e-35
9.468680145475286984e-41
4.117284274910424732e-49
8.682089637194329651e-68
1.778654386874957700e-20
5.970459915033148403e-38
2.029464790591080408e-45
2.559122993315206220e-42
1.334135674953394190e-37
1.621075477452185113e-20
3.379053271919156316e-22
0.000000000000000000e+00
3.564571546232815032e-40
0.000000000000000000e+00
1.768140283890808256e-18
0.000000000000000000e+00
1.271699657652704072e-13
3.724611300469930519e-30
4.166413930475705617e-19
8.580517090641551787e-38
3.956724052136593568e-28
1.544358836797077002e-46
5.042901423146240990e-28
0.000000000000000000e+00
7.200628358501719080e-22
5.736644650318006846e-37
2.022047851833728082e-55
2.217001752485264887e-36
0.000000000000000000e+00
3.139225032570156414e-30
5.379980612429815182e-37
2.328871958905431708e-45
4.886143217008275363e-64
1.022964658486702572e-16
3.418256725888545053e-34
1.154288046792855846e-41
1.450093548108440011e-38
7.643134447069029015e-34
9.304810230468329053e-17
9.516710594738086957e-18
0.000000000000000000e+00
8.208161317226963967e-36
0.000000000000000000e+00
1.769703815033035907e-18
0.000000000000000000e+00
1.272801689207900878e-13
3.727902887913999948e-30
4.170099881106350616e-19
8.588208394173829986e-38
3.960267662130758557e-28
1.545761086670310302e-46
5.050087439169437334e-28
0.000000000000000000e+00
7.206952034097092729e-22
5.744888583908625289e-37
2.024980219614976483e-55
2.220189566320302165e-36
0.000000000000000000e+00
3.142022930363302256e-30
5.387717947845309107e-37
2.332248552536658846e-45
4.893292910198238476e-64
1.024421219572306085e-16
3.423161204974417756e-34
1.155941421317200507e-41
1.452186277462373615e-38
7.654073806540603547e-34
9.318089014757560410e-17
9.517404422414442230e-18
0.000000000000000000e+00
8.208869174359954025e-36
0.000000000000000000e+00
1.202696159870747988e-17
0.000000000000000000e+00
1.035959649720711790e-35
0.000000000000000000e+00
1.356157215491715541e-22
0.000000000000000000e+00
3.881465235226649122e-18
1.179570021145427881e-34
2.843228417949156347e-23
6.001410493712836089e-42
3.799037301733084457e-32
1.521430862654904048e-50
3.526113529589623212e-31
0.000000000000000000e+00
4.845333906025079983e-26
5.241541132803905539e-40
1.879824167294571626e-58
2.253205989197873319e-39
0.000000000000000000e+00
2.986418625867120556e-34
4.922591305785966127e-40
2.885445561149125673e-48
6.159787528164833683e-67
2.040744546458153413e-20
6.920576324375551571e-38
1.164465859645653779e-45
1.484100893628651174e-42
6.160853886444864578e-37
7.458166032060691212e-20
1.161214719116464392e-21
0.000000000000000000e+00
1.226810174080024069e-39
0.000000000000000000e+00
6.433149301109315337e-22
0.000000000000000000e+00
5.140939199511208317e-17
1.505701590659748060e-33
1.347469973541197586e-22
2.775045888605714104e-41
1.759514606345740742e-31
6.867642042084328572e-50
1.427845383462093430e-31
0.000000000000000000e+00
2.328772497086030102e-25
2.088338305256563669e-40
7.360997209821602376e-59
8.967445084577894898e-40
0.000000000000000000e+00
1.395988509928131595e-33
1.958510526061504105e-40
1.130393292475231866e-48
2.371647719447982885e-67
8.275481766372843363e-21
2.765268812793932532e-38
4.668700525526404156e-46
5.865132956700860434e-43
2.473109254891640918e-37
3.010782028962741938e-20
2.428892593166151041e-21
0.000000000000000000e+00
2.092141958526486210e-39
0.000000000000000000e+00
6.270552198103151181e-20
0.000000000000000000e+00
1.613813102985615990e-15
4.909117317741074794e-32
1.109086268591622450e-20
2.340844169700729187e-39
1.078036252387012902e-29
4.317993109243554361e-48
1.571874453280628979e-28
0.000000000000000000e+00
1.890076126038077438e-23
1.211691836108454123e-37
4.346302353679743702e-56
7.032772379001761345e-37
0.000000000000000000e+00
8.476154245349583981e-32
1.138173463023974582e-37
5.004351353847718204e-46
1.068475132737431013e-64
4.246191782777321958e-17
1.440073513470521841e-34
6.057461151563540860e-42
7.719934785252803073e-39
1.602187265026454814e-34
5.818518531481359984e-17
3.623760047142831429e-19
0.000000000000000000e+00
3.828200281734228622e-37
0.000000000000000000e+00
8.352215981109714968e-20
0.000000000000000000e+00
1.076179176996730227e-15
3.265501307610987840e-32
4.926994701002948748e-20
1.038770636326623489e-38
1.911113404754953640e-29
7.643723047968014817e-48
8.376550656417464906e-28
0.000000000000000000e+00
8.371659403189648836e-23
9.669493471216085978e-37
3.462765343612695863e-55
1.870554099999091718e-36
0.000000000000000000e+00
1.505070370233640007e-31
9.087021786411889903e-37
1.991834756641777639e-45
4.254159863308900260e-64
8.497969074718101673e-17
2.877831098336544177e-34
9.597803329623990884e-42
1.221458100342182947e-38
1.492925845032601206e-33
2.066354107588132222e-16
3.357994121267891106e-18
0.000000000000000000e+00
3.542091309414827347e-36
0.000000000000000000e+00
8.692864698133447090e-20
0.000000000000000000e+00
1.119354001130805883e-15
3.403301450394707439e-32
5.126102336187160511e-20
1.082443887939980365e-38
1.993042957747408591e-29
7.984377462381691670e-48
8.717914683693636484e-28
0.000000000000000000e+00
8.734965105672405772e-23
1.008021365915717937e-36
3.616505627566262867e-55
1.950278093705954913e-36
0.000000000000000000e+00
1.566976334070643534e-31
9.468730639770644916e-37
2.081791385461938989e-45
4.445165568733374624e-64
8.830522274277293857e-17
2.994997021957476001e-34
1.007131671396237703e-41
1.283745051727291985e-38
1.554072832503261346e-33
2.149919142274898583e-16
3.516508968348474549e-18
0.000000000000000000e+00
3.715337813081713106e-36
0.000000000000000000e+00
1.019067695613900752e-21
0.000000000000000000e+00
8.143724207530811732e-17
2.385130364003860436e-33
2.134523666926235061e-22
4.395892082688786992e-41
2.787195399671274695e-31
1.087876285991530379e-49
2.261854403210419351e-31
0.000000000000000000e+00
3.689026063899979719e-25
3.308083580110674685e-40
1.166028787582581604e-58
1.420517653748730055e-39
0.000000000000000000e+00
2.211367328348151620e-33
3.102442208230563502e-40
1.790615444515027557e-48
3.756792284944329982e-67
1.310923138346993226e-20
4.380428541462295238e-38
7.395289055361072496e-46
9.290356040275576007e-43
3.917445083887028727e-37
4.769147188648485147e-20
3.847602652567986732e-21
0.000000000000000000e+00
3.314133915538195542e-39
0.000000000000000000e+00
1.084906569758267251e-20
0.000000000000000000e+00
3.105118555961261151e-16
9.436386512413655385e-33
2.274542726057952767e-21
4.801039567487281777e-40
3.039173692895079000e-30
1.217121510258360662e-48
2.820841797254565159e-29
0.000000000000000000e+00
3.876200077839325962e-24
4.193157311557767667e-38
1.503831224760493555e-56
1.802532193664831375e-37
0.000000000000000000e+00
2.389090856712326531e-32
3.938001430187262560e-38
2.308313137246851267e-46
4.927734261540651199e-65
1.632566985902952791e-18
5.536361379678405567e-36
9.315560739667681897e-44
1.187258994933053999e-40
4.928595459704572934e-35
5.966427912796681146e-18
9.289556920136257077e-20
0.000000000000000000e+00
9.814308092531727675e-38
0.000000000000000000e+00
5.698262205943547756e-19
0.000000000000000000e+00
1.466480028726875166e-14
4.461008248702126573e-31
1.007860787777298168e-19
2.127129439557692884e-38
9.796310261437439391e-29
3.923803290382393438e-47
1.428415563200688055e-27
0.000000000000000000e+00
1.717585541122281167e-22
1.101090412024497674e-36
3.949531736196804042e-55
6.390863410265117343e-36
0.000000000000000000e+00
7.702519543583246144e-31
1.034287341880468206e-36
4.547535526062881315e-45
9.709286667654020628e-64
3.858674646817831345e-16
1.308636414675906307e-33
5.504625336933824169e-41
7.015266604288258620e-38
1.455955042504460587e-33
5.287483677268807955e-16
3.293050431121246891e-18
0.000000000000000000e+00
3.478786664629664305e-36
0.000000000000000000e+00
8.266200531322274712e-19
0.000000000000000000e+00
1.065100938398505590e-14
3.231840622250218134e-31
4.876266965196278595e-19
1.028064242141831739e-37
1.891405104616888403e-28
7.564811714913796844e-47
8.290287551192677663e-27
0.000000000000000000e+00
8.285298702979653266e-22
9.569802515893694971e-36
3.427020722049909065e-54
1.851267443681351707e-35
0.000000000000000000e+00
1.489566897408432825e-30
8.993364612877824366e-36
1.971263728374280909e-44
4.210231726090016607e-63
8.410546511521476031e-16
2.848195089466911718e-33
9.498410757902324435e-41
1.208795420555019529e-37
1.477549181824431350e-32
2.045078461775697078e-15
3.323457573466795620e-17
0.000000000000000000e+00
3.505653254181965647e-35
0.000000000000000000e+00
0.000000000000000000e+00
0.000000000000000000e+00
0.000000000000000000e+00
0.000000000000000000e+00
0.000000000000000000e+00
0.000000000000000000e+00
0.000000000000000000e+00
0.000000000000000000e+00
0.000000000000000000e+00
0.000000000000000000e+00
0.000000000000000000e+00
0.000000000000000000e+00
0.000000000000000000e+00
0.000000000000000000e+00
0.000000000000000000e+00
0.000000000000000000e+00
0.000000000000000000e+00
0.000000000000000000e+00
0.000000000000000000e+00
0.000000000000000000e+00
0.000000000000000000e+00
0.000000000000000000e+00
0.000000000000000000e+00
0.000000000000000000e+00
0.000000000000000000e+00
0.000000000000000000e+00
0.000000000000000000e+00
0.000000000000000000e+00
0.000000000000000000e+00
1.584401925699779445e+00
7.183297906922516090e-05
5.008604627719337010e+00
5.337471636150782217e+01
1.050185275252704525e-01
2.136805379783333958e+00
2.142665059453798548e+01
2.594489982926594107e-02
1.616920291551354794e+01
3.933245147458169999e+00
9.935614747452592195e-11
4.077330501879439240e+00
5.443149882892128082e-10
2.817359624076733442e-11
0.000000000000000000e+00
0.000000000000000000e+00
1.440308413957324866e-12
4.200439675992003082e-03
6.049925410507830702e-17
1.464231476929644771e+01
1.599973332194380646e+03
2.021307609452197784e+00
0.000000000000000000e+00
2.758578281002129273e+01
1.355937093567186391e+00
1.965396216124712492e+00
2.536374728453116845e-02
7.067991026131854870e-02
4.525657328142723372e+02
1.140930094549052853e+02
2.876263763212228923e+02
1.258747574828247615e-11
8.212191050619493282e+00
1.478201038018181634e+02
1.214493255251339434e+02
2.472986212521442795e+01
6.275415142823121784e+01
1.066508627224536741e-13
1.957863619613425188e-11
9.644682686181120961e-10
1.836630892833655594e-09
3.382776807903972838e+01
6.148644220955230403e-09
6.467211875273161104e-01
1.113736614998259294e-01
5.565606404293826220e-02
1.687427531841255757e+02
1.923523881640690152e-13
9.996265646537776774e+03
3.557240966290662776e+00
4.399884581003042361e-01
8.374005978172736064e-01
2.624160960116624253e+01
9.593985744995052467e-02
9.594563153687766244e-01
1.045565316386048593e+01
3.719116363766404310e-01
7.796644822746139070e-02
1.195756497027542359e-01
3.383952087533505626e+00
3.698233685203957233e+00
9.942565989233815085e-03
2.030939949259775688e+02
1.770536238887032709e+01
5.052223203003686908e-02
4.169548729624539263e-01
6.667044539924306124e-01
2.105847847272901974e-01
2.049473901058357939e+01
2.951203242083232217e-13
9.002569140405788865e-11
3.406823105096003133e+02
0.000000000000000000e+00
4.097283570812175668e+01
3.427245188886868021e+01
2.239879883893108001e+02
1.962192216693792179e-01
8.190342713283634835e-01
6.587626696690736594e+01
0.000000000000000000e+00
2.032434013420359064e-11
2.870329294314528568e+01
2.449312360438184620e-10
3.983088762942596506e-01
1.015776083232736365e-10
5.178570499225598322e-04
2.138429647202244599e-02
2.761010598730241350e-01
8.799572938058557143e-17
4.932767447566389907e-02
0.000000000000000000e+00
5.331204255973891470e-01
1.344011018829399939e-01
5.892419075342250956e+00
4.928820581900690279e+00
2.473006719856762814e+01
6.083339960331024150e-15
1.433076200940351132e-14
5.500460250310568993e-11
1.295657828869736277e-10
9.140062748752851100e-14
1.422858873153149545e-03
1.038129596333666306e-03
9.611266692001149995e-04
1.771444602620967645e-01
2.000245650573919277e-03
4.669545363073525357e-02
0.000000000000000000e+00
1.020159040883310111e-13
7.351568115959325329e-13
8.557370539276496412e-04
1.007365441888162801e-13
3.920651285558862563e-13
0.000000000000000000e+00
2.629726818492286715e-12
3.601638576372998696e-02
1.297010848108876935e-04
5.336195441192187992e-04
1.345269115036822581e-04
1.117698710458460170e+02
4.435975418661931791e+00
3.861912176878327108e-01
8.738810082236790677e+00
2.203079074044710151e+00
5.882095227953737293e+00
0.000000000000000000e+00
0.000000000000000000e+00
0.000000000000000000e+00
0.000000000000000000e+00
5.956633255840070262e+01
6.657618241166093753e+01
0.000000000000000000e+00
0.000000000000000000e+00
0.000000000000000000e+00
0.000000000000000000e+00
0.000000000000000000e+00
2.326327164584242064e-03
2.457885063468271802e-03
6.324960666650855309e-04
2.447762131452128290e-03
1.340895752573928890e-03
5.376216566653199691e-03
5.376216566653199691e-03
5.376216566653199691e-03
5.376216566653199691e-03
2.208679732421649916e-02
3.794982358112791161e-06
1.294721332223092852e-02
5.376216566653199691e-03
5.376216566653199691e-03
5.376216566653199691e-03
5.376216566653199691e-03
5.376216566653199691e-03
5.376216566653199691e-03
5.376216566653199691e-03
5.376216566653199691e-03
5.376216566653199691e-03
5.376216566653199691e-03
5.376216566653199691e-03
5.376216566653199691e-03
5.376216566653199691e-03
5.717773419555999964e-04
9.420411206955300182e-03
4.703248135821100177e-03
1.498765032630679922e-02
2.770337121422000162e-04
2.087240296962000101e-04
1.044885639110557617e-03
1.822856029503242600e-03
4.631143471016900721e-03
4.979013874782853809e-03
3.162480333325427655e-04
4.762703355941659035e-03
5.261106570382143195e-03
2.447765607023428235e-03
1.081569972062099757e-03
1.896226184937000597e-03
3.144774288433724307e-02
3.767153977017172976e-03
7.589964716225612816e-06
4.540065383952769998e-03
2.071806425336351204e-02
1.042481306216450077e-02
4.928415798142670584e-02
4.064427595069370312e-03
0.000000000000000000e+00
8.209806869615427893e-04
1.311418907041652683e-02
2.260542008764813461e-03
9.234506722425720501e-05
2.101154735764841457e-03
3.418012621009628924e-03
2.023990590993499574e-05
2.765279130985630156e-03
4.535635526251243776e-01
1.746703234564135968e-02
1.264994119370919446e-06
0.000000000000000000e+00
6.039078450305500161e-03
2.529988238741870656e-06
1.264994119370919446e-06
0.000000000000000000e+00
1.287763517009342818e-03
3.162480333325427655e-04
4.629888407101145410e-04
3.219413509370299808e-03
2.445235122274572008e-03
1.505343002051000019e-04
5.464784525886147871e-04
1.127111746400229252e-03
2.656487650678969017e-05
6.324960666650855309e-04
1.120783796742185661e-03
2.416138271488242877e-03
2.414877745960558684e-03
3.192845157292201110e-03
3.156158838299828479e-03
0.000000000000000000e+00
6.957467656540150319e-05
2.010076648700713335e-03
1.717862014105700236e-03
1.285993170705547126e-02
2.876594641408671080e-03
6.300935708586600549e-03
2.330118174860785520e-03
2.155550972428414268e-03
8.322394325300569787e-03
1.264992133330171062e-03
4.427480410818615368e-03
1.539497843274399876e-03
2.301022813605128371e-03
5.768371694800827551e-03
3.162480333325427655e-04
2.213736233327800659e-03
2.269398457130986438e-03
1.122176432247007014e-02
7.005540908647495991e-03
1.396553507785500093e-03
3.117956810311219712e-02
9.863154680143383299e-03
3.526805094336670898e-03
1.420587403033085052e-03
3.467348881195700481e-03
4.154241184524254740e-03
8.614614918017576275e-04
3.999914881022199886e-03
3.706442699960144755e-04
1.264994119370919446e-06
1.011995295496748601e-05
1.659672731473840757e-02
1.560243995087208513e-02
8.838509443452984005e-03
5.314244764069013006e-03
1.061329569641942952e-03
1.800972227050441285e-02
2.264338977163742571e-03
2.212473721759385288e-03
1.043366901402051176e-02
4.036594745382028789e-03
2.586914463644071540e-03
3.501503722418699942e-03
2.737447274318700191e-03
2.909486474553157946e-05
3.843049652097914586e-03
0.000000000000000000e+00
5.059976477483741313e-06
1.992871735656969942e-02
1.264992133330171062e-03
6.324970596854693582e-06
5.059976477483741313e-06
4.933477065546644307e-05
6.388220302823000409e-04
4.317425425923156722e-03
8.095957398871426319e-04
8.032712658005000325e-04
2.024040242005716297e-05
0.000000000000000000e+00
