1.897392000000000053e+03
1.768274635692594359e+02
7.171722324050011643e+00
2.045713077916801126e+02
1.676758045948019360e+00
5.630288914116297618e-71
2.328737404075888428e-103
7.179923636939266274e+00
7.192386926533190561e+00
7.193141314395685271e+00
7.230717290472449044e+00
7.232169846502212174e+00
7.235250684271312238e+00
7.235668884514120158e+00
7.242454463140460597e+00
7.249770094107974572e+00
7.258439425661442179e+00
7.189280368182517478e+00
7.209099834612537450e+00
7.227300145564003131e+00
7.236125184330982840e+00
7.246127604539127631e+00
7.264362866043700961e+00
7.270945356193849740e+00
7.275027849457484486e+00
7.281747856454895640e+00
7.284301084656981118e+00
4.901037699314406693e-01
7.152087896650010634e+01
1.627862097677925846e+01
4.283271287756174961e-04
1.072320651085528325e-05
0.000000000000000000e+00
0.000000000000000000e+00
5.952429472572050884e+01
1.524717630550795491e+02
0.000000000000000000e+00
7.594243725540463785e+00
1.682857961584536488e+00
7.954085922557188496e+03
5.127600026588792659e+00
4.645191534969611569e-02
1.132620439987834288e+03
7.824767495006080820e-01
1.680828739087016244e+00
2.569906553538996974e+01
5.293330437547931311e+00
2.539279483441542751e-01
8.862186905765045974e-01
2.733652799302430214e+00
1.140802305180503673e+01
1.124145508020758522e+00
1.412520321320379253e+02
4.942371621358746125e+01
1.604024901656076096e+01
5.529833254052638125e+01
4.023907786722634938e+00
1.405628531666435599e+01
5.146802104517962384e+00
1.270488279425466827e+00
2.057020426461676266e+01
5.844040522257446524e-01
1.088309303113321533e+02
1.145692114435512110e+01
4.204344700111474431e+00
4.116070586808002929e+01
3.443368754433499213e+00
3.900276077367696548e+00
6.841417675729135617e-01
7.116753184626384154e+01
7.299974566923065344e-01
9.402822882932527548e+00
2.651897941384005719e+01
1.674038194180317163e+01
8.449648787688091023e-02
1.497720318032879916e-01
9.004496664275357034e+03
2.904764381409968177e+00
2.896700984019661806e+00
4.477747184456820073e-01
3.167875317838223653e-02
3.586858053164860421e-02
2.370716586894915621e-03
0.000000000000000000e+00
5.062891539758926029e+00
0.000000000000000000e+00
0.000000000000000000e+00
8.475713767563626266e-01
0.000000000000000000e+00
1.552967232838553713e+01
0.000000000000000000e+00
6.082084858390799601e-04
2.861780940718948452e-03
5.493230522375952771e-06
8.499913468118361948e+01
8.165445319735316690e-03
7.737712256360167087e-05
5.000014739541946085e+00
1.221318836491838596e-09
2.211989183005557465e-05
3.256682977350760534e-09
1.682914956745469226e+01
8.151440144327194107e-05
3.235909886510904130e+02
7.833692967970228450e-07
3.804061052898287665e-01
6.044330320390958633e+01
1.053455489965416969e-04
2.200455800854551327e-06
4.707434418140800148e+01
3.176394295827109689e-04
1.185092950216425294e+02
8.237606819569324227e-08
9.943606095526363799e-05
1.337900913123250130e-03
6.723000221986419334e+00
2.768048996458351632e-02
5.659735281331008207e-05
1.172122350758864062e-03
1.012845884641613473e-07
2.101765228306704708e-06
2.259987296434468135e+03
7.230841176276469595e-07
1.050188652037508508e-04
1.745405075260230296e+04
1.053862721483053363e-02
1.059589882124942206e-01
1.754237551239005825e+03
1.059196386275726345e-03
8.344626744367108703e-03
7.437265542384219330e-03
9.871156228834600255e-02
1.159562074081758950e-06
3.729254832829716482e-01
1.294876264468575942e-10
1.610161279878824754e-12
1.919422672014344735e-12
4.258190615612879922e-04
1.654456305156514487e-10
1.570367046480728723e-01
6.090175551175280866e+00
1.856431344398094804e-11
1.697935771613491591e-12
5.983705030078689145e-13
2.672399504165421665e-09
2.521812525816046740e-10
8.905224602457159038e-11
4.001313385708965736e-12
1.496926765654251467e-18
5.713189871496898748e-10
8.137264364684150715e-13
1.622774027142490495e-10
1.558732811237781565e-14
3.768637104902052461e-09
3.775357160692192892e-12
6.659223783826660786e-16
4.941484497187566922e-18
6.174615793159876545e-19
2.405525092444205208e-16
9.011359126812374596e-18
1.029806352562631216e-17
0.000000000000000000e+00
2.791727782046732287e+01
5.676340057687427532e+01
2.029715645445525772e-04
4.127794822299449403e-04
4.949506593731212850e-05
2.199662483122824308e-13
4.472833088895511856e-13
0.000000000000000000e+00
1.198841227030727374e+01
2.160544277151566156e-04
2.043701657634608981e+00
3.489121917413541552e-02
7.776695396560046221e-03
7.793577365682162750e-01
5.666312843646278056e-06
1.381742951345427971e-06
6.140676807001025367e-15
4.119749650203245678e-11
1.004610087291505156e-11
4.464640732003801517e-20
1.088712542346379068e-20
4.838404893776587348e-29
1.437212550329275418e-01
4.176689614284844268e-03
1.303750590749110039e+00
2.423978422933815643e-02
3.314468974767077560e-16
5.762198177627250494e-24
2.544660966738791727e-32
1.950660323586506957e-17
5.196434224483002327e-20
3.250662552626069027e-18
2.550902912831226289e-19
0.000000000000000000e+00
7.428258721995058384e-15
6.053943084247721084e-20
6.179799651196909536e-29
1.046576291907814587e-27
1.369893843231007477e-22
2.849122417411192364e-28
0.000000000000000000e+00
1.220881251679839266e-36
4.611319020767697611e-36
0.000000000000000000e+00
6.043086982638532291e-31
1.119656425824564537e-36
4.972293395209723695e-45
1.999978114880930078e-16
1.854148908289894742e-38
4.812307977084995847e-17
4.408026656214996704e-18
0.000000000000000000e+00
1.882486296623154881e-31
1.320114550362680415e-38
2.548637812912973741e-47
5.795535117904626929e-47
4.270515317329551890e-55
1.021353830761696814e-63
7.422402446822333166e-34
1.349784165082426026e-41
1.011104544081329641e-34
3.794733540528190945e-36
0.000000000000000000e+00
5.677387792372329933e+00
4.127782463443816586e-05
4.473350853264607939e-14
2.534349358150622701e-19
0.000000000000000000e+00
7.298628415308461500e-15
1.849627990475519652e-31
6.014224036675301659e-20
1.311277222763863484e-38
6.139314850928920625e-29
2.531801970317186493e-47
1.045552174028625473e-27
0.000000000000000000e+00
1.360746302213626172e-22
1.219522670534684505e-36
4.265294512495577393e-55
4.606807335398136563e-36
0.000000000000000000e+00
6.003720604362396381e-31
1.118453520875924260e-36
4.967027501966648428e-45
1.020251818695817823e-63
1.998209481050189546e-16
7.415220046612815253e-34
1.348190035416659253e-41
1.851926816078707285e-38
1.010010002077337773e-34
4.806937729642739794e-17
4.403537684500396950e-18
0.000000000000000000e+00
3.790780527662463770e-36
0.000000000000000000e+00
5.277084361533554961e-18
0.000000000000000000e+00
4.534551339195721795e-36
0.000000000000000000e+00
1.774644630795246088e-23
0.000000000000000000e+00
5.156023364153368723e-19
1.288992246848557018e-35
4.211624935560415150e-24
9.081359288506478708e-43
4.254855111662908132e-33
1.734025096394434303e-51
7.443312714476316458e-32
0.000000000000000000e+00
9.562685837157732526e-27
8.579540085230750667e-41
2.965221532408078194e-59
3.239094241793871720e-40
0.000000000000000000e+00
4.165789074976269032e-35
7.862334922914672423e-41
3.451973209083919965e-49
7.010235044488429352e-68
1.411689143234710148e-20
5.177475243030187137e-38
9.546106729579482896e-46
1.310111432255983200e-42
7.142134177174878820e-39
3.407873998413201195e-21
3.137262800220321782e-22
0.000000000000000000e+00
2.695625514876908565e-40
0.000000000000000000e+00
1.757373608545737745e-18
0.000000000000000000e+00
1.410018228978923801e-13
3.461103082720068662e-30
4.169715170285513869e-19
8.862533387446079408e-38
4.156457097382748531e-28
1.669261015337307751e-46
5.724123503646461761e-28
0.000000000000000000e+00
9.508394688901361187e-22
6.565090738749772150e-37
2.257911865437654284e-55
2.478545191593968999e-36
0.000000000000000000e+00
4.078579238810387711e-30
6.015019981669227289e-37
2.628961936649504344e-45
5.314776866244520326e-64
1.092519969291388196e-16
3.986906289512544572e-34
7.325664949933460061e-42
1.005029475047925278e-38
5.526829326355303022e-35
2.639868408934557539e-17
1.123257761848396133e-17
0.000000000000000000e+00
8.697285592151793927e-36
0.000000000000000000e+00
1.758931728870705242e-18
0.000000000000000000e+00
1.411250066952223366e-13
3.464177826052952156e-30
4.173412445194508507e-19
8.870497033372475492e-38
4.160188608574695740e-28
1.670780747961594426e-46
5.732267639582636073e-28
0.000000000000000000e+00
9.516791590993967684e-22
6.574511562122844005e-37
2.261179923685485809e-55
2.482102935480491029e-36
0.000000000000000000e+00
4.082234282271700721e-30
6.023655850107298526e-37
2.632767345281051084e-45
5.322533406832243306e-64
1.094075245172666653e-16
3.992630465680064734e-34
7.336127562611342731e-42
1.006465780036960169e-38
5.534693695989219078e-35
2.643617965362212977e-17
1.123339678321650018e-17
0.000000000000000000e+00
8.697974080693939216e-36
0.000000000000000000e+00
1.403606120262752794e-17
0.000000000000000000e+00
1.086127640657691440e-35
0.000000000000000000e+00
7.354873958373973683e-23
0.000000000000000000e+00
2.353668403408716488e-18
5.960615911081597193e-35
1.551588121919683664e-23
3.380812678593191667e-42
2.176495682866173093e-32
8.972042162067914354e-51
2.360854192138462681e-31
0.000000000000000000e+00
3.510863057061000891e-26
3.538869094626203320e-40
1.237210852900102131e-58
1.485317767196570043e-39
0.000000000000000000e+00
2.128262393674064022e-34
3.245275828347718188e-40
1.920863866001588910e-48
3.943988219780977315e-67
1.288864223234565574e-20
4.781223771714671096e-38
4.347202520679629308e-46
5.971698238946248999e-43
2.605990564994281292e-38
1.240397851788162976e-20
8.512340924559878452e-22
0.000000000000000000e+00
7.315267218247633771e-40
0.000000000000000000e+00
5.108505290574207971e-22
0.000000000000000000e+00
4.554130225340090008e-17
1.117879438482204335e-33
1.077422491362729817e-22
2.290009600179736921e-41
1.476736504230462454e-31
5.930702503302917598e-50
1.294889846129591801e-31
0.000000000000000000e+00
2.456896816621859663e-25
1.909441555424534600e-40
6.567117776846367478e-59
8.009813149849037757e-40
0.000000000000000000e+00
1.449075680071150087e-33
1.749464447496888255e-40
1.019508502449907654e-48
2.061063427985342294e-67
7.061307983947353802e-21
2.576864369254619725e-38
2.367286472859443951e-46
3.247749659474941214e-43
1.428794953547372261e-38
6.824583997638817180e-21
2.264755187642319559e-21
0.000000000000000000e+00
1.752491249878611296e-39
0.000000000000000000e+00
4.409757825102183382e-20
0.000000000000000000e+00
1.269032775929109850e-15
3.217008696769748493e-32
7.848170109758912133e-21
1.710017403934945535e-39
8.008962507380652875e-30
3.302150505962276898e-48
1.364586114252747314e-28
0.000000000000000000e+00
1.775907521881719711e-23
1.060774229073634742e-37
3.709207791834900080e-56
6.011332845757722326e-37
0.000000000000000000e+00
7.833401652410473307e-32
9.729570580927526117e-38
4.319893115894857233e-46
8.871164166820054877e-65
3.477351792124801696e-17
1.290117538162647405e-34
2.932272109225747124e-42
4.027419691599352492e-39
8.786990873004568541e-36
1.254692931621429330e-17
3.444194113214962743e-19
0.000000000000000000e+00
2.959293036854637039e-37
0.000000000000000000e+00
5.901092157681422214e-20
0.000000000000000000e+00
8.495377328987121031e-16
2.148836006495472091e-32
3.502969592599118532e-20
7.623928840236042031e-39
1.426492446380758948e-29
5.872365407880574316e-48
7.310128111006441752e-28
0.000000000000000000e+00
7.899873130746102128e-23
8.509444819834841346e-37
2.970962054621160223e-55
1.607273024657878568e-36
0.000000000000000000e+00
1.396889448787745590e-31
7.808837413714044353e-37
1.728396064116596226e-45
3.551295766711564135e-64
6.993283474456321924e-17
2.590320108776746459e-34
4.669420866151317965e-42
6.413165391469422182e-39
8.235391659884012666e-35
4.481173919176347752e-17
3.209593193356637022e-18
0.000000000000000000e+00
2.757151932811982044e-36
0.000000000000000000e+00
6.779288482288169129e-20
0.000000000000000000e+00
9.761427840735548633e-16
2.473263285792546233e-32
4.022549910910099908e-20
8.768904441280880559e-39
1.641992039020384624e-29
6.771258326193370070e-48
8.392617741136117653e-28
0.000000000000000000e+00
9.101663479685144837e-23
9.785942218896144405e-37
3.422555887007885302e-55
1.848598409637730752e-36
0.000000000000000000e+00
1.605954045084160135e-31
8.975911961829953932e-37
1.992804327077132825e-45
4.092630383539801184e-64
8.019433530084921308e-17
2.975447075643473265e-34
5.406370039604777682e-42
7.426315974801551291e-39
9.451276443084171803e-35
5.140927376988531113e-17
3.706251634597711637e-18
0.000000000000000000e+00
3.184662294563735478e-36
0.000000000000000000e+00
8.751761649458141577e-22
0.000000000000000000e+00
7.802005262326681251e-17
1.915091041119491258e-33
1.845823981480999867e-22
3.923163815052076804e-41
2.529879598106360259e-31
1.016015152423152470e-49
2.218403139912019303e-31
0.000000000000000000e+00
4.209133588648296957e-25
3.271192617959872339e-40
1.125050120757924788e-58
1.372222687107826861e-39
0.000000000000000000e+00
2.482511377122637626e-33
2.997141186993785290e-40
1.746577530244658717e-48
3.530882311108548299e-67
1.209741164883567140e-20
4.414623083547801684e-38
4.055411975538133432e-46
5.563733509302828159e-43
2.447689562846133228e-38
1.169132474980554982e-20
3.879957687686494012e-21
0.000000000000000000e+00
3.002352141041781258e-39
0.000000000000000000e+00
6.363310671034200156e-21
0.000000000000000000e+00
2.036353761216926474e-16
5.157017960691979511e-33
1.342407584195915712e-21
2.925018758854741575e-40
1.883065266138379903e-30
7.762446206551661878e-49
2.042571616981340044e-29
0.000000000000000000e+00
3.037539260259196802e-24
3.061768426441712994e-38
1.070412798074364772e-56
1.285071217555439509e-37
0.000000000000000000e+00
1.841334461764036637e-32
2.807756191986731913e-38
1.661897018899226395e-46
3.412265972470344025e-65
1.115103457281513518e-18
4.136631546429536546e-36
3.761124974251710483e-44
5.166611050963285955e-41
2.254659050153199115e-36
1.073171451451633326e-18
7.364736729104372227e-20
0.000000000000000000e+00
6.329049238963847673e-38
0.000000000000000000e+00
4.007322502354238123e-19
0.000000000000000000e+00
1.153177961443418623e-14
2.923366680096030351e-31
7.131924433284406794e-20
1.553906607629287053e-38
7.277939862823113705e-29
3.000715813693662563e-47
1.240058925690304281e-27
0.000000000000000000e+00
1.613843044354362889e-22
9.639585293160527290e-37
3.370635226894266950e-55
5.462713095276218633e-36
0.000000000000000000e+00
7.118461227896677838e-31
8.841604948014397475e-37
3.925598503133546549e-45
8.061367785398743527e-64
3.160026745453026636e-16
1.172375421401447977e-33
2.664681736686372382e-41
3.659868186413207385e-38
7.985113371735276704e-35
1.140197129895857436e-16
3.129913521294992139e-18
0.000000000000000000e+00
2.689247263126988476e-36
0.000000000000000000e+00
5.840373728510434056e-19
0.000000000000000000e+00
8.407954656542734679e-15
2.126697772062190130e-31
3.466937252677131826e-19
7.545421658053289639e-38
1.411795307192891669e-28
5.811792091098449182e-47
7.234945320247165069e-27
0.000000000000000000e+00
7.818431373542131960e-22
8.421826718992111638e-36
2.940335885179127811e-54
1.590722526531175247e-35
0.000000000000000000e+00
1.382509208867789126e-30
7.728459383708340883e-36
1.710568659224437499e-44
3.514677929236357466e-63
6.921415482146750048e-16
2.563669598511523767e-33
4.621120616581300757e-41
6.346821981534304472e-38
8.150713463469408437e-34
4.435108713200768546e-16
3.176607357930889748e-17
0.000000000000000000e+00
2.728814910473335927e-35
0.000000000000000000e+00
0.000000000000000000e+00
0.000000000000000000e+00
0.000000000000000000e+00
0.000000000000000000e+00
0.000000000000000000e+00
0.000000000000000000e+00
0.000000000000000000e+00
0.000000000000000000e+00
0.000000000000000000e+00
0.000000000000000000e+00
0.000000000000000000e+00
0.000000000000000000e+00
0.000000000000000000e+00
0.000000000000000000e+00
0.000000000000000000e+00
0.000000000000000000e+00
0.000000000000000000e+00
0.000000000000000000e+00
0.000000000000000000e+00
0.000000000000000000e+00
0.000000000000000000e+00
0.000000000000000000e+00
0.000000000000000000e+00
0.000000000000000000e+00
0.000000000000000000e+00
0.000000000000000000e+00
0.000000000000000000e+00
0.000000000000000000e+00
0.000000000000000000e+00
1.566401499348909265e+00
7.183297320084491627e-05
7.464246251691608158e+00
8.063262247097119939e+01
8.390577258887571555e-02
1.704299153145230727e+00
2.219429144962687062e+01
2.836875678200627068e-02
1.518697402591119250e+01
4.090874111571702443e+00
1.659707574281022472e-10
4.683300390066985841e+00
3.820037105292680077e-10
4.468881480231238708e-11
0.000000000000000000e+00
0.000000000000000000e+00
1.105369983594084406e-12
4.200439087133659918e-03
4.643036189539887044e-17
1.678493218960383970e+01
1.730367737728472093e+03
1.872522570705778433e+00
0.000000000000000000e+00
2.797433325921936742e+01
1.376982025157850620e+00
2.278709748470807206e+00
2.136059035557784716e-02
8.046200490564453522e-02
3.651857608204915664e+02
1.192893384014313369e+02
3.895363006990602344e+02
1.174428981421754737e-11
8.201885694950650674e+00
1.476345361700460614e+02
1.252275071871351173e+02
2.546697590023707747e+01
6.462581648086791120e+01
5.753884310818664408e-14
7.718385475217882529e-12
1.130560764291016536e-09
2.177147698741544544e-09
2.408653546420588398e+01
5.155278587026125361e-09
6.467211782742469106e-01
2.099830106529078089e-01
1.051486733520420186e-01
2.839325589614039131e+02
1.476864779714978019e-13
9.996320720686235290e+03
3.506034989565872451e+00
4.625503771051778235e-01
8.163819850435780623e-01
2.592368307212450773e+01
9.235354747806774622e-02
9.236149482559785628e-01
1.078642542664577419e+01
3.781396607645804986e-01
1.043922028068852426e-01
6.229522298433923244e-02
4.623514225325716431e+00
2.659700953780052668e+00
9.569233465047842155e-03
1.919282433730893160e+02
1.610223667749648868e+01
3.489350176404852621e-02
4.909952865385182608e-01
7.753072737859677543e-01
1.712422335448217092e-01
2.085783338968119338e+01
2.304892639521733617e-13
7.049361184279313360e-11
3.428890530558107343e+02
0.000000000000000000e+00
2.561618338945763895e+01
2.527388464797754963e+01
2.237048829840539383e+02
2.127353978650626809e-01
8.453750010936598169e-01
6.513543957304625565e+01
0.000000000000000000e+00
1.011826692380301806e-11
2.608791609646020504e+01
3.532418143107669869e-10
3.228075520991685043e-01
1.308116565079325409e-10
3.741680668098698375e-04
1.706356818629502226e-02
2.800315487971968276e-01
7.303608148274780435e-17
5.238357528512622985e-02
0.000000000000000000e+00
4.897258453329292882e-01
1.599707502398988457e-01
4.989211188065658220e+00
4.922538805742365575e+00
2.546717484727974679e+01
3.379223108998314230e-15
7.721074616457288595e-15
6.642111223785844504e-11
1.517359165748447001e-10
7.184604764918072815e-14
1.474288694596127608e-03
1.029020688747392300e-03
9.255061852243173142e-04
1.611513803973032288e-01
2.267441477912870984e-03
5.491708793213302686e-02
0.000000000000000000e+00
1.311441246533146081e-13
1.059850593210441872e-12
8.930992671564721378e-04
1.661932822127945845e-13
2.697789289871796065e-13
0.000000000000000000e+00
1.034607004569532159e-12
3.533207384368843712e-02
1.248337115697719659e-04
4.144317106372564412e-04
1.353756776112317439e-04
1.168688116534857357e+02
3.761382466840962557e+00
5.191049517213607301e-01
9.478438035671400641e+00
3.096163291735173129e+00
6.371465137627105868e+00
0.000000000000000000e+00
0.000000000000000000e+00
0.000000000000000000e+00
0.000000000000000000e+00
5.816599920779172805e+01
6.797651576226625991e+01
0.000000000000000000e+00
0.000000000000000000e+00
0.000000000000000000e+00
0.000000000000000000e+00
0.000000000000000000e+00
2.958823231249327595e-03
4.987869330128613492e-03
3.162480333325427655e-04
5.502739314568716976e-04
2.289639852571557187e-03
5.376216566653199691e-03
5.376216566653199691e-03
5.376216566653199691e-03
5.376216566653199691e-03
2.524927765754192768e-02
3.794982358112791161e-06
1.263096528889838532e-02
5.376216566653199691e-03
5.376216566653199691e-03
5.376216566653199691e-03
5.376216566653199691e-03
5.376216566653199691e-03
5.376216566653199691e-03
5.376216566653199691e-03
5.376216566653199691e-03
5.376216566653199691e-03
5.376216566653199691e-03
5.376216566653199691e-03
5.376216566653199691e-03
5.376216566653199691e-03
5.717773419555999964e-04
9.420411206955300182e-03
4.703248135821100177e-03
1.498765032630679922e-02
2.770337121422000162e-04
2.087240296962000101e-04
1.361133672443100382e-03
5.578638961730717546e-04
4.631143471016900721e-03
3.081525674787600252e-03
6.324960666650855309e-04
9.822671889262342415e-03
2.731122303721799770e-03
2.764013640355971434e-03
2.030314072059728053e-03
9.474820849393707830e-04
2.670402238434909856e-02
5.348394143679886803e-03
7.589964716225611122e-06
6.437553583948027458e-03
1.629059178670790725e-02
1.010856502883195757e-02
4.517293354810365119e-02
3.431931528404284781e-03
3.744382593337000176e-04
1.137228720294085555e-03
1.026795677042364151e-02
4.680577543701436034e-05
0.000000000000000000e+00
2.417402769097385523e-03
3.101764587677085724e-03
2.023990590993499574e-05
4.979015364313429080e-03
4.209900051918724628e-01
1.335580791231830156e-02
1.264994119370919446e-06
0.000000000000000000e+00
2.876598116980071639e-03
2.529988238741870656e-06
1.264994119370919446e-06
3.491378804361870789e-04
6.552674503442572872e-04
0.000000000000000000e+00
1.411732940707742783e-03
6.698141876028270228e-03
3.077731188939657539e-03
0.000000000000000000e+00
2.302304192560719945e-04
2.392103879730400531e-03
2.656487650678969017e-05
3.162480333325427655e-04
4.882877300771000214e-04
1.467394171490614581e-03
3.679869879290728878e-03
3.509093190624743876e-03
2.523662771634742081e-03
5.059976477483741313e-06
0.000000000000000000e+00
2.642572715365800167e-03
1.717862014105700236e-03
1.570616400704835658e-02
1.295354474745957253e-03
8.514671941914400341e-03
1.065126041530614458e-03
6.583023439084012551e-03
6.108658091972769995e-03
0.000000000000000000e+00
3.794984344153529403e-03
1.539497843274399659e-03
2.301022813605128371e-03
7.665859894796084144e-03
1.264992133330171712e-03
3.162480333325439039e-04
4.483134690458785362e-03
1.470049268912804012e-02
1.143301337530309644e-02
1.712801541118042425e-03
2.738459170312168567e-02
8.598162546813212237e-03
6.056789360997013455e-03
7.880913363679998467e-04
4.099844947860785578e-03
4.154241184524257342e-03
8.614614918017573023e-04
8.111139314345256271e-03
5.439623666347171679e-05
1.264994119370919446e-06
1.011995295496748601e-05
2.418668011471944435e-02
1.781617618419988752e-02
5.676029110127556350e-03
7.211732964064268732e-03
1.693825636307028483e-03
1.674473013717424005e-02
1.315594877166114491e-03
1.896225688426842523e-03
7.587436714027625574e-03
2.771602612051857727e-03
3.219410530309157071e-03
4.133999789083785473e-03
1.788703174321072545e-03
2.909486474553155913e-05
1.945561452102657993e-03
0.000000000000000000e+00
5.059976477483741313e-06
2.530493392322292687e-02
0.000000000000000000e+00
6.324970596854693582e-06
5.059976477483741313e-06
0.000000000000000000e+00
9.550700636148428064e-04
5.266169525920785452e-03
4.933477065545999749e-04
8.032712658005000325e-04
2.024040242005716297e-05
0.000000000000000000e+00
