1.897392000000000053e+03
3.201558114595413826e+02
5.011440669008035975e+00
2.755320504753037767e+02
3.669197391991829704e+00
1.319748103131173680e-66
1.304232079474765225e-101
5.015845331547261310e+00
5.022749322123678972e+00
5.023168120902624878e+00
5.057326063422330265e+00
5.058686527357652452e+00
5.061783216015091291e+00
5.062207844277262225e+00
5.070438687244005926e+00
5.081108548355246946e+00
5.095892914929378570e+00
5.021134472623896450e+00
5.033746231259917714e+00
5.049817272053318540e+00
5.059652289631901390e+00
5.074016625642328471e+00
5.106514246392469758e+00
5.118800613216009765e+00
5.126566180543744800e+00
5.139622072439410161e+00
5.144620381306358681e+00
2.786198897314906553e-01
6.090279788941449368e+01
1.390813977840446292e+01
7.092502240673736243e-04
1.311318099180571495e-05
0.000000000000000000e+00
0.000000000000000000e+00
6.198800069425809767e+01
1.523051030120927010e+02
0.000000000000000000e+00
8.243034400697643704e+00
1.796932663979550870e+00
7.966827747085298142e+03
3.517000765817803742e+00
3.580241181041919629e-02
1.129768993846264038e+03
6.681563648903382502e-01
1.529924926526004425e+00
1.974438156768236396e+01
4.034931931219604806e+00
2.549301083591040684e-01
8.898341446276263333e-01
2.747662937877147993e+00
1.140856443432449296e+01
1.121945807460530187e+00
1.412903528289410531e+02
4.928057864817552769e+01
1.602120339883087041e+01
5.529830071836371985e+01
4.023490903398349694e+00
1.404772248838199822e+01
5.197487581002384616e+00
1.273414611934437168e+00
2.042537744462094551e+01
5.924864085806342828e-01
1.088151437583465793e+02
1.156073070818088766e+01
4.204814160213246943e+00
4.143816321990019702e+01
3.443603400550174776e+00
3.900550164804726272e+00
6.841837696185965045e-01
7.116751408477605878e+01
7.300454793347579407e-01
9.402885688977663747e+00
2.651895489121728744e+01
1.674039437728024282e+01
8.390206398030330970e-02
1.497720318032879916e-01
8.996395184150347632e+03
1.986662977562698718e+00
2.898655391607154019e+00
3.450065149817172494e-01
3.187382834996303066e-02
3.624166010203130200e-02
2.372838089307934255e-03
0.000000000000000000e+00
5.035549712347287432e+00
0.000000000000000000e+00
0.000000000000000000e+00
6.672071098499687825e-01
0.000000000000000000e+00
1.534410554586476927e+01
0.000000000000000000e+00
5.991100149221501329e-04
2.861873780560295240e-03
5.408848045786187499e-06
8.508260766346519688e+01
8.051329605096156639e-03
6.596634024377007340e-05
4.796805765511239272e+00
9.989139068689065858e-10
1.858279895436799558e-05
2.703231369201296820e-09
1.947118634708503393e+01
8.040340735863583271e-05
3.222242053133315380e+02
6.650377926055505928e-07
3.691749829027322072e-01
6.305525742422571511e+01
1.082744952835088404e-04
2.194923737588689559e-06
4.814807827389432759e+01
3.239556096760557455e-04
1.161461132879849885e+02
8.053115444632493783e-08
9.723662219983921970e-05
1.307251419783992015e-03
6.875779223222929559e+00
2.763915896475363163e-02
5.403473358226561641e-05
1.152358859430669021e-03
9.232687861962578764e-08
2.003818499460764814e-06
2.259987671212561963e+03
6.591537124587261393e-07
1.017542777725258620e-04
1.737086948951602244e+04
1.016239777620150768e-02
1.022436001684488976e-01
1.818683680864751977e+03
1.063976230836314154e-03
8.161032861684543518e-03
7.178767286233234124e-03
2.408967580758804988e-02
2.731540708534604726e-07
3.147657615605852222e-01
6.928318895733826773e-11
1.095857306787734645e-12
1.340415299421168422e-12
3.962854939509166999e-04
1.325814427002940935e-10
1.690360781293249737e-01
6.084745770161556599e+00
2.130832628266302968e-11
9.551373574686777607e-13
1.165632182958102115e-12
3.138563042899964805e-09
1.414542298831129033e-10
1.730011820789894615e-10
4.885720938115750383e-12
1.791365368618277547e-18
7.147594303434310854e-10
9.315712509461659316e-13
1.861781682188469414e-10
1.743945380930476260e-14
4.087804340295326418e-09
4.062928155685502023e-12
5.180017949912714595e-16
4.920226170914868578e-18
6.147566611610221907e-19
2.192556207951612038e-16
2.689678354204474359e-17
1.322307805056969578e-17
0.000000000000000000e+00
3.453728470684194463e+01
6.583727423639091114e+01
2.114679404723444651e-04
4.032116745399634897e-04
4.910721313374030744e-05
2.281879931376941555e-13
4.350363827290203552e-13
0.000000000000000000e+00
1.429146495063042366e+01
2.160542762324047634e-04
1.381282409277942103e+00
2.084644991590258595e-02
4.374749876404249345e-03
1.192792360546822916e+00
7.303387613952519985e-06
1.695995614650536462e-06
7.880748931727802115e-15
4.471882989590435893e-11
1.038462469791189535e-11
4.825402805733650791e-20
1.120556983958530934e-20
5.206869744805448425e-29
2.042450723366183996e-01
1.907944122507861020e-03
1.443074796295964690e+00
6.625028414744514593e-02
2.787237111324610991e-16
4.728609032930482689e-24
2.220642639510676149e-32
1.964453292346992712e-17
4.735542512933293972e-20
9.355573533293655298e-18
2.337245171383352309e-19
0.000000000000000000e+00
7.866096999949313628e-15
5.271427383808850470e-20
5.452424841329666279e-29
8.961130294782706969e-28
1.396287617321383228e-22
2.320098050073358014e-28
0.000000000000000000e+00
1.039568112075700476e-36
4.197610997137809279e-36
0.000000000000000000e+00
6.569456907732549504e-31
9.705378615181153109e-37
4.508919141563099236e-45
2.400022475665561399e-16
1.332171907772134063e-38
9.240927632483266578e-17
5.647223510764129897e-18
0.000000000000000000e+00
1.528197420836540749e-31
1.116118405862446756e-38
2.166314168822525844e-47
4.547440861911600114e-47
3.583691217573207159e-55
8.921489032669507135e-64
8.342280571119669922e-34
1.120859082952477104e-41
6.262651439957625318e-34
5.883312826612628287e-36
0.000000000000000000e+00
6.585212119544872067e+00
4.032122056869881949e-05
4.350881709957230858e-14
2.323568864301237950e-19
0.000000000000000000e+00
7.742489964048210248e-15
1.504191149711255643e-31
5.240203377484074425e-20
1.109350404613828791e-38
5.420173139416525058e-29
2.153369602422160337e-47
8.952936471789934521e-28
0.000000000000000000e+00
1.387803153526949134e-22
1.038472228559792979e-36
3.579469524366481407e-55
4.193760171669794527e-36
0.000000000000000000e+00
6.530759849158507558e-31
9.695464559502331512e-37
4.504399610156821518e-45
8.912372909755674296e-64
2.398018989686286830e-16
8.334536080043723680e-34
1.119424064528107357e-41
1.330407161170423023e-38
6.256070516005846431e-34
9.231021021787193300e-17
5.640871450537988115e-18
0.000000000000000000e+00
5.875814328526347460e-36
0.000000000000000000e+00
6.597273442608570492e-18
0.000000000000000000e+00
6.791455213685038994e-36
0.000000000000000000e+00
1.627915107583903605e-23
0.000000000000000000e+00
5.450618009178109650e-19
1.047281090375047741e-35
3.670679737031699706e-24
7.685692946281531055e-43
3.757941031363988370e-33
1.475218703660951324e-51
6.378329151146710533e-32
0.000000000000000000e+00
9.732721580490530866e-27
7.311818110171262946e-41
2.489874367189722566e-59
2.950445407129027237e-40
0.000000000000000000e+00
4.522027843419142996e-35
6.816680571356457703e-41
3.132551627106716129e-49
6.126827460354692358e-68
1.691335173482521316e-20
5.805167190083133038e-38
7.789051606046224691e-46
9.217926325943246037e-43
4.413200449132923481e-38
6.538323909193636703e-21
3.983363644595302026e-22
0.000000000000000000e+00
4.097422931485741639e-40
0.000000000000000000e+00
1.466216325973826090e-18
0.000000000000000000e+00
1.349029924646248381e-13
2.557811363272375006e-30
3.304971609247862918e-19
6.821922414467101541e-38
3.338852389019541931e-28
1.291746544131942289e-46
4.527725077773112912e-28
0.000000000000000000e+00
8.769106380391355819e-22
5.164156053763433576e-37
1.749765168117374698e-55
2.083451599057076701e-36
0.000000000000000000e+00
4.009725003397589669e-30
4.812497250054359786e-37
2.201413798068938639e-45
4.286004544468193644e-64
1.206346345666619696e-16
4.118513601110160324e-34
5.472301350290235233e-42
6.465291121411029002e-39
3.147003087042914561e-34
4.670358529858040259e-17
1.275010414252117864e-17
0.000000000000000000e+00
1.078087501580961899e-35
0.000000000000000000e+00
1.467507887123630295e-18
0.000000000000000000e+00
1.350205103906424165e-13
2.560068057249888101e-30
3.307883675380363319e-19
6.828012766987929649e-38
3.341830493348947747e-28
1.292914898179164485e-46
4.534146522129590090e-28
0.000000000000000000e+00
8.776825577483468358e-22
5.171542771904458536e-37
1.752289998257057864e-55
2.086433215677173197e-36
0.000000000000000000e+00
4.013307676305378667e-30
4.819387444330269638e-37
2.204590685933924812e-45
4.292241287828234532e-64
1.208061622505373183e-16
4.124423011353034933e-34
5.480197561679846984e-42
6.474648571982950071e-39
3.151477792945757184e-34
4.676979977899545182e-17
1.275107430401216809e-17
0.000000000000000000e+00
1.078184323772666506e-35
0.000000000000000000e+00
1.572445145744475169e-17
0.000000000000000000e+00
1.327783767588336211e-35
0.000000000000000000e+00
7.707144557293527616e-23
0.000000000000000000e+00
2.853435896883181182e-18
5.540655129411188088e-35
1.545132609845526196e-23
3.269264965019252173e-42
2.196397530376553966e-32
8.722806335143549498e-51
2.310451422138569388e-31
0.000000000000000000e+00
4.092147322311587874e-26
3.444315593173760886e-40
1.186761639469231581e-58
1.545469128666114096e-39
0.000000000000000000e+00
2.646048849918024220e-34
3.215378196950190941e-40
1.991140588984013134e-48
3.938279309025728112e-67
1.767698599666854978e-20
6.141783458573597762e-38
4.123298933562065771e-46
4.900082374951215826e-43
1.844685956535631877e-37
2.722250622658158412e-20
1.215877666465342215e-21
0.000000000000000000e+00
1.251358841050215599e-39
0.000000000000000000e+00
4.870183938382598783e-22
0.000000000000000000e+00
4.978746279823768916e-17
9.439894012632196609e-34
9.758087907407322765e-23
2.014206401114907584e-41
1.355485577500691494e-31
5.244177785777332990e-50
1.170363997227752416e-31
0.000000000000000000e+00
2.589120819736048324e-25
1.716258661201882354e-40
5.815212182544188514e-59
7.693545050243095689e-40
0.000000000000000000e+00
1.627850418489038645e-33
1.599396348602554430e-40
9.754976381080075396e-49
1.899229170097830446e-67
8.909327750083622962e-21
3.041680895733808401e-38
2.020659699459700381e-46
2.387323843501992850e-43
9.296296525743638519e-38
1.379631015861107949e-20
2.899128976851544681e-21
0.000000000000000000e+00
2.448021661514936819e-39
0.000000000000000000e+00
4.082801599296461567e-20
0.000000000000000000e+00
1.359374749279190744e-15
2.641910303650200681e-32
6.905405107995083960e-21
1.460921115570288826e-39
7.140454161420712831e-30
2.836205849336966950e-48
1.179979534261869851e-28
0.000000000000000000e+00
1.828957870722244975e-23
9.121843007656573651e-38
3.143411240155519170e-56
5.526248039819259320e-37
0.000000000000000000e+00
8.604515511281725857e-32
8.517121958389891948e-38
3.956133238056720289e-46
7.825695832055058044e-65
4.213992608990438953e-17
1.464242974868776551e-34
2.457776545040306741e-42
2.920464958034699032e-39
5.495935994729168915e-35
2.433079109389189795e-17
4.347348233942507964e-19
0.000000000000000000e+00
4.473910817804986232e-37
0.000000000000000000e+00
5.981137545371037873e-20
0.000000000000000000e+00
9.958062726434154888e-16
1.931666361535307103e-32
3.374009477759972702e-20
7.130050902606880255e-39
1.392292601847086315e-29
5.521280817305979202e-48
6.919683752767821551e-28
0.000000000000000000e+00
8.903458468206679387e-23
8.010384992547925069e-37
2.756017155485428882e-55
1.617518122902745021e-36
0.000000000000000000e+00
1.679177457311415436e-31
7.482317009721837068e-37
1.732800916077344058e-45
3.429465107214098363e-64
9.274458813666078564e-17
3.216996013805618906e-34
4.273837249710252999e-42
5.075920642535154699e-39
5.636234786514180936e-34
9.510448397608626683e-17
4.428821397324568755e-18
0.000000000000000000e+00
4.550027511226229783e-36
0.000000000000000000e+00
5.157754943666002066e-20
0.000000000000000000e+00
8.592516269921429970e-16
1.669057231033509470e-32
2.908411702335122644e-20
6.156094952303233437e-39
1.202965532079498081e-29
4.779076711642147512e-48
5.963541991615981990e-28
0.000000000000000000e+00
7.702704790688232389e-23
6.915050321141200745e-37
2.383443268013553430e-55
1.396480423567395278e-36
0.000000000000000000e+00
1.449600124180658532e-31
6.456728660734005785e-37
1.499666992249737186e-45
2.966726230793408757e-64
7.985970601224413560e-17
2.775089092234307002e-34
3.724101340185109115e-42
4.425725330158177652e-39
4.857726748036437740e-34
8.192152413534631720e-17
3.844406143808428100e-18
0.000000000000000000e+00
3.956824624637823942e-36
0.000000000000000000e+00
7.273660208247815416e-22
0.000000000000000000e+00
7.435760769796909501e-17
1.409833219614235932e-33
1.457387083985205211e-22
3.008216954665108287e-41
2.024406784496233943e-31
7.832087890505703213e-50
1.747970458928124454e-31
0.000000000000000000e+00
3.866899369757737493e-25
2.563232572173910600e-40
8.684965116182110669e-59
1.149037263007009917e-39
0.000000000000000000e+00
2.431192585851144537e-33
2.388710063358624894e-40
1.456896387781308391e-48
2.836446810482355805e-67
1.330627549592036779e-20
4.542758517238348644e-38
3.017689511695942374e-46
3.565256822462412069e-43
1.388354560778658354e-37
2.060417121835655813e-20
4.329876119328458401e-21
0.000000000000000000e+00
3.656116487163338478e-39
0.000000000000000000e+00
5.813037802572795918e-21
0.000000000000000000e+00
2.152175835013085830e-16
4.178980617560000118e-33
1.165401179631941634e-21
2.465808874045755261e-40
1.656609943561053831e-30
6.579081581968721642e-49
1.742636140735726758e-29
0.000000000000000000e+00
3.086462218012203657e-24
2.597840779584972765e-38
8.951025843234404441e-57
1.165654671031214438e-37
0.000000000000000000e+00
1.995754250344847951e-32
2.425166584525211783e-38
1.501796903418533894e-46
2.970404089918784478e-65
1.333269390645925140e-18
4.632377558895789781e-36
3.109954664935139207e-44
3.695834920129216821e-41
1.391336428533212659e-35
2.053231500443836731e-18
9.170639586808065853e-20
0.000000000000000000e+00
9.438249006105589412e-38
0.000000000000000000e+00
3.710175967425482934e-19
0.000000000000000000e+00
1.235259217295902300e-14
2.400741873737166063e-31
6.275149242709582681e-20
1.327540292922722928e-38
6.488656722118221279e-29
2.577284225294674000e-47
1.072290583727187510e-27
0.000000000000000000e+00
1.662035603053927177e-22
8.289239098283980638e-37
2.856460888558651031e-55
5.021861596043181414e-36
0.000000000000000000e+00
7.819119115693864684e-31
7.739745876034489027e-37
3.595014162606758404e-45
7.111281105573632752e-64
3.829407757742606921e-16
1.330595234845710545e-33
2.233432309893176694e-41
2.653862914545907305e-38
4.994337912672075584e-34
2.211029919664171087e-16
3.950588302148272938e-18
0.000000000000000000e+00
4.065540740997154088e-36
0.000000000000000000e+00
5.919571928434161840e-19
0.000000000000000000e+00
9.855518512197088779e-15
1.911756430646363524e-31
3.339289322173189835e-19
7.056598968582393640e-38
1.377942453234487283e-28
5.464305248526987907e-47
6.848487198199636872e-27
0.000000000000000000e+00
8.811612808389417980e-22
7.927872174672561554e-36
2.727594004823455584e-54
1.600855607062927435e-35
0.000000000000000000e+00
1.661880415175332510e-30
7.405263550398920035e-36
1.714921331102344635e-44
3.394089550798579002e-63
9.179088817108458003e-16
3.183874849339139345e-33
4.229533597277287130e-41
5.023280502376682010e-38
5.578240364311360662e-33
9.412627589704376457e-16
4.383271108624927066e-17
0.000000000000000000e+00
4.503218984702780205e-35
0.000000000000000000e+00
0.000000000000000000e+00
0.000000000000000000e+00
0.000000000000000000e+00
0.000000000000000000e+00
0.000000000000000000e+00
0.000000000000000000e+00
0.000000000000000000e+00
0.000000000000000000e+00
0.000000000000000000e+00
0.000000000000000000e+00
0.000000000000000000e+00
0.000000000000000000e+00
0.000000000000000000e+00
0.000000000000000000e+00
0.000000000000000000e+00
0.000000000000000000e+00
0.000000000000000000e+00
0.000000000000000000e+00
0.000000000000000000e+00
0.000000000000000000e+00
0.000000000000000000e+00
0.000000000000000000e+00
0.000000000000000000e+00
0.000000000000000000e+00
0.000000000000000000e+00
0.000000000000000000e+00
0.000000000000000000e+00
0.000000000000000000e+00
0.000000000000000000e+00
1.546436827571665340e+00
7.183298907398947121e-05
6.687549680378278794e+00
6.787386000869949498e+01
9.587528704894364429e-02
1.826032535306150395e+00
2.241350362616762126e+01
3.188733951195889260e-02
1.477338084191714174e+01
4.520947915699943032e+00
1.166107618093566459e-10
3.886420199699588629e+00
3.690991814918588687e-10
2.878707922414454148e-11
0.000000000000000000e+00
0.000000000000000000e+00
1.196633514540370157e-12
4.200439290231724326e-03
5.026382900696193968e-17
1.392892255417712555e+01
1.508481677873652870e+03
1.997572679186411904e+00
0.000000000000000000e+00
2.882536259255150313e+01
1.514076164246795697e+00
2.081329825780898091e+00
3.061843976391149733e-02
8.496853615017610495e-02
4.147455667342559877e+02
1.191977423213880201e+02
3.423275915908529328e+02
1.557464809016956810e-11
7.689666597273161486e+00
1.384147886929767139e+02
1.143221129850094258e+02
2.179793311824014879e+01
5.531419348695446558e+01
8.588933321877165276e-14
1.345245267873700736e-11
1.035561145317747704e-09
1.817894463615974378e-09
2.964251392267271612e+01
5.288453986530405048e-09
6.467211741583063223e-01
1.277205065664636097e-01
6.404613602280131990e-02
1.801204094393561377e+02
1.599658923372011374e-13
9.996259029450531671e+03
3.563506154968507200e+00
4.372124858039770912e-01
8.074492019898341644e-01
2.518956521137375759e+01
9.002034369484365750e-02
9.002811940419132020e-01
1.046721234458991390e+01
3.729647421588667133e-01
1.025399722143700287e-01
9.521520156672330648e-02
2.894606345015000137e+00
2.639288058982611318e+00
9.332480663333267423e-03
1.960149036780963741e+02
1.603189014589372974e+01
3.721387319603934596e-02
5.100492535889842305e-01
7.639777361609347839e-01
1.897065253576774579e-01
2.111999559402604376e+01
2.526379756195830318e-13
7.742111704884654784e-11
3.452150649289652051e+02
0.000000000000000000e+00
2.924124971698788755e+01
2.696622619400360676e+01
2.097409183824720458e+02
1.497645420787748760e-01
5.952866950599282614e-01
8.101301816777271370e+01
0.000000000000000000e+00
1.742096950041747776e-11
2.889582263574786225e+01
2.519450845377372680e-10
3.087348726019176759e-01
8.049139910556739848e-11
4.577615220621019873e-04
1.828069714190553446e-02
2.886903223609619262e-01
6.892733083344057427e-17
4.637337107424428784e-02
0.000000000000000000e+00
5.873370148333816321e-01
1.688002632269748060e-01
5.005041627961520412e+00
4.615629861011902868e+00
2.179811245974762812e+01
4.318046905278416418e-15
1.080640047340128714e-14
5.207465641980606480e-11
1.303083179818364437e-10
7.928386766808263597e-14
1.416372009010992417e-03
1.003832929638775757e-03
9.021078048722708026e-04
1.604249717434372835e-01
2.295929991005141602e-03
5.348748315929264391e-02
0.000000000000000000e+00
8.079586594216976182e-14
7.562034645247493465e-13
6.128679894514409317e-04
1.183098961562369656e-13
3.817178181562740165e-13
0.000000000000000000e+00
1.691623101263723957e-12
4.090348565701524414e-02
1.672808474873229247e-04
6.307165532224847737e-04
1.812676138055797795e-04
1.135034232003362433e+02
3.494482705038629344e+00
4.330761226555978061e-01
8.980784325696017589e+00
2.581065086652233553e+00
4.497730207415724379e+00
0.000000000000000000e+00
0.000000000000000000e+00
0.000000000000000000e+00
0.000000000000000000e+00
5.908268543501394987e+01
6.705982953504940269e+01
0.000000000000000000e+00
0.000000000000000000e+00
0.000000000000000000e+00
0.000000000000000000e+00
0.000000000000000000e+00
6.437551597907298882e-03
6.252861463458784554e-03
7.261061280086426569e-04
1.815266064787042759e-03
2.605887885904099952e-03
5.376216566653199691e-03
5.376216566653199691e-03
5.376216566653199691e-03
5.376216566653199691e-03
1.924056502422361384e-02
3.794982358112791161e-06
1.389595742222855639e-02
5.376216566653199691e-03
5.376216566653199691e-03
5.376216566653199691e-03
5.376216566653199691e-03
5.376216566653199691e-03
5.376216566653199691e-03
5.376216566653199691e-03
5.376216566653199691e-03
5.376216566653199691e-03
5.376216566653199691e-03
5.376216566653199691e-03
5.376216566653199691e-03
5.376216566653199691e-03
5.717773419555999964e-04
9.420411206955300182e-03
4.703248135821100177e-03
1.498765032630679922e-02
2.770337121422000162e-04
2.087240296962000101e-04
7.286376057780148512e-04
8.741119295056144116e-04
4.631143471016900721e-03
4.030269774785228548e-03
5.009371747606428246e-04
3.813959255944029438e-03
1.466130170391628709e-03
6.242742007013942288e-03
1.264992133330171062e-03
2.844970284934627593e-03
2.449028615102129963e-02
4.083402010349714874e-03
7.589964716225612816e-06
5.805057517282941927e-03
2.451304065335403043e-02
7.262332728839071376e-03
3.948046894811788055e-02
4.064427595069370312e-03
0.000000000000000000e+00
1.884846202964572583e-04
9.002964637093466976e-03
3.630538087695571394e-04
4.085931005567999840e-04
2.733650802429927421e-03
2.153020487679457428e-03
2.023990590993499574e-05
7.192751597641228872e-03
4.102375720585659802e-01
1.145831971232304410e-02
1.264994119370919446e-06
0.000000000000000000e+00
3.192846150312614838e-03
2.529988238741870656e-06
1.264994119370919446e-06
3.288984710364429312e-05
1.287763517009342818e-03
0.000000000000000000e+00
4.629888407101145410e-04
2.586917442705214711e-03
4.658971355602370933e-03
0.000000000000000000e+00
5.464784525886147871e-04
2.392103879730399230e-03
3.162480333325427655e-04
1.897491179056000397e-04
8.045357634096427868e-04
3.048634338153328408e-03
5.893606112618529104e-03
2.244101057294571946e-03
2.839910804967285714e-03
5.059976477483740466e-06
0.000000000000000000e+00
1.693828615368171003e-03
1.717862014105700236e-03
9.381203340397499535e-03
1.611602508078500019e-03
1.009591210857711287e-02
3.595110308190957015e-03
3.420543105758584897e-03
7.689898258635483388e-03
3.162480333325427655e-04
7.589960744144042155e-03
1.855745876606942641e-03
1.352278713607500075e-03
3.554635461473029494e-03
6.324960666650860730e-04
6.324960666650860730e-04
6.064374857121499623e-03
8.059283989144641613e-03
8.903029108642756054e-03
1.080305474452957328e-03
2.548710350312642994e-02
9.546906646810840100e-03
5.740541327664470256e-03
4.718433030354567017e-04
1.886108714532986870e-03
3.205497084526629046e-03
1.177709525134299851e-03
6.529899147682542010e-03
2.268132469991271122e-03
1.264994119370919446e-06
1.011995295496748601e-05
1.881046354806621343e-02
2.097865651752531257e-02
5.676029110127556350e-03
1.227170149738495905e-02
0.000000000000000000e+00
2.465093097048780962e-02
1.948090943831200022e-03
1.579977655094299757e-03
6.322444580697454512e-03
2.455354578719314961e-03
3.219410530309157505e-03
4.133999789083785473e-03
1.472455140988529563e-03
0.000000000000000000e+00
3.210553585432829055e-03
0.000000000000000000e+00
5.059976477483741313e-06
1.708248505657680716e-02
0.000000000000000000e+00
6.324970596854693582e-06
5.059976477483741313e-06
4.933477065546644307e-05
3.225739969497572754e-04
4.949921492588242253e-03
3.162480333325427655e-04
1.435767332465585563e-03
2.024040242005716297e-05
0.000000000000000000e+00
