1.897392000000000053e+03
1.925832056695382732e+02
7.835708460873473946e+00
1.871679456170745652e+02
3.421597946461034656e+00
7.578585717584865081e-71
1.594385145554272279e-101
7.844191591134202390e+00
7.858340814764618543e+00
7.859202697488216316e+00
7.957393861301887306e+00
7.961354847278220070e+00
7.970608710172063738e+00
7.971882066454379689e+00
7.997547574577474450e+00
8.031475785092435871e+00
8.078769945600548397e+00
7.855416371962681943e+00
7.886117780772722519e+00
7.932947116861666537e+00
7.963447285360494732e+00
8.009676146956863363e+00
8.113752531416880132e+00
8.152668832818111611e+00
8.177000110063083582e+00
8.216641776030396471e+00
8.231602860556996859e+00
6.171651831860160975e-01
6.370086929016185451e+01
1.199625232193531765e+01
4.336673351645624385e-04
1.325142635848580472e-05
0.000000000000000000e+00
0.000000000000000000e+00
4.272507999873462126e+01
1.528862994919209086e+02
0.000000000000000000e+00
7.230048210514114615e+00
1.747263921438035661e+00
7.975728925628754951e+03
2.874233618376444088e+00
3.073557507740573916e-02
1.127260795173395536e+03
7.147392361228676050e-01
1.441393152832660451e+00
1.696422063891515108e+01
3.438139941266231236e+00
2.549383146870303207e-01
8.905740179555220459e-01
2.750577793566791662e+00
1.140895329101911670e+01
1.121300412178023009e+00
1.412995793218330789e+02
4.918202312275536059e+01
1.601722240876303616e+01
5.529828240661764482e+01
4.021631631310032873e+00
1.403813609225089287e+01
5.232711109429763141e+00
1.279657244864989440e+00
2.039395658123623534e+01
5.981514342333394962e-01
1.088038522199240958e+02
1.163133783430610890e+01
4.204524452549406099e+00
4.163438238848435446e+01
3.443774070797093412e+00
3.900712197436743356e+00
6.842084047070368102e-01
7.116750419581924803e+01
7.300736650928343341e-01
9.402922598164144219e+00
2.651894032686744040e+01
1.674040161219569711e+01
8.376016703690608578e-02
1.497720318032879916e-01
8.986581861102344192e+03
1.616030680267267927e+00
2.895381745075444435e+00
2.909538075548727676e-01
3.188590289627174501e-02
3.645032406728118679e-02
2.370456928427460298e-03
0.000000000000000000e+00
4.676387193266815956e+00
0.000000000000000000e+00
0.000000000000000000e+00
6.460477704096946328e-01
0.000000000000000000e+00
1.598692476452351663e+01
0.000000000000000000e+00
6.020756305516982961e-04
2.861844643961934664e-03
5.435914451290254397e-06
8.809788166730457704e+01
8.374862387103779865e-03
8.780083241637726208e-05
4.889392398871839518e+00
1.355232464027346031e-09
2.559190298527224810e-05
3.878810351927397288e-09
1.521477242323406642e+01
8.362199843319235580e-05
3.225941185912241167e+02
8.861913936524589910e-07
3.809066337285703652e-01
6.441158801546724533e+01
1.110628678818346374e-04
2.985060259943670893e-06
3.560699291958535895e+01
3.258335465457841982e-04
1.189689997616974324e+02
1.121822145888944556e-07
1.433035351613818232e-04
1.937644065406488253e-03
5.085100206391755862e+00
3.019246086314760283e-02
1.187126924867654647e-04
1.846869297388179518e-03
4.455955154064478625e-07
6.910561697662693832e-06
2.259964547039020545e+03
3.181116584883066936e-06
3.045766237082944087e-04
1.759562781474420626e+04
3.081124697951340141e-02
3.077907623295737527e-01
1.903949990033309177e+03
3.333956201573901566e-03
2.245865171865633544e-02
2.153409138200459635e-02
7.398605848988840106e-02
2.516407634673480250e-06
4.474672614997576292e-01
4.666366103026265845e-11
1.120382717344533375e-12
1.431949519966948377e-12
8.105438548811617861e-04
1.055851575786022240e-10
2.653399855247741690e-01
6.094948383850635309e+00
1.835097369720123422e-11
2.156219610631016156e-12
4.351574330360927842e-13
1.992382149318009399e-09
2.321562280863599015e-10
4.898164267727408189e-11
4.865008990836885272e-12
1.827099620063494190e-18
5.214649730282784324e-10
9.665189234067641009e-13
1.927352273261249674e-10
1.689018238273810448e-14
3.636942570007456338e-09
3.645772523209342965e-12
7.670105764988842432e-16
4.889695758112733009e-18
6.109478306110557943e-19
1.782811110819354343e-16
7.465539373476170241e-17
6.943510894253470770e-18
0.000000000000000000e+00
3.072660717668001951e+01
6.103648326854327877e+01
2.058312948837935869e-04
4.089262431355902686e-04
4.921085666350550513e-05
2.207766428021542900e-13
4.385626083924371577e-13
0.000000000000000000e+00
1.487099431119184345e+01
2.160542467987823674e-04
2.067403948714679807e+00
3.565238810237109091e-02
4.861306723615034346e-03
9.441162226138191116e-01
6.324426901698397328e-06
1.512065202537073177e-06
6.783562733583284335e-15
4.236658644801501562e-11
1.012914563069547316e-11
4.544228297719705399e-20
1.086449347610948460e-20
4.874126654014823747e-29
2.211438873518805914e-01
4.274135330937750381e-03
1.543075311848105757e+00
1.612988951529682052e-02
4.798441441601043956e-16
5.561648013989464043e-24
2.558932895935521444e-32
1.945629860550102660e-17
3.850299123948310088e-20
2.224356723357852774e-17
3.947151566516026382e-19
0.000000000000000000e+00
1.243685121553745716e-14
9.078855258746355248e-20
9.119076730907376150e-29
1.017036141919502375e-27
1.473938592560273597e-22
2.732324661325395737e-28
0.000000000000000000e+00
1.173864451002387645e-36
4.684505099413823763e-36
0.000000000000000000e+00
6.809547543528176976e-31
1.112260646974839636e-36
5.001509197957926220e-45
2.470579433772209104e-16
8.906013248105622778e-39
3.063858460415754974e-16
3.717340531737909269e-18
0.000000000000000000e+00
3.777212935355468738e-31
1.891980890347532122e-38
3.538758670089327825e-47
5.479092112627995662e-47
4.118369572783076771e-55
1.018503148350879337e-63
8.417931899119747116e-34
7.409597285923555812e-42
5.052983550489348509e-33
2.184188954854229680e-36
0.000000000000000000e+00
6.104414593406604972e+00
4.089258113796605812e-05
4.386131534790265886e-14
3.928412337145906893e-19
0.000000000000000000e+00
1.228001975181907731e-14
3.729556389596217816e-31
9.034943344109621434e-20
1.882592308238025603e-38
9.075273477541294083e-29
3.521589663312398425e-47
1.016142390863417072e-27
0.000000000000000000e+00
1.466666870457821802e-22
1.172675562188226787e-36
4.113721454156629011e-55
4.680553524433856618e-36
0.000000000000000000e+00
6.777142592212151548e-31
1.111182889215809918e-36
4.996895549009059770e-45
1.017536223209820840e-63
2.468760701653034340e-16
8.411091968381873336e-34
7.400788439205151973e-42
8.895350544326405722e-39
5.047613426494049823e-33
3.060628807213781064e-16
3.713774522588408365e-18
0.000000000000000000e+00
2.182030009654774375e-36
0.000000000000000000e+00
4.336051092723491596e-18
0.000000000000000000e+00
2.541803536229025782e-36
0.000000000000000000e+00
2.739141401325846332e-23
0.000000000000000000e+00
8.664570928574160903e-19
2.596863185590492508e-35
6.295079386931538092e-24
1.298328082195053113e-42
6.267812207920917060e-33
2.407059616312103776e-51
7.183314647292436677e-32
0.000000000000000000e+00
1.028225876716633923e-26
8.194532676746718595e-41
2.839800088161948605e-59
3.269723587962513924e-40
0.000000000000000000e+00
4.694522831829003821e-35
7.760587602823781039e-41
3.451363383331880665e-49
6.941196558728881190e-68
1.736310512619290356e-20
5.853126987647194689e-38
5.113835192507089847e-46
6.153501060775907515e-43
3.526062806523344206e-37
2.154466825395376954e-20
2.640359349362986849e-22
0.000000000000000000e+00
1.547621347360999118e-40
0.000000000000000000e+00
1.977126598779825017e-18
0.000000000000000000e+00
1.733721630455350638e-13
5.103692988632272740e-30
4.537863575221330341e-19
9.235505351419965121e-38
4.467016953668968485e-28
1.693588292907177751e-46
4.293728876124392733e-28
0.000000000000000000e+00
7.471120725265889208e-22
4.874042412217941998e-37
1.680508593031224283e-55
1.945114373583333192e-36
0.000000000000000000e+00
3.360761537690185443e-30
4.615019986878688712e-37
2.043566405211343465e-45
4.089454630404543560e-64
1.045191075417255485e-16
3.507478124786746478e-34
3.026745735793612344e-42
3.646395192158336089e-39
2.115216508125575356e-33
1.296588604341136851e-16
8.504141007459407944e-18
0.000000000000000000e+00
4.674956497041584776e-36
0.000000000000000000e+00
1.978875390000557778e-18
0.000000000000000000e+00
1.735222190057855057e-13
5.108182541231605692e-30
4.541881660625932417e-19
9.243783958974057739e-38
4.471014076874346092e-28
1.695122375071171833e-46
4.299851677222375625e-28
0.000000000000000000e+00
7.477688032578409523e-22
4.881051319874053196e-37
1.682946702301053137e-55
1.947911672047004802e-36
0.000000000000000000e+00
3.363757113358937159e-30
4.621658957895094978e-37
2.046529529037269936e-45
4.095437939909556204e-64
1.046679885946444204e-16
3.512512912147408599e-34
3.031134492920635545e-42
3.651676152604299459e-39
2.118245139043854524e-33
1.298434880390536968e-16
8.504719772423036775e-18
0.000000000000000000e+00
4.675291156433598332e-36
0.000000000000000000e+00
1.038956617707924375e-17
0.000000000000000000e+00
5.709431626090246908e-36
0.000000000000000000e+00
1.607650113676044131e-22
0.000000000000000000e+00
5.585579543019906767e-18
1.695224095786832430e-34
3.286817255145971235e-23
6.844493001897618952e-42
4.537048535443460608e-32
1.759908536374412604e-50
3.234995172544917360e-31
0.000000000000000000e+00
5.336558937488425750e-26
4.797855732486332507e-40
1.682339648394376782e-58
2.127742320818861327e-39
0.000000000000000000e+00
3.388046028825902493e-34
4.545887288073800427e-40
2.724601366097132041e-48
5.545732326957759693e-67
2.245326395063986049e-20
7.647381080317853014e-38
3.362557960195959607e-46
4.041895955049567408e-43
1.835895726620489292e-36
1.113516068122562378e-19
9.863103015087113695e-22
0.000000000000000000e+00
5.782221496961329708e-40
0.000000000000000000e+00
8.105398667502669608e-22
0.000000000000000000e+00
7.897149898870544518e-17
2.324744301897688074e-33
1.653641085850377563e-22
3.365504705713422768e-41
2.238243921069931278e-31
8.485937652482067801e-50
1.369835934464839968e-31
0.000000000000000000e+00
2.722549210378369896e-25
1.999240010861091380e-40
6.893162231852139121e-59
8.865040528273796919e-40
0.000000000000000000e+00
1.683953380676364177e-33
1.893004587594597694e-40
1.117648591848134286e-48
2.236565259079114817e-67
9.527119782298741353e-21
3.197132376085535033e-38
1.379396053042251437e-46
1.661792597006139732e-43
7.711845570182916345e-37
4.727220946205697424e-20
2.364208080532913807e-21
0.000000000000000000e+00
1.299216114283282672e-39
0.000000000000000000e+00
6.062211149200921129e-20
0.000000000000000000e+00
1.893882527097352634e-15
5.753737857563436005e-32
1.045616440573983893e-20
2.177343133688910338e-39
1.050002906371530411e-29
4.073714287642911922e-48
1.176070392116363476e-28
0.000000000000000000e+00
1.697677525002668133e-23
9.045579773841969978e-38
3.172405340322900407e-56
5.416241465572934183e-37
0.000000000000000000e+00
7.842673525962141392e-32
8.572153985090809055e-38
3.853980277673365039e-46
7.845948513000808536e-65
3.810073868085255928e-17
1.297814497248471536e-34
1.426940176681950604e-42
1.714939831296152227e-39
3.893842292847197456e-34
7.084380730000979589e-17
2.509863664201562600e-19
0.000000000000000000e+00
1.471136678205385877e-37
0.000000000000000000e+00
9.411972267989776104e-20
0.000000000000000000e+00
1.472259401123956884e-15
4.463160086003456254e-32
5.413998232692085643e-20
1.126231077894566047e-38
2.170058478271349536e-29
8.407525067174102119e-48
7.304621068034522055e-28
0.000000000000000000e+00
8.763703023195829089e-23
8.413328308324217032e-37
2.946006061843600430e-55
1.679194116864923258e-36
0.000000000000000000e+00
1.623146699656802711e-31
7.977351039612358999e-37
1.788056121809039921e-45
3.641525914947600900e-64
8.887336640997741740e-17
3.022742452809801455e-34
2.628433964513143763e-42
3.159352580816300321e-39
4.228172674131271140e-33
2.933559610739338246e-16
2.713447659192164629e-18
0.000000000000000000e+00
1.590024849901931537e-36
0.000000000000000000e+00
1.228113158191602554e-19
0.000000000000000000e+00
1.919622234992855497e-15
5.828940820983916334e-32
7.062289362322009311e-20
1.471329547615246526e-38
2.836748513605964729e-29
1.100767922938670958e-47
9.531900706916328263e-28
0.000000000000000000e+00
1.146540719661548584e-22
1.099677300171802767e-36
3.857520625414726577e-55
2.194914901227618587e-36
0.000000000000000000e+00
2.118745219869540785e-31
1.042132956949400664e-36
2.342870419198558625e-45
4.769988875510425066e-64
1.157901610003510872e-16
3.944359369019311762e-34
3.467356158807894815e-42
4.167582714424658333e-39
5.519390192183597040e-33
3.825216054464564293e-16
3.559068812274615842e-18
0.000000000000000000e+00
2.086261397878884860e-36
0.000000000000000000e+00
1.419834741023552491e-21
0.000000000000000000e+00
1.383361052215254363e-16
4.072248467124945204e-33
2.896722628382966144e-22
5.895371254375345908e-41
3.920725199030206458e-31
1.486472023667364199e-49
2.399582562875806952e-31
0.000000000000000000e+00
4.769184918095937954e-25
3.502065479890916123e-40
1.207466154432935270e-58
1.552897007611688242e-39
0.000000000000000000e+00
2.949804225057708693e-33
3.315991464273926165e-40
1.957771953723286662e-48
3.917714251301189293e-67
1.668896615717051427e-20
5.600459937903784919e-38
2.416154244118043714e-46
2.910805842897445866e-43
1.350833461214039154e-36
8.280427817306705440e-20
4.141467691105824379e-21
0.000000000000000000e+00
2.275889632610522328e-39
0.000000000000000000e+00
1.422198980272559973e-20
0.000000000000000000e+00
4.941255025222953054e-16
1.499670015001308696e-32
2.907665374385994101e-21
6.054938868950636323e-40
4.013672608347225944e-30
1.556891610566089431e-48
2.861821829016825064e-29
0.000000000000000000e+00
4.720959691600979510e-24
4.244395640582751128e-38
1.488271191869549059e-56
1.882295035507091460e-37
0.000000000000000000e+00
2.997214343069684996e-32
4.021492685456766478e-38
2.410301344776457598e-46
4.905993799272619016e-65
1.986316099287821434e-18
6.765211986838319963e-36
2.974665395629630254e-44
3.575637774968685489e-41
1.624114939533487375e-34
9.850662030202927544e-18
8.725347095660564513e-20
0.000000000000000000e+00
5.115215289782692661e-38
0.000000000000000000e+00
5.508903985568668721e-19
0.000000000000000000e+00
1.720971691608603554e-14
5.228516050554719468e-31
9.501779954479572402e-20
1.978544368083664163e-38
9.541522773467517030e-29
3.701809189726254961e-47
1.068728371557590315e-27
0.000000000000000000e+00
1.542735298407718150e-22
8.219862137436207089e-37
2.882782148015488561e-55
4.921852365170432010e-36
0.000000000000000000e+00
7.126814564275296329e-31
7.789691920339697273e-37
3.502155600515628066e-45
7.129616402570467254e-64
3.462336249027065755e-16
1.179353884692807811e-33
1.296679485500470033e-41
1.558380888482475682e-38
3.538423513423334150e-33
6.437792513958650331e-16
2.280810869409611736e-18
0.000000000000000000e+00
1.336872506597942000e-36
0.000000000000000000e+00
9.315031778414989778e-19
0.000000000000000000e+00
1.457103270131604555e-14
4.417163000329944751e-31
5.358247749214215106e-19
1.114621917537600782e-37
2.147679970672418214e-28
8.320732851027901184e-47
7.229383884468480694e-27
0.000000000000000000e+00
8.673279916596657614e-22
8.326573706520762196e-36
2.915591739442950944e-54
1.661878715282147721e-35
0.000000000000000000e+00
1.606424531043344808e-30
7.895121891127083449e-36
1.769587968567895530e-44
3.603921738394751255e-63
8.795893339744575341e-16
2.991608250514374963e-33
2.601160768274298675e-41
3.126571201015595799e-38
4.184611440392934889e-32
2.903358730455131071e-15
2.685534856872293445e-17
0.000000000000000000e+00
1.573667750246333680e-35
0.000000000000000000e+00
0.000000000000000000e+00
0.000000000000000000e+00
0.000000000000000000e+00
0.000000000000000000e+00
0.000000000000000000e+00
0.000000000000000000e+00
0.000000000000000000e+00
0.000000000000000000e+00
0.000000000000000000e+00
0.000000000000000000e+00
0.000000000000000000e+00
0.000000000000000000e+00
0.000000000000000000e+00
0.000000000000000000e+00
0.000000000000000000e+00
0.000000000000000000e+00
0.000000000000000000e+00
0.000000000000000000e+00
0.000000000000000000e+00
0.000000000000000000e+00
0.000000000000000000e+00
0.000000000000000000e+00
0.000000000000000000e+00
0.000000000000000000e+00
0.000000000000000000e+00
0.000000000000000000e+00
0.000000000000000000e+00
0.000000000000000000e+00
0.000000000000000000e+00
1.530761057803458280e+00
7.183297328922403583e-05
5.337358192104347587e+00
9.764912477818720049e+01
1.183320170796965803e-01
2.347913460976612576e+00
1.968503022027643112e+01
3.130005290907914711e-02
1.401737184605463327e+01
4.210043438465806531e+00
8.464210563968058280e-11
5.473768696098509245e+00
3.553073092645125104e-10
2.190596843003603077e-11
0.000000000000000000e+00
0.000000000000000000e+00
1.682048542448370373e-12
4.200439336781524799e-03
7.065338549984666870e-17
1.756312906386069628e+01
1.769291527527539984e+03
1.816278167652037423e+00
0.000000000000000000e+00
2.224238014137379693e+01
1.120548139574776947e+00
1.941168323694510534e+00
2.373310478926973430e-02
7.862323715060552665e-02
4.667584842456157617e+02
1.185453084965168955e+02
3.009811764296195520e+02
1.414561235374234249e-11
8.012372356518307370e+00
1.442233553684462208e+02
1.171492226208732603e+02
2.327391361333374320e+01
5.906376959858624076e+01
6.036621496457973426e-14
1.033247408101270542e-11
2.068826672710553442e-09
3.820312332312850193e-09
9.613402356497031676e+00
3.637630167600585733e-09
6.467212051679516183e-01
1.715765555248797980e-01
8.584183308152738834e-02
2.163370864444686106e+02
2.246795033543790406e-13
9.996226933096073481e+03
3.583138879034647228e+00
4.288171239674021251e-01
8.226650547189635621e-01
2.578849556317904046e+01
1.012384940072697387e-01
1.012447576759132550e+00
1.141766737943446763e+01
4.090841809544332741e-01
1.085979703215561587e-01
8.444038686099494817e-02
3.640671972037449411e+00
2.801733579109732641e+00
1.049429624678466060e-02
1.861612683426587296e+02
1.712661290043227069e+01
4.069292424543956288e-02
4.955545711887358040e-01
7.919094983926343589e-01
2.014746420360888912e-01
2.116613552168416490e+01
3.559309878694334256e-13
1.087940361903197155e-10
3.422069295087613909e+02
0.000000000000000000e+00
3.721528580667256847e+01
3.195487368332772249e+01
2.185380463199456074e+02
1.881855934328058866e-01
8.239562756017988487e-01
6.096233241440236839e+01
0.000000000000000000e+00
1.209981989325225959e-11
2.804214365036783363e+01
1.862068339715956425e-10
5.274099422563685025e-01
1.048814018991978695e-10
4.432253501397103021e-04
2.350886377213250167e-02
2.226185844092098964e-01
1.136397655563357240e-16
5.316584736481393819e-02
0.000000000000000000e+00
6.116331222878459428e-01
1.553399073112291806e-01
5.600542497701746392e+00
4.808897844609377970e+00
2.327406725197187853e+01
3.240704797786662495e-15
7.913986702128628781e-15
1.110659843135781788e-10
2.712035553244282188e-10
1.107271156317322523e-13
1.396828274942203468e-03
1.121796999179298536e-03
1.014208085118939624e-03
1.713434221824627068e-01
2.508608080055397052e-03
5.414729128065665087e-02
0.000000000000000000e+00
1.050310092843579608e-13
5.584452537559626020e-13
8.660250424778281973e-04
8.384031861069649812e-14
4.108358468519227211e-13
0.000000000000000000e+00
1.353947219990963286e-12
4.055825051687211857e-02
1.644816832023109001e-04
6.979374484643186688e-04
1.772591223214081343e-04
1.091244892567668927e+02
5.738414122780188364e+00
3.766942580816658448e-01
8.791217393825004223e+00
2.232753895749260753e+00
5.638447327772665219e+00
0.000000000000000000e+00
0.000000000000000000e+00
0.000000000000000000e+00
0.000000000000000000e+00
6.031978265517974336e+01
6.582273231488083809e+01
0.000000000000000000e+00
0.000000000000000000e+00
0.000000000000000000e+00
0.000000000000000000e+00
0.000000000000000000e+00
3.275071264581870794e-03
4.355373263463527961e-03
6.324960666650855309e-04
1.815266064787042759e-03
2.922135919236642718e-03
5.376216566653199691e-03
5.376216566653199691e-03
5.376216566653199691e-03
5.376216566653199691e-03
2.208679732421649916e-02
3.794982358112791161e-06
1.389595742222855985e-02
5.376216566653199691e-03
5.376216566653199691e-03
5.376216566653199691e-03
5.376216566653199691e-03
5.376216566653199691e-03
5.376216566653199691e-03
5.376216566653199691e-03
5.376216566653199691e-03
5.376216566653199691e-03
5.376216566653199691e-03
5.376216566653199691e-03
5.376216566653199691e-03
5.376216566653199691e-03
5.717773419555999964e-04
9.420411206955300182e-03
4.703248135821100177e-03
1.498765032630679922e-02
2.770337121422000162e-04
2.087240296962000101e-04
1.044885639110557617e-03
5.578638961730716462e-04
3.049903304354186894e-03
3.714021741452685349e-03
6.324960666650855309e-04
2.232719089281315610e-03
3.363618370386886602e-03
4.661501840351228027e-03
1.081569972062099757e-03
3.477466351599714425e-03
2.385779008435621323e-02
5.980890210344972334e-03
0.000000000000000000e+00
6.121305550615484259e-03
1.376060752004756860e-02
1.200605322882721329e-02
5.023290208142433544e-02
6.910659895062258237e-03
3.744382593337000176e-04
1.884846202964572583e-04
9.319212670426011910e-03
9.955498754346426161e-04
0.000000000000000000e+00
2.733650802429928289e-03
3.101764587677086158e-03
2.023990590993499574e-05
3.714023230983258452e-03
4.203575091252073626e-01
1.651828824564373008e-02
1.264994119370919446e-06
0.000000000000000000e+00
5.722830416972957829e-03
2.529988238741870656e-06
1.264994119370919446e-06
0.000000000000000000e+00
1.287763517009342818e-03
0.000000000000000000e+00
4.629888407101145410e-04
7.330637942693355759e-03
3.393979222272200304e-03
1.505343002051000019e-04
1.495222552586243083e-03
3.024599946395484761e-03
0.000000000000000000e+00
0.000000000000000000e+00
0.000000000000000000e+00
8.348981048255290499e-04
3.679869879290728878e-03
2.244101057294571513e-03
4.104902938297455908e-03
5.059976477483741313e-06
0.000000000000000000e+00
2.642572715365799300e-03
1.401613980773157471e-03
1.728740417371107257e-02
9.791064414134144876e-04
6.617183741919143748e-03
2.330118174860785520e-03
2.155550972428413835e-03
9.587386458630740849e-03
0.000000000000000000e+00
6.324968610813871094e-03
1.539497843274399876e-03
1.352278713607500075e-03
3.870883494805571826e-03
3.162480333325433076e-04
3.162480333325439039e-04
1.320654357133358575e-03
1.311925252246531545e-02
9.535525175307838983e-03
1.396553507785500093e-03
3.339330433643999951e-02
7.965666480148125839e-03
4.475549194334299194e-03
1.104339369700542721e-03
3.151100847863157715e-03
3.205497084526629046e-03
2.126453625131928364e-03
6.846147181015085209e-03
1.951884436658728357e-03
1.264994119370919446e-06
1.011995295496748601e-05
2.197294388139163848e-02
1.749992815086734432e-02
6.308525176792641881e-03
1.005796526405715319e-02
1.377577602974485501e-03
1.453099390384643939e-02
1.315594877166114491e-03
1.896225688426842523e-03
8.536180814025254304e-03
4.352842778714571988e-03
4.800650696971870898e-03
2.869007655753614411e-03
3.053695307651243390e-03
2.909486474553155913e-05
1.629313418770113710e-03
1.657142296375000074e-04
5.059976477483741313e-06
1.834747718990698342e-02
3.162480333325427655e-04
6.324970596854693582e-06
5.059976477483741313e-06
0.000000000000000000e+00
9.550700636148428064e-04
4.949921492588242253e-03
8.095957398871427404e-04
1.707751991354144474e-04
2.024040242005716297e-05
0.000000000000000000e+00
