1.897392000000000053e+03
2.367697236885236975e+02
9.554468514500921827e+00
1.897240932117029502e+02
3.527641613587640723e+00
4.250718807888425734e-72
1.730936660352803344e-102
9.579245512421476150e+00
9.620463811401480214e+00
9.622973912969506216e+00
9.780602818945924426e+00
9.786786441688906990e+00
9.800270706442740121e+00
9.802108274020714163e+00
9.832292237269223634e+00
9.862357683726171942e+00
9.889879026920375793e+00
9.611319661212387899e+00
9.688881183457800361e+00
9.773218858205247273e+00
9.816158167610959495e+00
9.860794676052982766e+00
9.902679249270384787e+00
9.911818902399431863e+00
9.915215935541601411e+00
9.915289040812137245e+00
9.914548543452497142e+00
6.268309211650719970e-01
6.545056301711977653e+01
1.796493996336499421e+01
3.758867404528323753e-04
1.185861341406456764e-05
0.000000000000000000e+00
0.000000000000000000e+00
5.431128667107124386e+01
1.525447597715022994e+02
0.000000000000000000e+00
5.948007053492207596e+00
1.732033395457675651e+00
7.971112020544039297e+03
3.284121201541703172e+00
3.400651987017851846e-02
1.128438700545530310e+03
7.173639963986143675e-01
1.501554133714691819e+00
1.876877434357322727e+01
3.825328321516694441e+00
2.548061922309503013e-01
8.897389224820165810e-01
2.747317195047556559e+00
1.140874196722373846e+01
1.121906249440262959e+00
1.412900835828681352e+02
4.923643575028607700e+01
1.602166067598896149e+01
5.529829283514494875e+01
4.022440238451840955e+00
1.404300611306402580e+01
5.213397147778422891e+00
1.277354632122079670e+00
2.042817264329925919e+01
5.950402212318699480e-01
1.088099983152514625e+02
1.159206896626620775e+01
4.204601170781955943e+00
4.152732338124104672e+01
3.443682848498234694e+00
3.900620342444333755e+00
6.841944309595683338e-01
7.116750986616395380e+01
7.300576788575499076e-01
9.402901668824039660e+00
2.651894856799495415e+01
1.674039750111889546e+01
8.390740703795510069e-02
1.497720318032879916e-01
8.990693259109977589e+03
1.850777430310509342e+00
2.897234585946299124e+00
3.255588183007117054e-01
3.186005010957283085e-02
3.633779626110335281e-02
2.371781886734623118e-03
0.000000000000000000e+00
5.501662849042773473e+00
0.000000000000000000e+00
0.000000000000000000e+00
6.709607569164779406e-01
0.000000000000000000e+00
1.591692674616250081e+01
0.000000000000000000e+00
5.989075263907198349e-04
2.861864177038120263e-03
5.412173970291021732e-06
8.995752664599923776e+01
8.506494868820825908e-03
7.964608925709966609e-05
4.937235434065097905e+00
1.241365643326933908e-09
2.383413032963221736e-05
3.596587862098351107e-09
1.703513802104137653e+01
8.493104560147603612e-05
3.156943399128987835e+02
7.866743587070509809e-07
3.816125661437028693e-01
6.567810507079164495e+01
1.129464351171828839e-04
2.964913250645813258e-06
3.667548216264690097e+01
3.334167239888641472e-04
1.172896205161934944e+02
1.098512919149404312e-07
1.403431075380065973e-04
1.899082648117778700e-03
5.238194701065638448e+00
3.055098499437272283e-02
1.140339937382834311e-04
1.824540100523199286e-03
4.111477030160940542e-07
6.507523289502434580e-06
2.259965133313008209e+03
2.935109527836121900e-06
3.020613041655882311e-04
1.749923598233504163e+04
3.038957798027733248e-02
3.040145778878208804e-01
1.826598775288092156e+03
3.172112581202142772e-03
2.104616230347854458e-02
2.128548138603390469e-02
8.332091456100913784e-02
2.801217899389612909e-06
4.908382817994770830e-01
8.300253636961926017e-11
1.750281842293102846e-12
2.249299994345952445e-12
7.260836071405476697e-04
1.838916866036569481e-10
2.663115479460947954e-01
6.098920121918737891e+00
2.198531165755675644e-11
3.179591740784935735e-12
1.444949455831457825e-12
2.471957368847595423e-09
3.547215108241567472e-10
1.574521212096297326e-10
5.693978864169315996e-12
2.108288188413223662e-18
6.496865198402483292e-10
1.078984137653676545e-12
2.161247842487003505e-10
1.598309970402101866e-14
4.156599923543688018e-09
4.166067133806043425e-12
4.847944781736260933e-16
4.886700448345679235e-18
6.105974230593959095e-19
2.414741058811690771e-16
3.868938833695133195e-17
1.313298510220315387e-17
0.000000000000000000e+00
3.047590010683941131e+01
5.773978818753758446e+01
2.125942956509076502e-04
4.028578667256274212e-04
4.927989944760615115e-05
2.278728076903729446e-13
4.317550749141620425e-13
0.000000000000000000e+00
1.323286215937344323e+01
2.160542449917030332e-04
2.035045950252731828e+00
4.122654398789984270e-02
1.219670620291029954e-02
9.287610736269710232e-01
6.478882302584599578e-06
1.501823019034807049e-06
6.944419028665966317e-15
4.519628671551397432e-11
1.047662553438226722e-11
4.844384243605784358e-20
1.122941802359842079e-20
5.192474959416648890e-29
1.751077497311710474e-01
4.141388043380280458e-03
1.135434240296588460e+00
5.056353485283607979e-02
2.742769426942144488e-16
5.473422156206588471e-24
2.539150620442884423e-32
1.954750598375800603e-17
5.215605672361087099e-20
1.022016973420526004e-17
2.335467551520394970e-19
0.000000000000000000e+00
6.909668198485190290e-15
5.317074606414277141e-20
5.362001439921523377e-29
1.041470081254673052e-27
1.432790525752895273e-22
2.694630061791846178e-28
0.000000000000000000e+00
1.202672547816309250e-36
4.820078265164008784e-36
0.000000000000000000e+00
6.650737840557105035e-31
1.114485692450771880e-36
5.143766945475885679e-45
2.214333165592761723e-16
1.698488452998857127e-38
1.297619127803982551e-16
4.403462142734712412e-18
0.000000000000000000e+00
1.294422256023002168e-31
1.116373477539186211e-38
2.114602871890457840e-47
5.384072566802260494e-47
4.168656790796168286e-55
1.039423710847199189e-63
7.875021034724939250e-34
1.359687197227077078e-41
1.046041314921028635e-33
4.582238919404925917e-36
0.000000000000000000e+00
5.774941608608637367e+00
4.028545535691966962e-05
4.318019165081466668e-14
2.323002395622198964e-19
0.000000000000000000e+00
6.810664556829829217e-15
1.275867466501398802e-31
5.288435973800072922e-20
1.110203661116944209e-38
5.333012359704371222e-29
2.103041739714219635e-47
1.040569514171228537e-27
0.000000000000000000e+00
1.424868753922790695e-22
1.201481165571779706e-36
4.164092886195365685e-55
4.815900738063026997e-36
0.000000000000000000e+00
6.614992881918508061e-31
1.113431565958022949e-36
5.138913379492428277e-45
1.038425327975453747e-63
2.212637684453738988e-16
7.868334101929263035e-34
1.358113818940913168e-41
1.696451118087027567e-38
1.044613761133952297e-33
1.296064552223707158e-16
4.398532800323185053e-18
0.000000000000000000e+00
4.576542817340284115e-36
0.000000000000000000e+00
5.143513300744987370e-18
0.000000000000000000e+00
5.300228189535436210e-36
0.000000000000000000e+00
1.629148542531460312e-23
0.000000000000000000e+00
4.810185819243987980e-19
8.878836477520115972e-36
3.710380404830499566e-24
7.696673325393716035e-43
3.696939367851611907e-33
1.438790456812266991e-51
7.398550526675089616e-32
0.000000000000000000e+00
1.000433072150871676e-26
8.443532010624119635e-41
2.893306466253603716e-59
3.381368712542669051e-40
0.000000000000000000e+00
4.586108746600632409e-35
7.823676433998265988e-41
3.567017919149834230e-49
7.128349534050515636e-68
1.562682435552507719e-20
5.490510884109569284e-38
9.512767502236715496e-46
1.178811015452986354e-42
7.122956339571157425e-38
9.050664771822804981e-21
3.083257687070976470e-22
0.000000000000000000e+00
3.172601070996371843e-40
0.000000000000000000e+00
1.331419661463113706e-18
0.000000000000000000e+00
1.084051176089316827e-13
1.962490486110982935e-30
3.032837726521968843e-19
6.193848917382268161e-38
2.976455147568789957e-28
1.139285207030174726e-46
4.863085879539309110e-28
0.000000000000000000e+00
8.179947560265008803e-22
5.522669187877424584e-37
1.883484272064588788e-55
2.211429996194021856e-36
0.000000000000000000e+00
3.692212240681048714e-30
5.117125623803830878e-37
2.321941032027000695e-45
4.619659468708891218e-64
1.033750525745568035e-16
3.613478727916983318e-34
6.212591157268754782e-42
7.669784416103002250e-39
4.641101026523600381e-34
5.956564516297263049e-17
9.016055481464246517e-18
0.000000000000000000e+00
7.678220052339248787e-36
0.000000000000000000e+00
1.332595402170055424e-18
0.000000000000000000e+00
1.084994174072043723e-13
1.964228422551318819e-30
3.035515138770989476e-19
6.199395851556571710e-38
2.979120154050802312e-28
1.140321442793574435e-46
4.870007978803874994e-28
0.000000000000000000e+00
8.187164982443190080e-22
5.530596663193281965e-37
1.886210285524012933e-55
2.214606005835819183e-36
0.000000000000000000e+00
3.695517999988510440e-30
5.124471578015213040e-37
2.325303452208485406e-45
4.626403076685065691e-64
1.035222031666221272e-16
3.618667510523782592e-34
6.221531081931664376e-42
7.680887864997345947e-39
4.647879739167739489e-34
5.965114370928766189e-17
9.016765082423766325e-18
0.000000000000000000e+00
7.678929279971137788e-36
0.000000000000000000e+00
1.112487953839339035e-17
0.000000000000000000e+00
9.461354054021946679e-36
0.000000000000000000e+00
8.717033878826283386e-23
0.000000000000000000e+00
2.839903936330497248e-18
5.316393076998033593e-35
1.764175051432420212e-23
3.701192104932927969e-42
2.444593747005895413e-32
9.635948089435006254e-51
3.037714873228686342e-31
0.000000000000000000e+00
4.753231118458094064e-26
4.507660587370535297e-40
1.561660560954925350e-58
2.007484951847966975e-39
0.000000000000000000e+00
3.031920580898699248e-34
4.177045733532468478e-40
2.569415629431474844e-48
5.190089856919921359e-67
1.845215545325024417e-20
6.559490894077205548e-38
5.659373031103004783e-46
7.068731692354078507e-43
3.480461148080251659e-37
4.321800877127629479e-20
1.072136860362124904e-21
0.000000000000000000e+00
1.104553058812411169e-39
0.000000000000000000e+00
5.004385595167989456e-22
0.000000000000000000e+00
4.527271810224563773e-17
8.195852655073056507e-34
1.013292525500722593e-22
2.069407926535780029e-41
1.367367202736930744e-31
5.233840414124138436e-50
1.422465290580834022e-31
0.000000000000000000e+00
2.732978347678843009e-25
2.076924427610073928e-40
7.083304169695312213e-59
9.240696933534865936e-40
0.000000000000000000e+00
1.696191409701334678e-33
1.924421176129433561e-40
1.164297074431833673e-48
2.316447331125880867e-67
8.639277761052886758e-21
3.019861544985346146e-38
2.595868342924228489e-46
3.204740952352883256e-43
1.551388664261033217e-37
1.991112377355255966e-20
2.320998693800241007e-21
0.000000000000000000e+00
1.973915436133310128e-39
0.000000000000000000e+00
4.165863727400415033e-20
0.000000000000000000e+00
1.220474328182767100e-15
2.287042490693918645e-32
7.112596653017376443e-21
1.492155813396035336e-39
7.170092506631279490e-30
2.826844916218230402e-48
1.399590371674612501e-28
0.000000000000000000e+00
1.916489872052248696e-23
1.077026675096804603e-37
3.731931862268176211e-56
6.476224401899708867e-37
0.000000000000000000e+00
8.895024027746942983e-32
9.982114286166510381e-38
4.605993481062861829e-46
9.305223401883429257e-65
3.968278744219845007e-17
1.410818992692058136e-34
3.043366964462970670e-42
3.800852450674761644e-39
9.359064041103609082e-35
3.485343705251086068e-17
3.458584798763275621e-19
0.000000000000000000e+00
3.562952855084209498e-37
0.000000000000000000e+00
5.417428326623967708e-20
0.000000000000000000e+00
7.939870129019726092e-16
1.484331613044422432e-32
3.085288782223081498e-20
6.464590447713688718e-39
1.240815047723020425e-29
4.883511850859301805e-48
7.282202545528118939e-28
0.000000000000000000e+00
8.282135483952231816e-23
8.391770096591816882e-37
2.903563730671321699e-55
1.681793892451861349e-36
0.000000000000000000e+00
1.540969601722462075e-31
7.782370583626673458e-37
1.789934545490598491e-45
3.618228928078398924e-64
7.752533848224954072e-17
2.751666503586384128e-34
4.699198315083432435e-42
5.865876646665894876e-39
8.477713907903722196e-34
1.206678421572436004e-16
3.124060736940188639e-18
0.000000000000000000e+00
3.213509722878518883e-36
0.000000000000000000e+00
4.260198617143902152e-20
0.000000000000000000e+00
6.244885409628386395e-16
1.169633117170397660e-32
2.425019767112302124e-20
5.089966395147331919e-39
9.778632529835352323e-30
3.855987466827989785e-48
5.726139785552003764e-28
0.000000000000000000e+00
6.533826442916967126e-23
6.609523469040087588e-37
2.290687081574623004e-55
1.324824774996632055e-36
0.000000000000000000e+00
1.213083328898555087e-31
6.125894862928593796e-37
1.413445897941899282e-45
2.855697214162812002e-64
6.087781097988011238e-17
2.164493628316049051e-34
3.732938526711515928e-42
4.662623859970328494e-39
6.697829191870398004e-34
9.500550034261881903e-17
2.475974820776184954e-18
0.000000000000000000e+00
2.550991788602615841e-36
0.000000000000000000e+00
8.383264635968634200e-22
0.000000000000000000e+00
7.583998312023866369e-17
1.372932077062799772e-33
1.697461803378485663e-22
3.466616487802522272e-41
2.290563231270017621e-31
8.767467190411713678e-50
2.382913668627980465e-31
0.000000000000000000e+00
4.578271748723757920e-25
3.479200828998784160e-40
1.186566910636795096e-58
1.547981838532940052e-39
0.000000000000000000e+00
2.841414844806671972e-33
3.223751270518542793e-40
1.950382589055881799e-48
3.880372550060280303e-67
1.447251601887052676e-20
5.058808777664532350e-38
4.348319425930260883e-46
5.368191146432621702e-43
2.598663886331654717e-37
3.335309276102045088e-20
3.888101443939782852e-21
0.000000000000000000e+00
3.306648959494592400e-39
0.000000000000000000e+00
7.374576472931871910e-21
0.000000000000000000e+00
2.402547915226569867e-16
4.497643515152329341e-33
1.492485417691945132e-21
3.131191482888999097e-40
2.068115014360267237e-30
8.151962155372940423e-49
2.569895768608465957e-29
0.000000000000000000e+00
4.021215532630799611e-24
3.813462049530217164e-38
1.321157533510512644e-56
1.698323782037402784e-37
0.000000000000000000e+00
2.564990373343215626e-32
3.533762887605583562e-38
2.173713288766138031e-46
4.390788591429951090e-65
1.561045269993620396e-18
5.549301225653878829e-36
4.787803405925610830e-44
5.980113650586899893e-41
2.944451547693617262e-35
3.656225039574150218e-18
9.070234003533550134e-20
0.000000000000000000e+00
9.344470526056520259e-38
0.000000000000000000e+00
3.785693638734390223e-19
0.000000000000000000e+00
1.109054821552531969e-14
2.078288578475537407e-31
6.463497506752028806e-20
1.355936444065957504e-38
6.515643145337578686e-29
2.568797728980780847e-47
1.271866931001010847e-27
0.000000000000000000e+00
1.741596201889678732e-22
9.787263637234397552e-37
3.391282375807758346e-55
5.885167318519091498e-36
0.000000000000000000e+00
8.083190537275396252e-31
9.071095184751665422e-37
4.185579505105354647e-45
8.455795025758006352e-64
3.606152578081856176e-16
1.282060370308215216e-33
2.765602194793906687e-41
3.453922363962425305e-38
8.504686561422807629e-34
3.167245512760154160e-16
3.142943261696672642e-18
0.000000000000000000e+00
3.237743272664659306e-36
0.000000000000000000e+00
5.361712997209121196e-19
0.000000000000000000e+00
7.858203394797584557e-15
1.469045126902732987e-31
3.053569426621569468e-19
6.398050967064283497e-38
1.228035347140459984e-28
4.833149917615184972e-47
7.207314501838212166e-27
0.000000000000000000e+00
8.196775016793444215e-22
8.305373907664178810e-36
2.873637484145918548e-54
1.664477610689507584e-35
0.000000000000000000e+00
1.525110213392599324e-30
7.702280695409010651e-36
1.771474438156823517e-44
3.580926211124214544e-63
7.672880384458878576e-16
2.723361681634073785e-33
4.650537173607098712e-41
5.805108778105558328e-38
8.390250204886586605e-33
1.194258308134567318e-15
3.091947611029057112e-17
0.000000000000000000e+00
3.180469822154787577e-35
0.000000000000000000e+00
0.000000000000000000e+00
0.000000000000000000e+00
0.000000000000000000e+00
0.000000000000000000e+00
0.000000000000000000e+00
0.000000000000000000e+00
0.000000000000000000e+00
0.000000000000000000e+00
0.000000000000000000e+00
0.000000000000000000e+00
0.000000000000000000e+00
0.000000000000000000e+00
0.000000000000000000e+00
0.000000000000000000e+00
0.000000000000000000e+00
0.000000000000000000e+00
0.000000000000000000e+00
0.000000000000000000e+00
0.000000000000000000e+00
0.000000000000000000e+00
0.000000000000000000e+00
0.000000000000000000e+00
0.000000000000000000e+00
0.000000000000000000e+00
0.000000000000000000e+00
0.000000000000000000e+00
0.000000000000000000e+00
0.000000000000000000e+00
0.000000000000000000e+00
1.547548034508747783e+00
7.183298489870248332e-05
6.086131821268630837e+00
8.452200664125167862e+01
1.084922942073925367e-01
2.053090384259073531e+00
2.287381066353295722e+01
3.226583323464166791e-02
1.318658191889429609e+01
4.094672624147472462e+00
6.524363454930561272e-11
3.210589253665496301e+00
1.921961698772755214e-10
1.787615954774416071e-11
0.000000000000000000e+00
0.000000000000000000e+00
1.087549574500371907e-12
4.200439436500831396e-03
4.568183203352473614e-17
1.639626317176509929e+01
1.691994212178803309e+03
1.875416921470347775e+00
0.000000000000000000e+00
2.176700651466024539e+01
1.149526623952830118e+00
1.863241629715626457e+00
2.749885705499929833e-02
8.241002922182434631e-02
4.649371327167337427e+02
1.126905841117053910e+02
2.731268511466853397e+02
1.712764869503100942e-11
7.642627876667948961e+00
1.375676192098963497e+02
1.190018991821230827e+02
2.255002019624149767e+01
5.722577310279582719e+01
1.503034789699240145e-13
2.086111393629644898e-11
5.611486403081523973e-10
9.936780466757547034e-10
5.642610451219593415e+01
5.612592552986592200e-09
6.467211954774638727e-01
1.669312454251361544e-01
8.365792224930700127e-02
1.836035153117395566e+02
1.452943738180216410e-13
9.996329811378165687e+03
3.535058358703969006e+00
4.497962852158655656e-01
7.569102856612884844e-01
2.367539697227136131e+01
7.996813858372782413e-02
7.996958723530452895e-01
9.958832599436574284e+00
3.520340763905751014e-01
8.826451165599287496e-02
6.477220506283758172e-02
4.272437771999615386e+00
2.721452000468108867e+00
8.281319954914630535e-03
1.758148964459489889e+02
1.277965224854132131e+01
3.587288268474943254e-02
5.057373214193556787e-01
7.288672453171448629e-01
1.813642063880745170e-01
2.117707243596157340e+01
2.302481068143068353e-13
7.034316110994776973e-11
3.418473341050369640e+02
0.000000000000000000e+00
4.138803565799260298e+01
3.358442483164972003e+01
2.084444443475626088e+02
2.666908550470590833e-01
9.329335174319532964e-01
6.257354322113231859e+01
0.000000000000000000e+00
6.424875001972975531e-12
2.258012270980463043e+01
1.222004088518556994e-10
2.563682200283966539e-01
4.150484795955006596e-11
4.769921421342460262e-04
2.055849073335736660e-02
2.178280471698200715e-01
7.026510106090095718e-17
5.124968373884351835e-02
0.000000000000000000e+00
6.385904004846150173e-01
1.547803681704060519e-01
5.652083487494094172e+00
4.586399325790678994e+00
2.255017728831891688e+01
7.816934838006261063e-15
1.879434419914885227e-14
2.918630503477181438e-11
7.016239676737570641e-11
7.155291532171985006e-14
1.445505315093998560e-03
8.881938279862119402e-04
8.006919283783991894e-04
1.278165865861226325e-01
2.022175842888496167e-03
5.270734492817814171e-02
0.000000000000000000e+00
4.166239326965738423e-14
3.669492077029340245e-13
9.694134324293327085e-04
6.653998041682678499e-14
5.228108192017105278e-13
0.000000000000000000e+00
2.606424507751498502e-12
4.427103514132733897e-02
1.959820171571752929e-04
8.283567582939640062e-04
2.007755699201181935e-04
1.098526049764249564e+02
2.811634325086878494e+00
3.470714591140481864e-01
8.068282197782647103e+00
1.955576251233363871e+00
7.996302177502927044e+00
0.000000000000000000e+00
0.000000000000000000e+00
0.000000000000000000e+00
0.000000000000000000e+00
6.011048589275967657e+01
6.603202907729345839e+01
0.000000000000000000e+00
0.000000000000000000e+00
0.000000000000000000e+00
0.000000000000000000e+00
0.000000000000000000e+00
3.907567331246956759e-03
4.671621296796071160e-03
4.098580946760999998e-04
8.665219647894144631e-04
2.289639852571557187e-03
5.376216566653199691e-03
5.376216566653199691e-03
5.376216566653199691e-03
5.376216566653199691e-03
2.113805322421886956e-02
3.794982358112791161e-06
1.484470152222618598e-02
5.376216566653199691e-03
5.376216566653199691e-03
5.376216566653199691e-03
5.376216566653199691e-03
5.376216566653199691e-03
5.376216566653199691e-03
5.376216566653199691e-03
5.376216566653199691e-03
5.376216566653199691e-03
5.376216566653199691e-03
5.376216566653199691e-03
5.376216566653199691e-03
5.376216566653199691e-03
5.717773419555999964e-04
9.420411206955300182e-03
4.703248135821100177e-03
1.498765032630679922e-02
2.770337121422000162e-04
2.087240296962000101e-04
3.258621872438356975e-03
8.741119295056145200e-04
4.314895437684357522e-03
1.500285508124886208e-03
0.000000000000000000e+00
5.711447455939286030e-03
5.893602637047228726e-03
3.712757740353599296e-03
1.081569972062099757e-03
2.212474218269543363e-03
2.196030188436095751e-02
2.502161843687001480e-03
7.589964716225611122e-06
3.907569317287684467e-03
1.028187915338959861e-02
7.894828795504156907e-03
4.137795714811313974e-02
5.961915795064627772e-03
3.744382593337000176e-04
1.884846202964572583e-04
9.635460703758555109e-03
1.311797908767185382e-03
9.487440999976282964e-04
8.361626024346703948e-04
2.469268521012000193e-03
2.023990590993499574e-05
4.979015364313429080e-03
4.016988751585873763e-01
1.493704807898101582e-02
1.264994119370919446e-06
0.000000000000000000e+00
3.192846150312614404e-03
2.529988238741870656e-06
1.264994119370919446e-06
0.000000000000000000e+00
1.287763517009342818e-03
0.000000000000000000e+00
1.095484907375200018e-03
4.800653676033013635e-03
4.026475288937285402e-03
1.505343002051000019e-04
8.627264859211575525e-04
1.759607813065314783e-03
2.656487650678970711e-05
1.897491179055999855e-04
0.000000000000000000e+00
1.783642204823157346e-03
2.098629712628015051e-03
1.295356957296943216e-03
1.258670638304571670e-03
5.059976477483741313e-06
3.162480333325427655e-04
2.958820748698341632e-03
3.615350214100956829e-03
1.349242777372055765e-02
1.927850541411042784e-03
5.352191608588970952e-03
1.697622108195701507e-03
2.471799005760956600e-03
7.057402191970398725e-03
0.000000000000000000e+00
6.641216644146414293e-03
2.171993909939485407e-03
2.617270846937671137e-03
3.870883494805571826e-03
2.213736233327799358e-03
0.000000000000000000e+00
3.850638623793700265e-03
1.564923678912566798e-02
8.586781075310211120e-03
2.029049574450584974e-03
3.086332006977965739e-02
3.538194013492529291e-03
2.894309027671585367e-03
1.555952697029143700e-04
5.364837081190956640e-03
3.837993151191714577e-03
5.452134584692143199e-04
7.162395214347627541e-03
1.003140336661100061e-03
1.264994119370919446e-06
1.011995295496748601e-05
1.722922338140349743e-02
1.718368011753480459e-02
5.043533043462470819e-03
4.365500664071382542e-03
1.061329569641942302e-03
1.326600177051626833e-02
1.315594877166114708e-03
1.581240166662713827e-03
9.168676880690340703e-03
1.190362445389143899e-03
4.484402663639328566e-03
3.501503722418699942e-03
4.002439407648872120e-03
2.909486474553155913e-05
1.629313418770114361e-03
3.162480333325427655e-04
5.059976477483741313e-06
1.202251652325612465e-02
2.201089767705002311e-04
6.324970596854693582e-06
5.059976477483741313e-06
4.933477065546644307e-05
1.271318096947385680e-03
4.317425425923156722e-03
4.933477065545999749e-04
1.119519299133042798e-03
3.364884357525999318e-04
0.000000000000000000e+00
