1.897392000000000053e+03
3.708961778088394112e+02
7.730766001352027850e+00
8.919065462541487932e+01
5.738247748284754923e-01
1.837589376913778179e-73
6.180075261761246289e-103
7.702740444866595482e+00
7.655250521102820116e+00
7.652355097346720925e+00
7.413197977138856309e+00
7.403675863477242380e+00
7.382133089220359601e+00
7.379181863957441578e+00
7.324775577417046435e+00
7.260062937270123307e+00
7.179862790573849018e+00
7.665411655974954108e+00
7.570154295337861328e+00
7.449905471291702774e+00
7.380656377588314498e+00
7.291008362397817244e+00
7.126425585327679002e+00
7.068487557949839406e+00
7.033384180436105027e+00
6.978050374626625363e+00
6.957377444347742745e+00
4.939698538513074277e-01
7.385183827814282154e+01
1.226252646664906720e+01
3.228296670619166717e-04
1.126035452834863116e-05
0.000000000000000000e+00
0.000000000000000000e+00
5.438589932074613387e+01
1.526912090899395196e+02
0.000000000000000000e+00
8.949035383679614597e+00
1.334505372770993237e+00
7.964280644746986582e+03
3.965969445379422531e+00
3.900516336372307491e-02
1.130100136645160546e+03
7.188083369225369834e-01
1.581410428117322242e+00
2.154208534835880684e+01
4.414527821398765539e+00
2.545094809908224898e-01
8.883453297648726821e-01
2.741894394565945969e+00
1.140844062643812862e+01
1.122840527005595890e+00
1.412747010455899215e+02
4.931459444391264668e+01
1.602903849257669222e+01
5.529830856999119248e+01
4.023282903052272985e+00
1.404917183468178976e+01
5.185636746891188587e+00
1.274418790898746323e+00
2.048460680528153688e+01
5.905893750116877339e-01
1.088187684655136849e+02
1.153550296077850135e+01
4.204565969193599706e+00
4.137406420174855270e+01
3.443552205449949888e+00
3.900482537680567852e+00
6.841734084529860205e-01
7.116751846837242113e+01
7.300336342926105893e-01
9.402870199418535080e+00
2.651896093851464187e+01
1.674039131035025463e+01
8.414533747350709525e-02
1.497720318032879916e-01
8.996112520451706587e+03
2.240663101585573358e+00
2.898224348054931010e+00
3.760822807729721218e-01
3.179818378197995371e-02
3.615629138123663960e-02
2.372337916630756945e-03
0.000000000000000000e+00
5.229327503648364406e+00
0.000000000000000000e+00
0.000000000000000000e+00
1.190563483878676054e+00
0.000000000000000000e+00
1.640160447987632963e+01
0.000000000000000000e+00
6.152858112604979359e-04
2.861713047324093099e-03
5.554023893043724535e-06
8.702206615089046693e+01
8.453399505289369703e-03
9.870182094396776930e-05
4.810679302710581418e+00
1.498944729929335381e-09
2.920155437744868527e-05
4.540715480575089605e-09
1.365710430755711080e+01
8.438000673565429965e-05
3.195339148443847535e+02
9.867528553974913847e-07
3.910954395810747330e-01
6.703501489844235550e+01
1.180810742888527623e-04
3.139337738497665366e-06
3.529710683729686593e+01
3.394603735706506293e-04
1.238394864991812625e+02
1.228106283062703592e-07
1.538993110070394424e-04
2.077104275016488939e-03
5.040666293357292105e+00
3.203490709169649203e-02
1.364163355757516921e-04
2.104471918614880463e-03
5.884168312179542992e-07
9.082103740393293760e-06
2.259955248639052570e+03
4.200738730568802065e-06
3.844029922722200080e-04
1.774400090286100021e+04
3.921431022121011495e-02
3.913786562344405695e-01
1.877122682733938746e+03
4.148447089133114503e-03
2.765773533153111433e-02
2.736958167357032845e-02
1.835086465326092250e-02
7.931964437934121584e-07
3.110486266266536681e-01
9.239100832199696277e-11
1.339473135258564844e-12
1.665255004303110128e-12
9.699130729818803949e-04
1.124968330175888324e-10
2.835406694091290869e-01
6.095339060547354748e+00
1.589523479457870053e-11
1.386677739812106340e-12
1.094870224097559772e-12
1.696817816691907600e-09
1.475532327313564707e-10
1.154880551103974391e-10
5.116763883255846866e-12
2.000307468923213153e-18
5.398542682378835576e-10
1.001545566934726271e-12
1.994144847363042400e-10
1.088867686777255325e-14
3.086999404000544060e-09
3.111334526731734135e-12
8.085963205321096923e-16
4.861826184496824282e-18
6.074599383834709170e-19
2.148497552748563466e-16
6.994160734819360669e-17
1.306613100747327574e-17
0.000000000000000000e+00
2.885088245902614190e+01
5.646407550167713651e+01
2.082460896458413532e-04
4.076272987827819685e-04
4.945325293701267959e-05
2.220196233034282367e-13
4.345328484705090662e-13
0.000000000000000000e+00
1.444480831789115705e+01
2.160542757948502840e-04
1.997287782153892133e+00
7.665305325880819587e-03
1.453270965802784184e-02
8.323597787965688610e-01
6.007988569490247686e-06
1.426748119315088203e-06
6.405286332229908095e-15
4.336643165559676337e-11
1.029845081941163491e-11
4.623417782797828897e-20
1.097946933508733108e-20
4.929156303877985463e-29
2.086510081372140724e-01
3.989134819433396220e-03
1.389298503646308358e+00
8.790541025946332909e-02
4.056319889204201193e-16
5.553897404347619818e-24
2.462010456392631981e-32
1.939547588673823002e-17
4.640010395998859917e-20
1.579204921049182581e-17
3.197246225000956385e-19
0.000000000000000000e+00
9.411960676586519856e-15
7.363003650510566295e-20
7.634818493109658533e-29
1.031841735113349861e-27
1.367547850422287542e-22
2.742886309225166775e-28
0.000000000000000000e+00
1.185320826134447033e-36
4.567597524447668703e-36
0.000000000000000000e+00
6.048976165981020557e-31
1.080621809928973788e-36
4.848988470773422139e-45
2.394312761720926832e-16
1.291479756723626920e-38
1.766596300594603293e-16
5.512083311860961697e-18
0.000000000000000000e+00
2.887745551670795761e-31
1.582898726061668557e-38
3.090776188679831905e-47
5.468690313632960926e-47
4.055821686296295284e-55
9.742799865914872566e-64
8.196152588253804118e-34
1.076073431147456511e-41
2.450322394383094125e-33
5.722395175726021288e-36
0.000000000000000000e+00
5.647267045743926239e+00
4.076251764713851271e-05
4.345811753789136837e-14
3.175682102155765257e-19
0.000000000000000000e+00
9.241324851201053319e-15
2.835408706451757539e-31
7.312775765937494136e-20
1.571895363807272234e-38
7.582863643697085260e-29
3.069590849087433595e-47
1.030773645645618109e-27
0.000000000000000000e+00
1.358085834167248145e-22
1.183950911382345969e-36
4.050703490417566486e-55
4.562916437444236289e-36
0.000000000000000000e+00
6.008072567547517222e-31
1.079414239724312028e-36
4.843663760214629773e-45
9.731878831588900776e-64
2.392099683126822384e-16
8.187893931178157144e-34
1.074585915206703767e-41
1.289687186388865206e-38
2.446111417912806685e-33
1.763953387887624239e-16
5.506045295746390248e-18
0.000000000000000000e+00
5.715314833525567587e-36
0.000000000000000000e+00
6.363032039585459053e-18
0.000000000000000000e+00
6.531319816431900003e-36
0.000000000000000000e+00
2.219555586534174646e-23
0.000000000000000000e+00
6.524781931999693141e-19
1.976954783296219229e-35
5.110055948964166060e-24
1.087176941153704527e-42
5.247279439239600332e-33
2.101920512135884008e-51
7.321282383147282301e-32
0.000000000000000000e+00
9.535719582194649069e-27
8.312373998321032736e-41
2.811092133236756618e-59
3.199807750389622419e-40
0.000000000000000000e+00
4.165863766323230150e-35
7.573436622426641766e-41
3.357995068011734588e-49
6.669298931040950106e-68
1.686732714519654635e-20
5.706643869016226341e-38
7.418021020098684459e-46
8.922707286097511487e-43
1.637401198474307955e-37
1.220192182873049396e-20
3.886644136626571125e-22
0.000000000000000000e+00
3.981360651315203287e-40
0.000000000000000000e+00
2.297358866146010523e-18
0.000000000000000000e+00
1.865117997360842077e-13
5.561086781150646161e-30
5.285889575475604522e-19
1.109642067926385859e-37
5.364554185772033832e-28
2.120186479725147897e-46
5.830293414883523185e-28
0.000000000000000000e+00
9.921556839755628268e-22
6.586724362891456246e-37
2.216759034034052007e-55
2.534888234440685008e-36
0.000000000000000000e+00
4.267323754963931397e-30
5.999906797306493194e-37
2.647562824702346131e-45
5.234273819919291977e-64
1.350828758438665176e-16
4.547466074385308886e-34
5.833234174242033462e-42
7.028209228992028215e-39
1.282159086633377693e-33
9.688126697719025173e-17
1.306385268017389206e-17
0.000000000000000000e+00
1.106216377497934862e-35
0.000000000000000000e+00
2.299390557982983569e-18
0.000000000000000000e+00
1.866742634251103739e-13
5.566003820853545724e-30
5.290566218144045303e-19
1.110635990706773104e-37
5.369353775820725676e-28
2.122107460756119499e-46
5.838579462513496345e-28
0.000000000000000000e+00
9.930286765622919186e-22
6.596164349155101138e-37
2.219962909803447334e-55
2.538523836623084221e-36
0.000000000000000000e+00
4.271133789016292134e-30
6.008509612354800531e-37
2.651391645575838608e-45
5.241906733233238033e-64
1.352749933589626505e-16
4.553988432677382925e-34
5.841700316362253584e-42
7.038389258193659187e-39
1.284053854540257065e-33
9.702101262536322300e-17
1.306488268967679039e-17
0.000000000000000000e+00
1.106319159846736363e-35
0.000000000000000000e+00
1.583190851997744577e-17
0.000000000000000000e+00
1.338747479178620988e-35
0.000000000000000000e+00
1.420942913671010905e-22
0.000000000000000000e+00
4.595030688134717322e-18
1.408948926042120430e-34
2.908729848121744878e-23
6.248790152343558448e-42
4.144901499600518065e-32
1.677300741498950108e-50
3.588330018732772343e-31
0.000000000000000000e+00
5.402648079583988559e-26
5.296946500011232850e-40
1.811556547526621210e-58
2.268168238846855563e-39
0.000000000000000000e+00
3.283979375411268196e-34
4.828861361708583829e-40
2.888011940391424948e-48
5.800322589923521033e-67
2.378895142457198280e-20
8.139997086278503372e-38
5.338294834246362239e-46
6.407453948442287086e-43
9.713475245622805955e-37
7.012440525962342919e-20
1.582103190731861123e-21
0.000000000000000000e+00
1.623476402782742762e-39
0.000000000000000000e+00
1.029953904491209074e-21
0.000000000000000000e+00
9.290653347790196533e-17
2.770125971455458063e-33
2.106477668658249345e-22
4.422029192459884319e-41
2.939494714145043726e-31
1.161757206498017695e-49
2.034104547628100610e-31
0.000000000000000000e+00
3.953835838029496119e-25
2.954570629734418484e-40
9.943645489375287010e-59
1.263407747508609753e-39
0.000000000000000000e+00
2.338282637599029218e-33
2.691359648112280830e-40
1.583478422531883127e-48
3.130561368753643650e-67
1.346527120051393809e-20
4.532983965991249337e-38
2.907184993588662966e-46
3.502740477207082838e-43
5.112048425210299682e-37
3.862719046884965515e-20
3.939721568326588702e-21
0.000000000000000000e+00
3.331397496102349522e-39
0.000000000000000000e+00
6.642652444356716891e-20
0.000000000000000000e+00
1.931678884712878757e-15
5.928692554518048160e-32
1.147160966955057660e-20
2.464275214195948686e-39
1.189180399246503421e-29
4.813013433762236615e-48
1.617198520941744542e-28
0.000000000000000000e+00
2.130767309782997476e-23
1.237980720367226522e-37
4.234585300631623858e-56
7.157437717916000373e-37
0.000000000000000000e+00
9.423952564501500175e-32
1.128790550038676628e-37
5.064036110107616970e-46
1.017216270680399331e-64
5.004310578921020166e-17
1.712518828893563931e-34
2.808339157202369490e-42
3.370215978597945893e-39
2.555474476610368852e-34
5.532312324821239741e-17
4.991706630385401470e-19
0.000000000000000000e+00
5.122063043366620251e-37
0.000000000000000000e+00
7.072186260063450400e-20
0.000000000000000000e+00
1.029017950610676829e-15
3.151627006232099777e-32
4.073475679383972861e-20
8.741457916460804176e-39
1.685192531808450022e-29
6.811123892992179572e-48
6.891436243404472284e-28
0.000000000000000000e+00
7.542106761660003821e-23
7.900050782639815296e-37
2.698197634065155219e-55
1.522278084886353216e-36
0.000000000000000000e+00
1.337264664968016276e-31
7.207066005223454187e-37
1.611749557597560082e-45
3.239147027678342309e-64
8.007194237741022182e-17
2.735693876789950980e-34
3.546757342220130380e-42
4.257447859035502533e-39
1.891316231385314172e-33
1.566952509920014921e-16
3.697116447161037105e-18
0.000000000000000000e+00
3.786904095081692680e-36
0.000000000000000000e+00
5.312803088507970618e-20
0.000000000000000000e+00
7.730092690990146908e-16
2.371289307011503983e-32
3.058940646308845258e-20
6.574245644771120146e-39
1.268395876291341726e-29
5.134506888467568895e-48
5.174588524009495460e-28
0.000000000000000000e+00
5.681286486977069955e-23
5.941675470578826565e-37
2.032802982852013463e-55
1.145105473253480718e-36
0.000000000000000000e+00
1.005137262442218959e-31
5.417675306919777315e-37
1.215357398901433472e-45
2.441471097085564195e-64
6.004153903421501446e-17
2.054805162049731406e-34
2.694138312574243556e-42
3.233469581657216905e-39
1.430430927774539148e-33
1.179453233765291157e-16
2.794648737311940619e-18
0.000000000000000000e+00
2.868000882713010392e-36
0.000000000000000000e+00
1.691145183676465941e-21
0.000000000000000000e+00
1.525487501386954162e-16
4.548375109608816267e-33
3.458776082332117055e-22
7.260766566969512601e-41
4.826489308414921004e-31
1.907531872652807617e-49
3.339966348755712073e-31
0.000000000000000000e+00
6.492116506971310444e-25
4.851269480568314449e-40
1.632691358274539591e-58
2.074468085445316988e-39
0.000000000000000000e+00
3.839362427008168838e-33
4.419113246872446249e-40
2.599981375140543152e-48
5.140141934196153514e-67
2.210973254354773951e-20
7.442989041306200158e-38
4.773175217604175277e-46
5.751007340991574846e-43
8.393020890230331269e-37
6.342079270027779782e-20
6.468878681651123698e-21
0.000000000000000000e+00
5.469991018863461568e-39
0.000000000000000000e+00
1.178279498784781401e-20
0.000000000000000000e+00
3.810309002641832424e-16
1.168332891691867901e-32
2.411987924021973291e-21
5.181640687134996531e-40
3.437047863772471316e-30
1.390855680152663808e-48
2.975529599648145360e-29
0.000000000000000000e+00
4.480005127233187898e-24
4.392352676887108432e-38
1.502184391712817544e-56
1.880818350856412845e-37
0.000000000000000000e+00
2.723151221163778768e-32
4.004204935847423060e-38
2.394805680251006455e-46
4.809757492826996834e-65
1.972636635546746589e-18
6.749876419292769469e-36
4.426635237759089933e-44
5.313207001302417008e-41
8.054623978608150873e-35
5.814877564546220100e-18
1.311917900382027581e-19
0.000000000000000000e+00
1.346224959619886350e-37
0.000000000000000000e+00
6.036412480786511654e-19
0.000000000000000000e+00
1.755322183944846213e-14
5.387517469993769174e-31
1.042462337405945144e-19
2.239296320740191300e-38
1.080632075007756726e-28
4.373644774693218472e-47
1.469609688752926807e-27
0.000000000000000000e+00
1.936311510182565067e-22
1.124984848779912300e-36
3.848034294873932974e-55
6.504178759656510300e-36
0.000000000000000000e+00
8.563813151574309210e-31
1.025766024447959137e-36
4.601792583242544397e-45
9.243546858550058759e-64
4.547620953123164768e-16
1.556218881032472720e-33
2.551991416860990610e-41
3.062566703823204349e-38
2.322140041171458561e-33
5.027331789882397464e-16
4.536162575652618614e-18
0.000000000000000000e+00
4.654551880855248935e-36
0.000000000000000000e+00
6.999377492262679395e-19
0.000000000000000000e+00
1.018424268794935165e-14
3.119146379006402112e-31
4.031550180868422253e-19
8.651396088968702981e-38
1.667820732631331629e-28
6.740838571314563380e-47
6.820511726513963403e-27
0.000000000000000000e+00
7.464317927200111090e-22
7.818654460320642097e-36
2.670365586411694775e-54
1.506592100224022916e-35
0.000000000000000000e+00
1.323492314239271177e-30
7.132835692797018941e-36
1.595114301626825202e-44
3.205724647176326620e-63
7.924861903353318344e-16
2.707532612052579629e-33
3.509967457301680184e-41
4.213290787951617301e-38
1.871755601179035703e-32
1.550799050302771963e-15
3.659100470983162106e-17
0.000000000000000000e+00
3.747954700688506915e-35
0.000000000000000000e+00
0.000000000000000000e+00
0.000000000000000000e+00
0.000000000000000000e+00
0.000000000000000000e+00
0.000000000000000000e+00
0.000000000000000000e+00
0.000000000000000000e+00
0.000000000000000000e+00
0.000000000000000000e+00
0.000000000000000000e+00
0.000000000000000000e+00
0.000000000000000000e+00
0.000000000000000000e+00
0.000000000000000000e+00
0.000000000000000000e+00
0.000000000000000000e+00
0.000000000000000000e+00
0.000000000000000000e+00
0.000000000000000000e+00
0.000000000000000000e+00
0.000000000000000000e+00
0.000000000000000000e+00
0.000000000000000000e+00
0.000000000000000000e+00
0.000000000000000000e+00
0.000000000000000000e+00
0.000000000000000000e+00
0.000000000000000000e+00
0.000000000000000000e+00
1.520107105825367677e+00
7.183296472683372354e-05
7.756793766220623887e+00
8.207085983177400124e+01
1.294060071407311663e-01
2.527700257870876488e+00
2.668164710085844149e+01
2.716305967771965105e-02
1.519383444507038838e+01
3.914069412709492823e+00
1.000435345438640495e-10
2.929220785738048782e+00
2.541136664274602625e-10
2.829179825826738191e-11
0.000000000000000000e+00
0.000000000000000000e+00
1.710270478817207511e-12
4.200439786331587773e-03
7.183883447908765746e-17
1.518666317014929668e+01
1.658450195435147407e+03
2.019729160961317493e+00
0.000000000000000000e+00
2.680067714819617208e+01
1.370222729986047883e+00
2.059712394814576353e+00
1.869504195931993504e-02
5.803638885669520908e-02
4.424059756356708135e+02
1.152619042501284099e+02
3.004002155022624834e+02
1.513716262206345874e-11
7.894468406111508685e+00
1.421008869694239252e+02
1.140281201117914520e+02
2.231997105456878572e+01
5.664563195144631891e+01
6.867012134712307895e-14
1.077723452036062132e-11
1.243019204418796421e-09
2.245042781865086221e-09
2.141917598172648241e+01
4.799561701092215942e-09
6.467211993137983450e-01
2.388047797773016623e-01
1.194680657899032244e-01
2.881457306252103763e+02
2.285363381333679236e-13
9.996286592158123312e+03
3.573061208576818526e+00
4.331688146705987008e-01
7.937115879655436412e-01
2.432503746762782981e+01
7.535234163841671162e-02
7.535392952431123614e-01
8.799077602167285406e+00
3.143896726807262620e-01
7.799399424768176103e-02
9.096175447856005847e-02
3.321638603744538454e+00
2.902252723750623264e+00
7.806694932197163518e-03
1.825097800556561651e+02
1.249794365829970921e+01
3.310299074202470437e-02
5.238618008980665541e-01
7.609189564122346150e-01
1.733594055682447788e-01
2.113032874821018225e+01
3.612742158190864848e-13
1.106390567756876014e-10
3.441337334601585098e+02
0.000000000000000000e+00
3.677693421671453677e+01
3.154295790882041572e+01
2.153168007570363898e+02
1.508929014988429351e-01
5.025627020784524390e-01
6.279187281501327789e+01
0.000000000000000000e+00
9.551320000856304537e-12
2.914492975116475648e+01
2.497810470071375146e-10
2.580991738327920726e-01
6.616166332023801545e-11
8.409477463421535359e-04
2.532978101101764773e-02
2.682090381271856061e-01
1.083075659426710185e-16
5.112155060721516875e-02
0.000000000000000000e+00
4.279270770588555206e-01
1.114897618186034001e-01
5.523880713390040498e+00
4.737748860613315571e+00
2.232009137635059304e+01
3.535135078384692704e-15
8.869631052198931956e-15
6.399969782861618279e-11
1.605492870695538561e-10
1.130217825124303260e-13
1.407035076490431233e-03
8.317822159076194597e-04
7.545274245459598645e-04
1.250252973438912840e-01
1.973748687773657032e-03
5.639634284893896288e-02
0.000000000000000000e+00
6.638242645876356982e-14
7.496002309507736627e-13
5.168385632072589747e-04
1.006663771831192578e-13
4.339566523185698243e-13
0.000000000000000000e+00
1.391250018525984470e-12
2.818652561877130203e-02
7.944868133404589300e-05
3.195324562292594251e-04
8.324918869490695100e-05
1.082062726465874221e+02
2.784519356424716374e+00
4.241438841114822944e-01
9.382145958352268167e+00
2.444377256376989216e+00
4.529165747249522589e+00
0.000000000000000000e+00
0.000000000000000000e+00
0.000000000000000000e+00
0.000000000000000000e+00
6.058579977724506449e+01
6.555671519280531356e+01
0.000000000000000000e+00
0.000000000000000000e+00
0.000000000000000000e+00
0.000000000000000000e+00
0.000000000000000000e+00
5.172559464577127820e-03
1.192892930138100957e-03
0.000000000000000000e+00
2.764010164784671056e-03
2.605887885904099952e-03
5.376216566653199691e-03
5.376216566653199691e-03
5.376216566653199691e-03
5.376216566653199691e-03
2.398428552421175489e-02
3.794982358112791161e-06
1.231471725556584386e-02
5.376216566653199691e-03
5.376216566653199691e-03
5.376216566653199691e-03
5.376216566653199691e-03
5.376216566653199691e-03
5.376216566653199691e-03
5.376216566653199691e-03
5.376216566653199691e-03
5.376216566653199691e-03
5.376216566653199691e-03
5.376216566653199691e-03
5.376216566653199691e-03
5.376216566653199691e-03
5.717773419555999964e-04
9.420411206955300182e-03
4.703248135821100177e-03
1.498765032630679922e-02
2.770337121422000162e-04
2.087240296962000101e-04
1.044885639110557617e-03
2.139104062835785365e-03
7.477375771009785177e-03
3.081525674787599818e-03
3.162480333325427655e-04
3.497711222611488407e-03
3.679866403719429368e-03
4.029005773686142496e-03
1.081569972062099757e-03
2.212474218269541628e-03
2.417403811768875643e-02
6.613386277010057865e-03
7.589964716225612816e-06
8.335041783943283183e-03
1.376060752004756686e-02
8.843572895501784770e-03
4.896790994809416264e-02
6.594411861729713303e-03
3.744382593337000176e-04
1.884846202964572583e-04
1.058420480375618471e-02
6.793018421020998506e-04
6.324960666650855309e-04
3.366146869095013820e-03
3.418012621009629791e-03
2.023990590993499574e-05
4.346519297648343549e-03
4.276312138918558770e-01
1.335580791231830156e-02
1.264994119370919446e-06
0.000000000000000000e+00
4.141590250310243568e-03
2.529988238741870656e-06
1.264994119370919446e-06
3.288984710364429312e-05
1.604011550341885584e-03
0.000000000000000000e+00
7.792368740426572522e-04
5.749397776030642365e-03
3.393979222272200304e-03
7.830303668701854786e-04
1.178974519253700318e-03
1.897488199995256593e-03
2.656487650678969017e-05
3.162480333325427655e-04
1.120783796742185661e-03
1.783642204823157346e-03
5.577358079285985037e-03
3.825341223957285774e-03
2.207414738302200183e-03
5.059976477483741313e-06
0.000000000000000000e+00
3.275068782030884831e-03
1.717862014105700236e-03
1.222743564039038659e-02
2.244098574743585549e-03
5.984687675254055615e-03
4.326299748655289268e-04
3.420543105758584897e-03
6.424906125305313194e-03
3.162480333325427655e-04
6.641216644146414293e-03
2.171993909939485407e-03
1.352278713607500075e-03
4.503379561470657357e-03
6.324960666650860730e-04
1.404423392392851812e-18
1.953150423798443672e-03
1.533298875579311958e-02
1.143301337530309818e-02
4.478094077878718511e-04
2.959832793644948459e-02
7.965666480148127573e-03
9.968208276763287738e-04
4.718433030354571354e-04
3.467348881195700481e-03
5.419233317854428404e-03
5.452134584692146452e-04
6.846147181015085209e-03
1.635636403326185592e-03
1.264994119370919446e-06
1.011995295496748601e-05
2.102419978139401235e-02
2.635487308417854696e-02
8.206013376787899341e-03
1.353669363071512491e-02
1.125854696443145069e-04
1.864221833716949925e-02
9.993468438335719427e-04
1.896225688426842523e-03
8.219932780692711105e-03
2.139106545386771762e-03
8.595627096962385819e-03
1.920263555755986114e-03
2.737447274318700191e-03
2.909486474553155913e-05
1.629313418770114361e-03
7.982102963025855926e-04
5.059976477483741313e-06
1.423625275658392357e-02
3.162480333325427655e-04
6.324970596854693582e-06
5.059976477483741313e-06
4.933477065546644307e-05
6.325963617214519273e-06
5.898665592585872718e-03
1.770996732220571823e-04
4.870232324679572128e-04
3.364884357525999318e-04
0.000000000000000000e+00
