1.897392000000000053e+03
2.825775204588981069e+02
9.299000488783692120e+00
1.147351706417569801e+02
2.181536908908821459e+00
2.127293638361152891e-68
2.748906375414843527e-102
9.288516575103322737e+00
9.269227092369177967e+00
9.268045094176533993e+00
9.118804662639814040e+00
9.112768601789833056e+00
9.098628952702600969e+00
9.096682714155914340e+00
9.057922059789072833e+00
9.008267609096062500e+00
8.942306636001616127e+00
9.272741005692294536e+00
9.225862832473229247e+00
9.151902826378101707e+00
9.104564458800327387e+00
9.036760142351415226e+00
8.896545427025616348e+00
8.845232792090042651e+00
8.813428789834894417e+00
8.761484011136463579e+00
8.741807033604949595e+00
1.834483849908537245e-01
6.642976623510065792e+01
1.480333931937131808e+01
5.791166167934386601e-04
1.214108115241424223e-05
0.000000000000000000e+00
0.000000000000000000e+00
4.590018881462475520e+01
1.526308536957583613e+02
0.000000000000000000e+00
7.276169828008314688e+00
1.859439963681114971e+00
7.970512889926848402e+03
3.346409699345800792e+00
3.448491751058411353e-02
1.128548830467784228e+03
7.137072452760924168e-01
1.509685761069206045e+00
1.903348530373500935e+01
3.881897927446249508e+00
2.547699552045911697e-01
8.896022977814278532e-01
2.746786891193979674e+00
1.140871473132511937e+01
1.121988928456833179e+00
1.412886257743390672e+02
4.924349584354677489e+01
1.602238088335759514e+01
5.529829445218507544e+01
4.022514928970568171e+00
1.404357605662261577e+01
5.210891747433753274e+00
1.277100862230143408e+00
2.043368685683872243e+01
5.946374865964267897e-01
1.088107912641256831e+02
1.158684414470630841e+01
4.204599116474597054e+00
4.151349446708815094e+01
3.443670859940641371e+00
3.900606717101177789e+00
6.841923402187296555e-01
7.116751079793885992e+01
7.300552888428480935e-01
9.402898545384019258e+00
2.651894977382131202e+01
1.674039687579337610e+01
8.392986075861978701e-02
1.497720318032879916e-01
8.990885356034756114e+03
1.886331328646877914e+00
2.896979463815454459e+00
3.301102855220282017e-01
3.185022320899922460e-02
3.631668706056710716e-02
2.371515297890333749e-03
0.000000000000000000e+00
4.624935982225476749e+00
0.000000000000000000e+00
0.000000000000000000e+00
7.511066416027107895e-01
0.000000000000000000e+00
1.609850759156844546e+01
0.000000000000000000e+00
6.204409624279843020e-04
2.861668654719498172e-03
5.598865144297055792e-06
8.407100752128037868e+01
8.237044038964209253e-03
1.074300377743758647e-04
4.942393000641531309e+00
1.676172911779555373e-09
2.927737775844818063e-05
4.468350316602500763e-09
1.222491658057917086e+01
8.221089078177890648e-05
3.257680657089117631e+02
1.094970447386881184e-06
3.828712584638365168e-01
5.999554100257521583e+01
1.066175654614409625e-04
2.781545458774118562e-06
3.745766684754228493e+01
3.196040693248646133e-04
1.178475696104100479e+02
1.035479021108560958e-07
1.294086052803845074e-04
1.747685376021617613e-03
5.349813492905465040e+00
2.868714518572494307e-02
9.657673164281964416e-05
1.577656992450151337e-03
2.949005419809526984e-07
4.771647671651130324e-06
2.259977187060340384e+03
2.105261321509518026e-06
1.969336544557638536e-04
1.731350089564690643e+04
1.960251922037285072e-02
1.957515052082238471e-01
1.776511020529883353e+03
2.011381666080965577e-03
1.391387462012883686e-02
1.369315336203121014e-02
6.920718990435498208e-02
1.496760006983434037e-06
3.838128532132503712e-01
6.812132932374276676e-11
1.261496189984893219e-12
1.523564974937722011e-12
5.405169287001433719e-04
9.465502034613426400e-11
1.419233681642577405e-01
6.088834831654680535e+00
1.815353828952983259e-11
1.576628075592282743e-12
8.268547478481576641e-13
2.083982618329690900e-09
1.862138068443739839e-10
9.791644322922745575e-11
5.954776004989975437e-12
2.215289195235875347e-18
6.816549694709507182e-10
1.107987913498553830e-12
2.205677443793013795e-10
1.569597306305931103e-14
3.367929303995598502e-09
3.377809319236376882e-12
3.731025746886305542e-16
4.850637009698540875e-18
6.060914505260840282e-19
3.119186623715185126e-16
4.092696991623724256e-17
1.303605999083194387e-17
0.000000000000000000e+00
2.589995585631902131e+01
4.818338368345440870e+01
2.157187360366884905e-04
4.013877162635096150e-04
4.963899656394192496e-05
2.294309874741889027e-13
4.268481094934322434e-13
0.000000000000000000e+00
1.406382729745457816e+01
2.160543493791984256e-04
1.340893379117815032e+00
4.094228111061228026e-02
1.200352956320149822e-02
6.707972633893874992e-01
5.587027510142276219e-06
1.285628564761593671e-06
5.942100364378866693e-15
4.653469978358562695e-11
1.070808031369152048e-11
4.949212367126052182e-20
1.138861188828248066e-20
5.263750098769318596e-29
1.977905997632709856e-01
1.797997902645105759e-03
1.478550450550248030e+00
6.951643179654803939e-02
2.337124751851924471e-16
6.766126729105879223e-24
3.159958620424579429e-32
1.966938588373496980e-17
6.737614317142648186e-20
1.312371669791029535e-17
2.075725147795269045e-19
0.000000000000000000e+00
5.110922783742062010e-15
4.651098105960508355e-20
4.646032075759024838e-29
1.306821177969783216e-27
1.518500374467664182e-22
3.354326361562727488e-28
0.000000000000000000e+00
1.500687080419410469e-36
6.093425239043106885e-36
0.000000000000000000e+00
7.103791471825135884e-31
1.396001481079281465e-36
6.451328609833897632e-45
2.371909934457753316e-16
3.033480624009133577e-38
1.216772313403086166e-16
6.223435371081137599e-18
0.000000000000000000e+00
7.835249326292516177e-32
9.696373007976353814e-39
1.833834011266353142e-47
6.943822999364510965e-47
5.312947723589259669e-55
1.359642553677606395e-63
8.242632149863774985e-34
2.269154697939017031e-41
1.213705975581790026e-33
6.574652500028754044e-36
0.000000000000000000e+00
4.819153431224490802e+00
4.013884815410533968e-05
4.268984090803640306e-14
2.066387785607390241e-19
0.000000000000000000e+00
5.049541262737242596e-15
7.741110237476090923e-32
4.629911278094985012e-20
9.651021402560667874e-39
4.624887899335245790e-29
1.825387123826086023e-47
1.305815429493465491e-27
0.000000000000000000e+00
1.511415988338683886e-22
1.499360453541269457e-36
5.307698195698303777e-55
6.088758470539573052e-36
0.000000000000000000e+00
7.071655746409264294e-31
1.394810752837470949e-36
6.445935564142416540e-45
1.358477104592569366e-63
2.370320520447874234e-16
8.236460314418025347e-34
2.266916791790361461e-41
3.030359679618024152e-38
1.212440747826233238e-33
1.215587548773233526e-16
6.217093773984950858e-18
0.000000000000000000e+00
6.567127513736812988e-36
0.000000000000000000e+00
7.234716882463763309e-18
0.000000000000000000e+00
7.567663795264100214e-36
0.000000000000000000e+00
1.445802699608002853e-23
0.000000000000000000e+00
3.561727833598538262e-19
5.386180904006304080e-36
3.236612605468889726e-24
6.672552438290444934e-43
3.205383676650982217e-33
1.249360341676348340e-51
9.274014630128949692e-32
0.000000000000000000e+00
1.060016289058704361e-26
1.052589759789082448e-40
3.681053965807690141e-59
4.273501740583907315e-40
0.000000000000000000e+00
4.900876526056090704e-35
9.780176024929865895e-41
4.473016736290867651e-49
9.315432948232793124e-68
1.674767295491255559e-20
5.749206581534321514e-38
1.593497777279038377e-45
2.119208097100017289e-42
8.400580226038346303e-38
8.542480922500478279e-21
4.357659027793244951e-22
0.000000000000000000e+00
4.547306355008363901e-40
0.000000000000000000e+00
9.965260415724422628e-19
0.000000000000000000e+00
6.776498808181386679e-14
1.006270855560773712e-30
2.228660834671284045e-19
4.528957480345591464e-38
2.182772556535726236e-28
8.374008611637624190e-47
5.349438882811368191e-28
0.000000000000000000e+00
7.329757892034830478e-22
6.041652437807411451e-37
2.102106832743264723e-55
2.453022597517389107e-36
0.000000000000000000e+00
3.337508173829528341e-30
5.610940605206469916e-37
2.555509298105665138e-45
5.296683950462808530e-64
9.727969884471961856e-17
3.322170134185887048e-34
9.149182850897528585e-42
1.213950600180476415e-38
4.837064512117020973e-34
4.948339614811170887e-17
1.122562862653241150e-17
0.000000000000000000e+00
9.684703837725081642e-36
0.000000000000000000e+00
9.974047786351125395e-19
0.000000000000000000e+00
6.782366703910273467e-14
1.007156768230396079e-30
2.230627962322738219e-19
4.533008192292501622e-38
2.184718991795391014e-28
8.381588139556280820e-47
5.357045904994500331e-28
0.000000000000000000e+00
7.336202692349223776e-22
6.050316115742014339e-37
2.105147999100744005e-55
2.456540531185456065e-36
0.000000000000000000e+00
3.340484350909365538e-30
5.618993552924917176e-37
2.559204456003710391e-45
5.304408833526409200e-64
9.741789034182163795e-17
3.326931190559939147e-34
9.162292110730086469e-42
1.215696623991125898e-38
4.844035328745382427e-34
4.955397939686113893e-17
1.122652979834008668e-17
0.000000000000000000e+00
9.685618877353552227e-36
0.000000000000000000e+00
1.371784517566708151e-17
0.000000000000000000e+00
1.181823103135405171e-35
0.000000000000000000e+00
8.711842926176931430e-23
0.000000000000000000e+00
2.365840654221991915e-18
3.624467091305545318e-35
1.735172957453465228e-23
3.614753690683316650e-42
2.382020304165607808e-32
9.397557054062592220e-51
4.282851832140621482e-31
0.000000000000000000e+00
5.664844201215135958e-26
6.319994301732776070e-40
2.236331752355125972e-58
2.851635764212928713e-39
0.000000000000000000e+00
3.641787898779972343e-34
5.878715779537423975e-40
3.621104502622966820e-48
7.628369143232516455e-67
2.220972565710327655e-20
7.714768937138767224e-38
1.061596331118714477e-45
1.418976831961435138e-42
4.541230431048663311e-37
4.555261624630068407e-20
1.694340620703864391e-21
0.000000000000000000e+00
1.771850460831679437e-39
0.000000000000000000e+00
4.207393550787462928e-22
0.000000000000000000e+00
3.178929311916156542e-17
4.720524043350727577e-34
8.364082669499550141e-23
1.699700603344731113e-41
1.126375040271282086e-31
4.321257530417255119e-50
1.757626755209867218e-31
0.000000000000000000e+00
2.750831626005416408e-25
2.552208153123298908e-40
8.880089771839732729e-59
1.151388204824400195e-39
0.000000000000000000e+00
1.722262142978895227e-33
2.370273132272170856e-40
1.439391005072985898e-48
2.983356933107848628e-67
9.132141182793815166e-21
3.118689266463235065e-38
4.294186977836420295e-46
5.697700101856981289e-43
1.816228149086584540e-37
1.858010707279269651e-20
3.214796056036271300e-21
0.000000000000000000e+00
2.769589694324942793e-39
0.000000000000000000e+00
3.290535548807943379e-20
0.000000000000000000e+00
8.035531001379822696e-16
1.232256033402761001e-32
5.529156047064392181e-21
1.151798245400341904e-39
5.521680961281578843e-30
2.178856870448381267e-48
1.559583658776187494e-28
0.000000000000000000e+00
1.805183952035425676e-23
1.193474629055082128e-37
4.223860468990736598e-56
7.270751218201227162e-37
0.000000000000000000e+00
8.444107958675546276e-32
1.110357897286305621e-37
5.130326974929678094e-46
1.080944852055362691e-64
3.774942630389500350e-17
1.311408171209153654e-34
4.511496573343226061e-42
6.029680797654213452e-39
9.649135920408635687e-35
2.903157004569890450e-17
4.319815658572173212e-19
0.000000000000000000e+00
4.517239066186523911e-37
0.000000000000000000e+00
4.391600406424506530e-20
0.000000000000000000e+00
5.367031097271174884e-16
8.212100265468287024e-33
2.460942205396588717e-20
5.120678640966834669e-39
9.809574321403653094e-30
3.864405294963844740e-48
8.327816032250761744e-28
0.000000000000000000e+00
8.007096622509896207e-23
9.543443404384948308e-37
3.372252860479610417e-55
1.937980696084241062e-36
0.000000000000000000e+00
1.501680788854035450e-31
8.882891159578266854e-37
2.046368244278109533e-45
4.313672104113575263e-64
7.570271049565954437e-17
2.625459971262778602e-34
7.156567450132909632e-42
9.559505838177449054e-39
8.991860070957520428e-34
1.032628284329835215e-16
4.004988789659199671e-18
0.000000000000000000e+00
4.181124921908433886e-36
0.000000000000000000e+00
3.617520652098291851e-20
0.000000000000000000e+00
4.420010700280119461e-16
6.774661762096613138e-33
2.026606804366557861e-20
4.223756711204036603e-39
8.095415597260210786e-30
3.195039638531321894e-48
6.859460119302972529e-28
0.000000000000000000e+00
6.616074203730842722e-23
7.873665818230867552e-37
2.787172372372630290e-55
1.598945187143574874e-36
0.000000000000000000e+00
1.237977072083315754e-31
7.325420762596207294e-37
1.692460001580712354e-45
3.566222563606105259e-64
6.225632423137517261e-17
2.162917195794783953e-34
5.948644300333482755e-42
7.951450244212028066e-39
7.422795596068283108e-34
8.506971361592206691e-17
3.324535942748674468e-18
0.000000000000000000e+00
3.476903933266563429e-36
0.000000000000000000e+00
7.044901362169464651e-22
0.000000000000000000e+00
5.322835636734363704e-17
7.903986242077527955e-34
1.400497629680091107e-22
2.845977331218174642e-41
1.885994970450762622e-31
7.235433340005979375e-50
2.943016511711378048e-31
0.000000000000000000e+00
4.606059308479094110e-25
4.273407836351712983e-40
1.486869247087281554e-58
1.927891626900220617e-39
0.000000000000000000e+00
2.883761968194004664e-33
3.968795865228626622e-40
2.410097078938016126e-48
4.995231290633329667e-67
1.529111978150077208e-20
5.221958055166898235e-38
7.189872698086616704e-46
9.539760834051108142e-43
3.040934653890152688e-37
3.110937084856430896e-20
5.382874436895405903e-21
0.000000000000000000e+00
4.637382101326627356e-39
0.000000000000000000e+00
7.366720163377845809e-21
0.000000000000000000e+00
2.000551548170968309e-16
3.064841150908377408e-33
1.467259540378233756e-21
3.056627224768353513e-40
2.014231037509764420e-30
7.946548033066214874e-49
3.621573741425831664e-29
0.000000000000000000e+00
4.790183966650204960e-24
5.344175236634786556e-38
1.891036695149475976e-56
2.411337773796636177e-37
0.000000000000000000e+00
3.079487126619172663e-32
4.971030164941033868e-38
3.061997018033546568e-46
6.450526123060075420e-65
1.878051097625901263e-18
6.523593630523798243e-36
8.976837324133508677e-44
1.199883790409841458e-40
3.840054009052360959e-35
3.851921642533519774e-18
1.432731430723153945e-19
0.000000000000000000e+00
1.498273020772341148e-37
0.000000000000000000e+00
2.990249051146036129e-19
0.000000000000000000e+00
7.301976394788841892e-15
1.119784118151267844e-31
5.024559239179190850e-20
1.046650251328496531e-38
5.017704292699330338e-29
1.979966890365485795e-47
1.417260446595227217e-27
0.000000000000000000e+00
1.640450265865105724e-22
1.084546825811171556e-36
3.838307367894714453e-55
6.607191466991199316e-36
0.000000000000000000e+00
7.673447948845053097e-31
1.009020638772496045e-36
4.662061993871051372e-45
9.822715433568218666e-64
3.430466682259559844e-16
1.191724491206751476e-33
4.099770020537581266e-41
5.479350251261775852e-38
8.768426632789790737e-34
2.638214126427657368e-16
3.925581151553778658e-18
0.000000000000000000e+00
4.104928627965575577e-36
0.000000000000000000e+00
4.346452412901542380e-19
0.000000000000000000e+00
5.311863658794517619e-15
8.127590567571504789e-32
2.435647483565304739e-19
5.067988200550382733e-38
9.708600753394685585e-29
3.824578158283762922e-47
8.242206726435392295e-27
0.000000000000000000e+00
7.924608881318369090e-22
9.445227132619967323e-36
3.337506039354825137e-54
1.918035884343580163e-35
0.000000000000000000e+00
1.486234371055928924e-30
8.791500565067078716e-36
2.025273432914040260e-44
4.269216969270156564e-63
7.492531348188925485e-16
2.598466895818907127e-33
7.082541966603388253e-41
9.460579002449684159e-38
8.899284711093498911e-33
1.022011592436957318e-15
3.963834832362320455e-17
0.000000000000000000e+00
4.138150640320387798e-35
0.000000000000000000e+00
0.000000000000000000e+00
0.000000000000000000e+00
0.000000000000000000e+00
0.000000000000000000e+00
0.000000000000000000e+00
0.000000000000000000e+00
0.000000000000000000e+00
0.000000000000000000e+00
0.000000000000000000e+00
0.000000000000000000e+00
0.000000000000000000e+00
0.000000000000000000e+00
0.000000000000000000e+00
0.000000000000000000e+00
0.000000000000000000e+00
0.000000000000000000e+00
0.000000000000000000e+00
0.000000000000000000e+00
0.000000000000000000e+00
0.000000000000000000e+00
0.000000000000000000e+00
0.000000000000000000e+00
0.000000000000000000e+00
0.000000000000000000e+00
0.000000000000000000e+00
0.000000000000000000e+00
0.000000000000000000e+00
0.000000000000000000e+00
0.000000000000000000e+00
1.532884524345905053e+00
7.183297071051324492e-05
5.074504543069099149e+00
7.460022522345208529e+01
1.218665070719607418e-01
2.265388722418837375e+00
2.031242555733466659e+01
2.399466017268266776e-02
1.590209404488485845e+01
3.731182846359095695e+00
9.403240076088558892e-11
3.065112208928043813e+00
3.969198784956618791e-10
2.767391201500974748e-11
0.000000000000000000e+00
0.000000000000000000e+00
7.310823311828649670e-13
4.200439896096725724e-03
3.070865468805349015e-17
1.565290771425972238e+01
1.691198237666858631e+03
1.991549941602040352e+00
0.000000000000000000e+00
2.151832809916276545e+01
1.157928456601711620e+00
1.785210529660940182e+00
2.518608343018679391e-02
6.819595721328398918e-02
5.308016233064155358e+02
1.147626007068572278e+02
2.479861108560048990e+02
1.996957360418590807e-11
7.504069695054012890e+00
1.350740020378037514e+02
1.133450093774614942e+02
2.109001980685106759e+01
5.352333370149867164e+01
1.049957462592395378e-13
1.637381662235646917e-11
1.276997365634246507e-09
2.187078401967543144e-09
2.213252904474868643e+01
4.815284559709315485e-09
6.467211913665937839e-01
1.416482271497148115e-01
7.101935065837536309e-02
1.831028290446439826e+02
9.767120788302139303e-14
9.996363588870746753e+03
3.472941725063730889e+00
4.775875097540919767e-01
7.837367799653799372e-01
2.530883803508564611e+01
9.510458140312343100e-02
9.510956663408622891e-01
1.142457646371369329e+01
3.967469858708501107e-01
8.476815133143773828e-02
1.074322194935798669e-01
3.391390541940504377e+00
3.371532738825004927e+00
9.847026595609872229e-03
1.883309075613184405e+02
1.627596258916242533e+01
4.147607314719171240e-02
4.712227306077428901e-01
7.059615518676602974e-01
1.952432224245215786e-01
2.157564175040982590e+01
1.576925842866383244e-13
4.809075620975104657e-11
3.415750465559157760e+02
0.000000000000000000e+00
4.746390836400834701e+01
3.632543304690935315e+01
2.046779665006902462e+02
1.362747186478043271e-01
5.717357800851370353e-01
8.139901876638397482e+01
0.000000000000000000e+00
1.638241723734039534e-11
2.370675139805048914e+01
1.988161264583086897e-10
4.830458834551599745e-01
1.212383634813901439e-10
4.706002989593498979e-04
2.267561032387283362e-02
2.154542959881414754e-01
4.721205401107499642e-17
5.195588366596615854e-02
0.000000000000000000e+00
6.033074497234484079e-01
1.304387283734102509e-01
5.885189809217258095e+00
4.504090178956185575e+00
2.109014161314765445e+01
5.107787533872943939e-15
1.289156914268739106e-14
6.212512151087769748e-11
1.567816424556453366e-10
4.896621178872280326e-14
1.507848361789314437e-03
1.036483568767824007e-03
9.526615604507940012e-04
1.628363137724726795e-01
2.240884926747196623e-03
4.822307496946950239e-02
0.000000000000000000e+00
1.215249143737869927e-13
5.964159196447855266e-13
5.891413281502825032e-04
9.386806847434609104e-14
6.593108170846997484e-13
0.000000000000000000e+00
2.009375935961613035e-12
3.826200339001430833e-02
1.463777185371883515e-04
7.063399429326082434e-04
1.527150213734490623e-04
1.067894954617080714e+02
5.142891459592440206e+00
3.185767424911292722e-01
8.455007384646251012e+00
1.828021578082077436e+00
4.091485582733459303e+00
0.000000000000000000e+00
0.000000000000000000e+00
0.000000000000000000e+00
0.000000000000000000e+00
6.100099505618188545e+01
6.514151991387527119e+01
0.000000000000000000e+00
0.000000000000000000e+00
0.000000000000000000e+00
0.000000000000000000e+00
0.000000000000000000e+00
3.907567331246956759e-03
2.457885063468271802e-03
3.162480333325427655e-04
1.499018031454499994e-03
2.605887885904099952e-03
5.376216566653199691e-03
5.376216566653199691e-03
5.376216566653199691e-03
5.376216566653199691e-03
2.240304535754904236e-02
3.794982358112791161e-06
1.389595742222855639e-02
5.376216566653199691e-03
5.376216566653199691e-03
5.376216566653199691e-03
5.376216566653199691e-03
5.376216566653199691e-03
5.376216566653199691e-03
5.376216566653199691e-03
5.376216566653199691e-03
5.376216566653199691e-03
5.376216566653199691e-03
5.376216566653199691e-03
5.376216566653199691e-03
5.376216566653199691e-03
5.717773419555999964e-04
9.420411206955300182e-03
4.703248135821100177e-03
1.498765032630679922e-02
2.770337121422000162e-04
2.087240296962000101e-04
7.286376057780148512e-04
4.036592262831041091e-03
4.947391504349443053e-03
3.081525674787599818e-03
0.000000000000000000e+00
7.608935655934543490e-03
1.782378203724171474e-03
4.661501840351228027e-03
2.030314072059728053e-03
2.212474218269541628e-03
2.575527828435146896e-02
4.715898077014800405e-03
7.589964716225612816e-06
7.070049650613112122e-03
9.016887020059418875e-03
8.211076828836700106e-03
4.390794141477347839e-02
7.543155961727341166e-03
3.744382593337000176e-04
1.884846202964572583e-04
8.686716603760927247e-03
4.680577543701436034e-05
0.000000000000000000e+00
2.733650802429926988e-03
1.836772454346914663e-03
2.023990590993499574e-05
4.030271264315801218e-03
3.966389066252666851e-01
1.082582364565795770e-02
1.264994119370919446e-06
0.000000000000000000e+00
2.876598116980072072e-03
2.529988238741870656e-06
1.264994119370919446e-06
0.000000000000000000e+00
1.287763517009342818e-03
0.000000000000000000e+00
6.324960666650855309e-04
4.800653676033013635e-03
4.658971355602370933e-03
0.000000000000000000e+00
1.264992133330171062e-03
1.127111746400229252e-03
0.000000000000000000e+00
0.000000000000000000e+00
6.324960666650855309e-04
3.997378438150956705e-03
5.261110045953443573e-03
3.509093190624743876e-03
2.523662771634742948e-03
0.000000000000000000e+00
3.162480333325427655e-04
3.275068782030885698e-03
3.299102180768414064e-03
1.254368367372292806e-02
1.611602508078500019e-03
7.882175875249313943e-03
2.646366208193328285e-03
2.155550972428413835e-03
8.638642358633112986e-03
0.000000000000000000e+00
4.111232377486072169e-03
2.745057099442285969e-04
4.035346136098717242e-04
6.084619728133370750e-03
6.324960666650855309e-04
3.162480333325427655e-04
2.585646490463529637e-03
1.343550055579786906e-02
9.535525175307838983e-03
3.294041707780756469e-03
2.517085546979388674e-02
1.049565074680846796e-02
4.159301161001756862e-03
1.104339369700542287e-03
3.467348881195700481e-03
4.154241184524257342e-03
2.442701658464471130e-03
6.213651114349999678e-03
1.635636403326185592e-03
1.264994119370919446e-06
1.011995295496748601e-05
1.628047928140586437e-02
1.528619191753954193e-02
5.992277143460099549e-03
7.844229030729352528e-03
1.125854696443146424e-04
2.559967507048543922e-02
2.580587010496285336e-03
9.474815884292144431e-04
8.536180814025254304e-03
4.036594745382028789e-03
3.535658563641700270e-03
3.185255689086157176e-03
3.053695307651243390e-03
0.000000000000000000e+00
3.210553585432829055e-03
1.657142296375000074e-04
5.059976477483741313e-06
2.245870162323003807e-02
3.162480333325427655e-04
6.324970596854693582e-06
5.059976477483741313e-06
4.933477065546644307e-05
1.271318096947385680e-03
4.001177392590614390e-03
1.770996732220571823e-04
4.870232324679572128e-04
3.364884357525999318e-04
0.000000000000000000e+00
