1.897392000000000053e+03
4.240034801024722242e+02
6.875453549157395372e+00
1.893535708815360579e+02
5.055522858709922573e+00
1.227330108349868179e-73
3.458075891490313402e-103
6.876666098376645664e+00
6.879596653348440505e+00
6.879778666641508167e+00
6.928658343255174046e+00
6.930666671121252342e+00
6.935541428778114970e+00
6.936215566465989468e+00
6.950951081438158319e+00
6.972048284704958299e+00
7.004096532589847435e+00
6.879258840018481536e+00
6.889182960957920265e+00
6.910794128207431442e+00
6.926788049361008781e+00
6.954162045391763414e+00
7.028573200248516173e+00
7.058162353357142038e+00
7.077395059600977589e+00
7.111019549299110842e+00
7.124069239350089511e+00
4.179555942892309583e-01
7.101474825958429449e+01
1.994285124889576366e+01
3.171457437814940907e-04
1.094071093498426688e-05
0.000000000000000000e+00
0.000000000000000000e+00
5.649253976377858777e+01
1.524896318424968626e+02
0.000000000000000000e+00
7.086806208719083067e+00
1.383402085675119464e+00
7.972286550150215589e+03
2.961639956734198886e+00
3.146748740521828486e-02
1.128359068689397873e+03
6.524625194475607293e-01
1.452842593620538025e+00
1.734248928561748926e+01
3.537012206615274934e+00
2.551528296245888505e-01
8.907491378471532606e-01
2.751223003378249210e+00
1.140879854264810156e+01
1.121363376674027412e+00
1.413003686054766206e+02
4.922002350420504513e+01
1.601636661174894272e+01
5.529828831764108799e+01
4.022767290037375432e+00
1.404273786174793059e+01
5.218996551963901886e+00
1.276181220950454831e+00
2.038886549529435399e+01
5.959410211052869055e-01
1.088083311543051082e+02
1.160416037609730466e+01
4.204902926489792137e+00
4.155703967399178111e+01
3.443705966388427520e+00
3.900658009703572571e+00
6.842002568266984941e-01
7.116750725142185274e+01
7.300643304792215904e-01
9.402910349085622954e+00
2.651894522227842899e+01
1.674039923964923204e+01
8.374986308359187726e-02
1.497720318032879916e-01
8.991400957829693652e+03
1.670394877166855752e+00
2.898925498102571829e+00
3.032281230712526310e-01
3.192225257219724610e-02
3.639323734766108237e-02
2.373162691206521981e-03
0.000000000000000000e+00
5.136495446439830914e+00
0.000000000000000000e+00
0.000000000000000000e+00
5.937201882945737363e-01
0.000000000000000000e+00
1.582334189825875725e+01
0.000000000000000000e+00
5.861317829090631438e-04
2.862002219205158574e-03
5.293969057790149957e-06
9.187958955389437676e+01
8.502192025816287038e-03
8.283970857145977768e-05
4.752481041779927473e+00
1.242818124090810507e-09
2.411031741252894355e-05
3.616869155947615009e-09
1.636815988311028036e+01
8.487779473752883207e-05
3.279089450258757665e+02
8.498699311626754177e-07
3.842490771550541862e-01
6.750501160750312124e+01
1.133243240989007807e-04
2.387216816418028761e-06
4.541374046085809368e+01
3.321421163105594426e-04
1.212605979325936971e+02
9.144306892685929310e-08
1.105544774537870769e-04
1.486704357909203727e-03
6.485317100517264066e+00
2.961572737489916521e-02
6.988798414974127819e-05
1.402006180702367044e-03
1.544471418592540331e-07
3.142671267709718378e-06
2.259981472098925224e+03
1.102642561533293589e-06
1.572792912129941450e-04
1.734171437276683355e+04
1.568135678142385317e-02
1.576178694876719522e-01
1.866906429241533033e+03
1.688162324781714539e-03
1.197880029568422662e-02
1.106143552235417694e-02
9.161632344675385564e-02
1.600656662814874814e-06
3.588347681198503780e-01
8.174749826968889280e-11
6.410093634897007493e-13
8.109416691930035139e-13
4.938769391381945921e-04
6.242633124518552908e-11
1.754865010188472185e-01
6.097304342489027640e+00
1.806433316717924141e-11
1.568461773755517651e-12
5.561124400410315261e-13
2.497266859911336240e-09
2.179201672094361937e-10
7.983864463948315807e-11
3.726970992358066862e-12
1.426702274050730750e-18
5.231931264944937787e-10
6.402201427354702029e-13
1.283922774671667668e-10
1.584751505805938570e-14
3.112081272819774689e-09
3.103052320103117754e-12
7.792910945069641902e-16
4.888948593763651719e-18
6.108801199970392629e-19
3.429034340130142462e-16
9.837423285303549305e-17
2.293805996431652787e-17
0.000000000000000000e+00
3.272793116528192314e+01
5.621045412049517154e+01
2.265631243153913067e-04
3.891874810615594967e-04
4.916029675782185835e-05
2.429448294400565069e-13
4.172745036627238150e-13
0.000000000000000000e+00
1.309895442599663440e+01
2.160543633018115694e-04
2.045588115685193387e+00
4.142063773100812529e-02
1.732706711731365340e-02
1.071101833773550061e+00
7.414835011049597786e-06
1.608891629107182473e-06
7.950873521925715883e-15
5.133089066251391867e-11
1.113792015311861263e-11
5.504173980193425640e-20
1.194311057317960486e-20
5.902085628627557614e-29
1.715824868717006346e-01
4.184405276323325748e-03
1.707287108330409975e+00
9.210305082360813189e-02
4.917456321901432766e-16
5.338685312087738633e-24
2.674918311276373428e-32
1.971581671200926788e-17
7.406267729224265473e-20
3.195901524547616913e-17
4.587551102089747066e-19
0.000000000000000000e+00
1.359400379591459244e-14
9.730756741030110022e-20
1.035140256576651803e-28
1.081205786385834621e-27
1.512304815264174363e-22
2.621387822600422635e-28
0.000000000000000000e+00
1.249034757576322969e-36
5.407500344629074016e-36
0.000000000000000000e+00
7.594144966927140999e-31
1.168597510530815391e-36
5.774557075962353575e-45
2.214376174254763005e-16
3.465130635323300445e-38
4.537025071492609031e-16
9.598073471215519074e-18
0.000000000000000000e+00
4.170890985515115863e-31
2.017091238708255144e-38
3.997911718030752193e-47
5.217873271776982127e-47
4.341028918904020634e-55
1.164189088850670368e-63
7.935489572425115144e-34
2.741729197145817561e-41
1.011301307820055658e-32
1.571926475554450804e-35
0.000000000000000000e+00
5.621885514946459494e+00
3.891861780193884120e-05
4.173219451212413123e-14
4.568087612707457131e-19
0.000000000000000000e+00
1.344032459960812763e-14
4.123802311371285273e-31
9.688922923117917785e-20
2.008158095566026560e-38
1.030683796619357497e-28
3.980501006136085849e-47
1.080371517088438861e-27
0.000000000000000000e+00
1.505607168357735610e-22
1.247913891930863220e-36
4.336647232654667564e-55
5.403346477953581677e-36
0.000000000000000000e+00
7.561657043333908396e-31
1.167587844469076277e-36
5.769680947894623834e-45
1.163180834720901867e-63
2.212952767333580810e-16
7.929682355287762136e-34
2.738810772859489071e-41
3.461382922726891781e-38
1.010352829196513791e-32
4.532723648678146561e-16
9.585235053595937420e-18
0.000000000000000000e+00
1.569280823893155552e-35
0.000000000000000000e+00
1.089612941348391775e-17
0.000000000000000000e+00
1.734173731830226887e-35
0.000000000000000000e+00
3.200134449191875248e-23
0.000000000000000000e+00
9.488224262555171786e-19
2.882045558603055187e-35
6.788054001642081793e-24
1.392231176737177255e-42
7.147795699922976921e-33
2.731018965044570571e-51
7.675655503964323780e-32
0.000000000000000000e+00
1.057188733094866474e-26
8.763201461751572163e-41
3.008960059959592245e-59
3.789071879876886869e-40
0.000000000000000000e+00
5.240661314101237346e-35
8.189495989337661330e-41
3.999844803456517065e-49
7.970250357831163537e-68
1.566363513470720134e-20
5.542686525322637019e-38
1.909017954084420453e-45
2.411938886385686981e-42
7.080744232268814290e-37
3.196115609844204437e-20
6.553273033989787415e-22
0.000000000000000000e+00
1.037864817120006214e-39
0.000000000000000000e+00
2.062679081085920115e-18
0.000000000000000000e+00
1.684335014559016899e-13
5.048240900946704389e-30
4.375538749422218799e-19
8.853157347998719064e-38
4.548662435807735220e-28
1.714686705401652649e-46
4.216670014151066904e-28
0.000000000000000000e+00
6.834448037944299956e-22
4.790468925021666720e-37
1.636793204616467959e-55
2.070493205064793135e-36
0.000000000000000000e+00
3.332962681541086746e-30
4.475151880926601174e-37
2.175452896836898122e-45
4.315089152740780126e-64
8.669704572154366769e-17
3.051426904070245532e-34
1.040263408983374674e-41
1.314333567741490463e-38
3.901016730399492655e-33
1.765281485484890504e-16
1.289307556544605774e-17
0.000000000000000000e+00
1.384847166334225908e-35
0.000000000000000000e+00
2.064502385006332988e-18
0.000000000000000000e+00
1.685797885752419789e-13
5.052679183434344068e-30
4.379406248946820625e-19
8.861081268283373442e-38
4.552731382408984169e-28
1.716240223261403457e-46
4.222676004018398560e-28
0.000000000000000000e+00
6.840472890119161236e-22
4.797349947072367761e-37
1.639164786001733434e-55
2.073469996959324251e-36
0.000000000000000000e+00
3.335946108019815864e-30
4.481585097352477069e-37
2.178606589115165712e-45
4.321397353303376898e-64
8.682028318711610033e-17
3.055804082997885148e-34
1.041765799692136614e-41
1.316232062661796537e-38
3.906602949510222604e-33
1.767798289457878973e-16
1.289435007970943893e-17
0.000000000000000000e+00
1.385043702821735830e-35
0.000000000000000000e+00
1.577768409995186039e-17
0.000000000000000000e+00
1.687499978830846980e-35
0.000000000000000000e+00
1.610909478205694327e-22
0.000000000000000000e+00
5.267262759603700292e-18
1.615259267960623054e-34
3.037383728925545016e-23
6.291763964354964195e-42
4.440224963862396414e-32
1.714215158661886969e-50
2.963764561836723045e-31
0.000000000000000000e+00
4.720128155193293643e-26
4.399647740150287185e-40
1.528312877509704141e-58
2.116567474696022806e-39
0.000000000000000000e+00
3.257148238404791395e-34
4.116035135782622594e-40
2.710903489367559934e-48
5.463115736136209443e-67
1.734400601294497892e-20
6.212660254805575685e-38
1.072469966195171777e-45
1.355466856326200843e-42
3.166475145057415778e-36
1.420871259892188409e-19
2.132591488463952033e-21
0.000000000000000000e+00
3.390810671333057073e-39
0.000000000000000000e+00
7.283571724697137222e-22
0.000000000000000000e+00
6.608337653957136525e-17
1.980631810501144963e-33
1.373390677277423244e-22
2.778821632018878459e-41
1.963118664108476743e-31
7.400309701285671066e-50
1.158713932811022160e-31
0.000000000000000000e+00
2.145191275735172000e-25
1.692492228068016000e-40
5.782887320285054114e-59
8.127973755220380990e-40
0.000000000000000000e+00
1.438452868394271424e-33
1.581097940662910247e-40
1.024800509546475011e-48
2.032728324707845254e-67
6.806798388637851327e-21
2.395749861460154388e-38
4.083480347139392139e-46
5.159323331700421120e-43
1.225053426261728756e-36
5.543591558908122299e-20
3.092364479082312388e-21
0.000000000000000000e+00
3.307302382461448936e-39
0.000000000000000000e+00
8.638199990849578604e-20
0.000000000000000000e+00
2.539858254337080873e-15
7.795907164106733580e-32
1.374059782081404527e-20
2.846102848085615149e-39
1.461251043748464781e-29
5.642324956507232044e-48
1.532228658201248196e-28
0.000000000000000000e+00
2.135422233504080636e-23
1.179545959086169827e-37
4.098089632470074189e-56
7.661696323234888760e-37
0.000000000000000000e+00
1.072193401543097029e-31
1.103721635299560959e-37
5.452827799352316302e-46
1.099033784313838776e-64
4.185157392261767287e-17
1.499292373680218954e-34
6.471334354565730404e-42
8.177717723134708331e-39
9.550477411030680669e-34
1.285570325207042997e-16
7.721732170738571492e-19
0.000000000000000000e+00
1.228035228893689085e-36
0.000000000000000000e+00
1.058268883377001668e-19
0.000000000000000000e+00
1.557276449691629127e-15
4.771870180965153604e-32
5.614722536509745387e-20
1.161769695427700210e-38
2.382796557336075920e-29
9.187839594971938086e-48
7.509100863401183519e-28
0.000000000000000000e+00
8.694691862127780774e-23
8.656562591867463875e-37
3.002874543689836820e-55
1.873950925007896820e-36
0.000000000000000000e+00
1.750011667575688683e-31
8.103726208921389177e-37
1.995809723718134020e-45
4.024609223472405176e-64
7.704489231464736544e-17
2.755265335261905721e-34
9.410287524189917058e-42
1.189173562246760902e-38
8.181129875557009896e-33
4.198613508896677505e-16
6.546854646820116242e-18
0.000000000000000000e+00
1.036247323792787066e-35
0.000000000000000000e+00
8.544656422612783404e-20
0.000000000000000000e+00
1.257026217360393439e-15
3.856292520803742590e-32
4.531484075963165537e-20
9.390651356829190914e-39
1.927617768163196994e-29
7.444389413259096274e-48
6.063657584162591039e-28
0.000000000000000000e+00
7.041893072534932985e-23
7.001782310961254209e-37
2.433130607801754042e-55
1.516046009268243798e-36
0.000000000000000000e+00
1.414366007012838345e-31
6.551780226966853254e-37
1.618558832809400461e-45
3.262487250437414657e-64
6.210280240868635663e-17
2.224925575414382437e-34
7.677898684877583280e-42
9.703432855314828259e-39
6.610069314151594600e-33
3.389394460464735832e-16
5.347772712089533499e-18
0.000000000000000000e+00
8.506997040955665667e-36
0.000000000000000000e+00
1.192221861208609579e-21
0.000000000000000000e+00
1.081695734798940072e-16
3.241992895865745164e-33
2.248068015515160536e-22
4.548531736350137692e-41
3.213325195601588475e-31
1.211311212912741052e-49
1.896675780016036841e-31
0.000000000000000000e+00
3.511416810330541171e-25
2.770356902221058062e-40
9.465662869295254254e-59
1.330434229899667162e-39
0.000000000000000000e+00
2.354540455139831768e-33
2.588033941422358639e-40
1.677433498184295958e-48
3.327208850605426464e-67
1.114194451714926219e-20
3.921515963236518535e-38
6.683710639281417243e-46
8.444614404409649106e-43
2.005152768010618340e-36
9.073740529460004513e-20
5.061685188825760438e-21
0.000000000000000000e+00
5.413305218411929815e-39
0.000000000000000000e+00
1.331638805819857687e-20
0.000000000000000000e+00
4.354120229426195886e-16
1.335233789642578993e-32
2.510816812776955566e-21
5.201006513168867139e-40
3.670455443216849645e-30
1.417033359390052010e-48
2.449960748451081329e-29
0.000000000000000000e+00
3.901837549761117278e-24
3.636914165140662886e-38
1.263360059807857556e-56
1.749634071647151829e-37
0.000000000000000000e+00
2.692479539877301871e-32
3.402468772945839306e-38
2.240933002743866688e-46
4.516010614912577135e-65
1.433721510163843973e-18
5.135618431037091976e-36
8.865434669362194422e-44
1.120479262701329862e-40
2.617527626039432017e-34
1.174546092309223877e-17
1.762878212697501747e-19
0.000000000000000000e+00
2.802964003745499748e-37
0.000000000000000000e+00
7.849889924497746617e-19
0.000000000000000000e+00
2.307995729532791383e-14
7.084370272158935504e-31
1.248661566948224466e-19
2.586282798576115491e-38
1.327877178034133900e-28
5.127284755085071428e-47
1.392398758219145005e-27
0.000000000000000000e+00
1.940550407397895457e-22
1.071887035220427752e-36
3.724008947868985242e-55
6.962433274081157937e-36
0.000000000000000000e+00
9.743364645504420934e-31
1.002987721019618714e-36
4.955109486256380416e-45
9.987059077881124816e-64
3.803244875653623679e-16
1.362460162277614306e-33
5.880689177823142644e-41
7.431286664615161016e-38
8.678846574697740377e-33
1.168249851669129124e-15
7.016850060313652953e-18
0.000000000000000000e+00
1.115894774847407786e-35
0.000000000000000000e+00
1.047382346953407760e-18
0.000000000000000000e+00
1.541259555692392883e-14
4.722752127271052697e-31
5.556980803628756647e-19
1.149809722532853265e-37
2.358252536843582326e-28
9.093100870839491852e-47
7.431849150559302886e-27
0.000000000000000000e+00
8.605063459773674194e-22
8.567405429720747933e-36
2.971910347036308671e-54
1.854647933081931111e-35
0.000000000000000000e+00
1.731997254021106467e-30
8.020287444913691349e-36
1.975217659421994140e-44
3.983096617215205240e-63
7.625322393415171723e-16
2.726919241847406131e-33
9.312794231135950963e-41
1.176852589358192465e-37
8.096930999453119534e-32
4.155427384210531905e-15
6.479508644174984757e-17
0.000000000000000000e+00
1.025580373522807307e-34
0.000000000000000000e+00
0.000000000000000000e+00
0.000000000000000000e+00
0.000000000000000000e+00
0.000000000000000000e+00
0.000000000000000000e+00
0.000000000000000000e+00
0.000000000000000000e+00
0.000000000000000000e+00
0.000000000000000000e+00
0.000000000000000000e+00
0.000000000000000000e+00
0.000000000000000000e+00
0.000000000000000000e+00
0.000000000000000000e+00
0.000000000000000000e+00
0.000000000000000000e+00
0.000000000000000000e+00
0.000000000000000000e+00
0.000000000000000000e+00
0.000000000000000000e+00
0.000000000000000000e+00
0.000000000000000000e+00
0.000000000000000000e+00
0.000000000000000000e+00
0.000000000000000000e+00
0.000000000000000000e+00
0.000000000000000000e+00
0.000000000000000000e+00
0.000000000000000000e+00
1.537930811905746431e+00
7.183297162942589597e-05
4.761849393109256035e+00
6.836922206627085075e+01
1.019228630845913502e-01
1.749797222858610724e+00
2.411874827947222144e+01
2.813186182844812019e-02
1.521870536530291673e+01
4.068004795056094025e+00
2.144459064073775291e-10
3.274675386446941339e+00
7.168494775044288902e-10
5.857777707034165156e-11
0.000000000000000000e+00
0.000000000000000000e+00
2.277350848049865434e-12
4.200439367495893347e-03
9.565869323292401013e-17
1.525692719216544191e+01
1.653276970227974289e+03
1.999218743572880097e+00
0.000000000000000000e+00
1.960050690651479144e+01
1.142317525706141979e+00
1.716161126128555425e+00
2.203741036273140080e-02
5.644577274908253034e-02
5.865457333119425130e+02
1.139707258334792641e+02
2.213628379209832246e+02
1.169120117846687063e-11
6.927893673686825515e+00
1.247025736245554839e+02
1.172666616524951309e+02
2.014368688385272321e+01
5.111787363156736319e+01
5.035205512375472279e-14
5.586227391389178496e-12
1.479180348070309187e-09
2.361723421260446984e-09
1.167670534487466227e+01
2.782215755290336823e-09
6.467212082955434704e-01
1.887384381500697150e-01
9.445892943779668482e-02
2.927010961109041318e+02
3.041054551150694821e-13
9.996309468746412676e+03
3.525584214640784531e+00
4.539227856097627911e-01
8.520104808581479006e-01
2.690666801706956335e+01
9.649795428083439430e-02
9.650149948016185641e-01
1.038613728579843709e+01
3.661591974398245020e-01
7.443196811591994144e-02
1.409594718067753993e-01
3.010348961140097312e+00
3.895333956409772647e+00
9.994769490127723699e-03
2.055017066517496005e+02
1.801968187279070222e+01
3.618663317802622847e-02
5.183886127582161274e-01
7.395289525996866509e-01
1.874828886161342689e-01
2.205689985454488777e+01
5.021999164819855421e-13
1.532502884483611008e-10
3.407581849351089431e+02
0.000000000000000000e+00
5.272793704556075767e+01
3.756623314922387635e+01
1.889565836074541494e+02
1.619264971147709453e-01
6.867520749621898180e-01
6.553464546488756071e+01
0.000000000000000000e+00
3.238839889009650961e-11
2.361877539905900747e+01
4.190938686049151469e-10
3.031227668247405971e-01
1.609058113083486682e-10
3.070067410711757464e-04
1.750808624850340792e-02
1.962238457690164695e-01
1.437703459506681386e-16
5.083652608469581280e-02
0.000000000000000000e+00
5.517996317582950505e-01
1.072192333285391097e-01
5.835999007241908565e+00
4.157876866581054820e+00
2.014383829017976169e+01
2.338594907463768710e-15
5.706657189901664579e-15
6.871458861132002518e-11
1.676300575011230702e-10
1.555691514332326097e-13
1.454857030532544096e-03
1.039904586056189821e-03
9.664575829865908532e-04
1.802830714455581074e-01
2.501259359188207857e-03
4.897514873000367863e-02
0.000000000000000000e+00
1.614200551830343641e-13
1.257755939098043637e-12
7.102806235354562148e-04
2.166250631932699811e-13
3.991786799774836700e-13
0.000000000000000000e+00
6.324533797278256388e-13
3.292949877041385920e-02
1.084306049452774960e-04
5.781770718423772390e-04
1.123446049667086122e-04
1.105468506269471476e+02
3.342540518996961030e+00
2.944002005052076543e-01
8.633911414134855633e+00
1.677639308099215354e+00
4.858386795220314802e+00
0.000000000000000000e+00
0.000000000000000000e+00
0.000000000000000000e+00
0.000000000000000000e+00
5.991236116289564251e+01
6.623015380715899880e+01
0.000000000000000000e+00
0.000000000000000000e+00
0.000000000000000000e+00
0.000000000000000000e+00
0.000000000000000000e+00
7.070047664572383546e-03
3.406629163465900098e-03
1.042354161341185314e-03
1.499018031454499994e-03
1.973391819239014421e-03
5.376216566653199691e-03
5.376216566653199691e-03
5.376216566653199691e-03
5.376216566653199691e-03
2.018930912422124344e-02
3.794982358112791161e-06
1.263096528889838879e-02
5.376216566653199691e-03
5.376216566653199691e-03
5.376216566653199691e-03
5.376216566653199691e-03
5.376216566653199691e-03
5.376216566653199691e-03
5.376216566653199691e-03
5.376216566653199691e-03
5.376216566653199691e-03
5.376216566653199691e-03
5.376216566653199691e-03
5.376216566653199691e-03
5.376216566653199691e-03
5.717773419555999964e-04
9.420411206955300182e-03
4.703248135821100177e-03
1.498765032630679922e-02
2.770337121422000162e-04
2.087240296962000101e-04
2.309877772440728678e-03
8.741119295056145200e-04
2.417407237689101363e-03
3.714021741452685783e-03
0.000000000000000000e+00
6.027695489271830097e-03
4.944858537049599996e-03
5.293997907016314425e-03
3.162480333325427655e-04
1.579978151604457832e-03
2.670402238434909856e-02
6.297138243677514666e-03
7.589964716225612816e-06
5.172561450617856396e-03
2.356429655335638695e-02
9.476068962166871168e-03
3.948046894811788055e-02
4.696923661734455843e-03
3.744382593337000176e-04
6.324960666650855309e-04
9.635460703758555109e-03
6.793018421020998506e-04
0.000000000000000000e+00
9.487440999976282964e-04
2.469268521012001495e-03
2.023990590993499574e-05
4.346519297648343549e-03
3.748177923253211974e-01
7.663343312332530043e-03
1.264994119370919446e-06
0.000000000000000000e+00
1.927854016982443559e-03
2.529988238741870656e-06
1.264994119370919446e-06
3.288984710364431345e-05
1.920259583674428349e-03
0.000000000000000000e+00
1.095484907375200018e-03
4.800653676033014502e-03
3.393979222272200304e-03
4.667823335376427673e-04
1.178974519253700318e-03
1.759607813065314783e-03
3.428129098393324658e-04
3.162480333325427655e-04
4.882877300771000214e-04
1.783642204823157346e-03
3.047373812625644215e-03
3.825341223957286641e-03
1.574918671637114435e-03
5.059976477483741313e-06
3.162480333325427655e-04
3.275068782030884831e-03
7.691179141080719400e-04
1.602241204038089978e-02
2.244098574743585549e-03
6.933431775251686947e-03
1.381374074863157223e-03
2.788047039093499366e-03
8.322394325300569787e-03
0.000000000000000000e+00
4.111232377486072169e-03
1.223249809941857110e-03
1.984774780272585606e-03
4.187131528138114157e-03
9.487440999976282964e-04
9.487440999976288385e-04
1.123538713914281450e-18
9.008028089142260803e-03
1.269800550863326924e-02
2.029049574450585407e-03
3.465829646977017231e-02
8.914410580145755436e-03
2.261812961006499836e-03
1.420587403033085052e-03
3.151100847863157715e-03
5.735481351186969869e-03
1.177709525134299851e-03
5.897403081017456479e-03
1.319388369993642826e-03
1.264994119370919446e-06
1.011995295496748093e-05
2.703291241471232273e-02
1.496994388420699873e-02
4.094788943464842956e-03
7.527980997396815400e-03
4.288335029768574214e-04
1.547973800384406379e-02
4.161827177158999164e-03
6.312335550966716776e-04
1.138241311401813963e-02
2.139106545386771762e-03
1.638170363646443244e-03
5.082743889081414203e-03
1.156207107655986364e-03
2.909486474553155913e-05
1.945561452102657993e-03
1.657142296375002243e-04
5.059976477483741313e-06
1.739873308990935383e-02
2.201089767704999872e-04
6.324970596854693582e-06
5.059976477483741313e-06
4.933477065546647018e-05
1.271318096947385680e-03
3.684929359258071191e-03
1.770996732220571281e-04
2.384511432463214294e-03
9.689845024176854628e-04
0.000000000000000000e+00
