1.897392000000000053e+03
3.058362069283537608e+02
6.155884064895071894e+00
2.123783121198207198e+02
4.879921872049274301e-01
3.552113049780810159e-74
1.366135718991150937e-102
6.157258341839675353e+00
6.160635601103997772e+00
6.160845508060608822e+00
6.211368680290840771e+00
6.213440794054045035e+00
6.218445104021913750e+00
6.219136692066257410e+00
6.233948283659390022e+00
6.254450988843559323e+00
6.283870961321884607e+00
6.160254659134921873e+00
6.171677734908251445e+00
6.195585891537191969e+00
6.212792307500776268e+00
6.240690740250929736e+00
6.305677663784694964e+00
6.330109133740592142e+00
6.345416111810420645e+00
6.370479354262641891e+00
6.379961785626544923e+00
6.510623742435471817e-01
7.028078128423932469e+01
1.373747242251198486e+01
2.966067816315512439e-04
1.171557145667036042e-05
0.000000000000000000e+00
0.000000000000000000e+00
5.137022510021753163e+01
1.523316916952591669e+02
0.000000000000000000e+00
7.292424357522928169e+00
1.727853967808287372e+00
7.969290168991232349e+03
3.649036610208013620e+00
3.674920217245544046e-02
1.128881111601373505e+03
7.703646001084920591e-01
1.548788321335181850e+00
2.029996995562673945e+01
4.136812437807255272e+00
2.545189305020497672e-01
8.890495405299483345e-01
2.744664648824091557e+00
1.140867517732939440e+01
1.122234348607173304e+00
1.412834604989007232e+02
4.925522762687644018e+01
1.602525373140902687e+01
5.529829859269936065e+01
4.022227860074412575e+00
1.404359228448627839e+01
5.206913478617153146e+00
1.277427699883221246e+00
2.045488050199283592e+01
5.939982598852564522e-01
1.088119601224549768e+02
1.157914427070516261e+01
4.204387568244399631e+00
4.149257627132951853e+01
3.443652111654104786e+00
3.900572372860518833e+00
6.841869707093581887e-01
7.116751318521787084e+01
7.300491545448487551e-01
9.402890533464697498e+00
2.651895286766214355e+01
1.674039527326925025e+01
8.401007333501674113e-02
1.497720318032879916e-01
8.992143445097102813e+03
2.056070324387520021e+00
2.894853142828364145e+00
3.495587438321876572e-01
3.180281557814141485e-02
3.626340742203679191e-02
2.369647433595379118e-03
0.000000000000000000e+00
5.290453956709289862e+00
0.000000000000000000e+00
0.000000000000000000e+00
1.006608243613681175e+00
0.000000000000000000e+00
1.574671617270253066e+01
0.000000000000000000e+00
6.262758761047871638e-04
2.861606483077204152e-03
5.654392519035336616e-06
8.298156605738158476e+01
8.209739643825427619e-03
7.816127083305961871e-05
4.782901584952857554e+00
1.180135303260139208e-09
2.095204190990241003e-05
3.127855914679110266e-09
1.675187372533913432e+01
8.196263800276979523e-05
3.254935578426819802e+02
7.959668593641493516e-07
3.728117780587313912e-01
6.450172700202172393e+01
1.155703273202634293e-04
2.280640382607606778e-06
4.798900624230424228e+01
3.351681974755065961e-04
1.144210391299027947e+02
8.243269265582763614e-08
9.544810374498062207e-05
1.279294483459027850e-03
6.853435035991514823e+00
2.694250250819766462e-02
5.174732118470765942e-05
1.091241508238440438e-03
8.466957178806020601e-08
1.790176575886235614e-06
2.259990039005848303e+03
6.044703898547150536e-07
7.946699766312562987e-05
1.763435492219100706e+04
8.056830618774232441e-03
8.089466508788568933e-02
1.803728194866131162e+03
8.240922544116096281e-04
6.621507034826086026e-03
5.674091473795299899e-03
2.290406386614143308e-01
2.052675326460297100e-06
4.513697735760766050e-01
8.153849041453736774e-11
1.746889760891406445e-12
2.067135490507958524e-12
3.494322026194290453e-04
1.810279928961919533e-10
1.284238259353704392e-01
6.092560398778022801e+00
1.575211982885442783e-11
1.114955365166658311e-12
7.045151929404554024e-13
2.309605050826097340e-09
1.652596089722632449e-10
1.034922139798495778e-10
3.771828379708820114e-12
1.362404349510487775e-18
5.509404516510544680e-10
7.042223122109533109e-13
1.405966381927241863e-10
1.529890316334913776e-14
2.943286914958877632e-09
2.941023465248092614e-12
4.448819926048250986e-16
4.906484361639809117e-18
6.130419302218126832e-19
2.394983214398700470e-16
2.781426411253056192e-17
3.192424630897804169e-17
0.000000000000000000e+00
2.625966111190741969e+01
4.902074613561564576e+01
2.152697231821339434e-04
4.019257718166586242e-04
4.966977335348875944e-05
2.315758428988675334e-13
4.323154497230165407e-13
0.000000000000000000e+00
1.457274411444248230e+01
2.160543258464340112e-04
2.054571779697449418e+00
3.577468064508179668e-02
1.270234306380853793e-02
6.895591777650885712e-01
5.652824830908607983e-06
1.304291995961503334e-06
6.080940458490194852e-15
4.634107364511914592e-11
1.069240481489306008e-11
4.985070615077541567e-20
1.150219208456831581e-20
5.362614002216692782e-29
2.123633516082599759e-01
4.221236822741798907e-03
1.450314022145841930e+00
6.544433341185273978e-02
2.576384834780421341e-16
6.405914033253607897e-24
2.998792652617359169e-32
1.964833436388844159e-17
5.173673399201222833e-20
9.098505771798013737e-18
2.214175840615628200e-19
0.000000000000000000e+00
5.623862323783893817e-15
4.974486949060568224e-20
5.119184722966018264e-29
1.227281532367389368e-27
1.444965340515883211e-22
3.177432768914219789e-28
0.000000000000000000e+00
1.422554042922509955e-36
5.742259271060871318e-36
0.000000000000000000e+00
6.769312943673480916e-31
1.317129060235313858e-36
6.147363800041376428e-45
2.448419835627465471e-16
1.842563410697933432e-38
1.301042910935561378e-16
1.553780135894219370e-17
0.000000000000000000e+00
1.004854820446890411e-31
1.052887269590562883e-38
2.037533872361725589e-47
6.558867262922430792e-47
5.025945550727843925e-55
1.286694968262005537e-63
8.447530198470810954e-34
1.337990478192629774e-41
8.285871949960226621e-34
4.137234527416890940e-35
0.000000000000000000e+00
4.902815200718572797e+00
4.019242237679366035e-05
4.323643389374919443e-14
2.202131125542706197e-19
0.000000000000000000e+00
5.541971776282612179e-15
9.902277499151130598e-32
4.947077583902707586e-20
1.046943350297590829e-38
5.091016353340129487e-29
2.026208572877868708e-47
1.226143923382935899e-27
0.000000000000000000e+00
1.436820080087649335e-22
1.421055789890832982e-36
5.020070763427852850e-55
5.737046420550454943e-36
0.000000000000000000e+00
6.732277958358511820e-31
1.315788997845983530e-36
6.141319709748712575e-45
1.285398019599203911e-63
2.446479070825884255e-16
8.440129087553465843e-34
1.336551121595138364e-41
1.840543580136646806e-38
8.277511221917102020e-34
1.299657124187738301e-16
1.552238292877026423e-17
0.000000000000000000e+00
4.132910923824939344e-35
0.000000000000000000e+00
1.817384809193814471e-17
0.000000000000000000e+00
4.818952148962881847e-35
0.000000000000000000e+00
1.540244570146017006e-23
0.000000000000000000e+00
3.912680728675916211e-19
6.907701081324434349e-36
3.460816852324128796e-24
7.244831794316564937e-43
3.523954068318302072e-33
1.386365759721564294e-51
8.689569097931716533e-32
0.000000000000000000e+00
1.007553494872554222e-26
9.954438732194387356e-41
3.473511156767953876e-59
4.013843805581220399e-40
0.000000000000000000e+00
4.660071620059541316e-35
9.206770859930492239e-41
4.247951832309620097e-49
8.783747806598801896e-68
1.725787403200771192e-20
5.883830791792745885e-38
9.465278465406992954e-46
1.302017271774145137e-42
5.833422152223204220e-38
9.178265894260556417e-21
1.102783839302373751e-21
0.000000000000000000e+00
2.922827905967418268e-39
0.000000000000000000e+00
1.287904580065156985e-18
0.000000000000000000e+00
9.038928761215402019e-14
1.572122654972410863e-30
2.894725068455560377e-19
5.974442636890254888e-38
2.906773528030807049e-28
1.127328176106348746e-46
5.805908214395281606e-28
0.000000000000000000e+00
8.447206057972838688e-22
6.617907168146780145e-37
2.297361118947405459e-55
2.667463636400844159e-36
0.000000000000000000e+00
3.842870000974234507e-30
6.118126144392933592e-37
2.809685228648061585e-45
5.781417202084390831e-64
1.161327652852138395e-16
3.939080315785996330e-34
6.320996606978808541e-42
8.690743547090962491e-39
3.922403953592540578e-34
6.176425606227291125e-17
3.859452044735715381e-17
0.000000000000000000e+00
9.281688635430393864e-35
0.000000000000000000e+00
1.289039283918880121e-18
0.000000000000000000e+00
9.046757869881645830e-14
1.573503556231069117e-30
2.897274804959471153e-19
5.979773958788075790e-38
2.909366653783637510e-28
1.128347629827931740e-46
5.814168860035356360e-28
0.000000000000000000e+00
8.454628444858607898e-22
6.627402909935610554e-37
2.300687136609213204e-55
2.671294208855885127e-36
0.000000000000000000e+00
3.846298693128885040e-30
6.126911773169726549e-37
2.813753542591302415e-45
5.789862434003309939e-64
1.162977719086720034e-16
3.944725523244729566e-34
6.329995685552623664e-42
8.703126334142156051e-39
3.927981921380551844e-34
6.185196147087317829e-17
3.859715790593676676e-17
0.000000000000000000e+00
9.282374031154493095e-35
0.000000000000000000e+00
4.727129542289813453e-17
0.000000000000000000e+00
1.136219844389645927e-34
0.000000000000000000e+00
7.621703174219705495e-23
0.000000000000000000e+00
2.131568183046310802e-18
3.806473124754831717e-35
1.522096419530184712e-23
3.219416407747616282e-42
2.152613617825270949e-32
8.564247843962186999e-51
3.301295516498717736e-31
0.000000000000000000e+00
4.420966729076735848e-26
4.917320713365554415e-40
1.736442463773793212e-58
2.205707625532762948e-39
0.000000000000000000e+00
2.846289694330308632e-34
4.552661763988782736e-40
2.832220334618805748e-48
5.925695394636848390e-67
1.881821154487625959e-20
6.490123504853728950e-38
5.139775350473319596e-46
7.078066239479756965e-43
2.546761164951651528e-37
3.998992208894760405e-20
3.495713831583438571e-21
0.000000000000000000e+00
9.269191620752149301e-39
0.000000000000000000e+00
4.464067802880184090e-22
0.000000000000000000e+00
3.481088517056794845e-17
6.054589146531794157e-34
8.918752706412691355e-23
1.840747995057803944e-41
1.231426800782761325e-31
4.775844149273957695e-50
1.566069283568774315e-31
0.000000000000000000e+00
2.602614603519479888e-25
2.295111871277594437e-40
7.967367316631191605e-59
1.027877669950999941e-39
0.000000000000000000e+00
1.628003484455775123e-33
2.121797140376371501e-40
1.299217854864338504e-48
2.673368184484737548e-67
8.950092120510450602e-21
3.035762001007746298e-38
2.435611187545730613e-46
3.348723974343688147e-43
1.209106870091723877e-37
1.903923791089992199e-20
9.094788864047817365e-21
0.000000000000000000e+00
2.186033357501390752e-38
0.000000000000000000e+00
4.200598907291726159e-20
0.000000000000000000e+00
1.056425102369728679e-15
1.888240875956387577e-32
7.077141580952034672e-21
1.496754091345123137e-39
7.280821364373974560e-30
2.897151035980639695e-48
1.754182307038315916e-28
0.000000000000000000e+00
2.055685154339876879e-23
1.354952032322664855e-37
4.785389775778012436e-56
8.206085815498989186e-37
0.000000000000000000e+00
9.629450361070427987e-32
1.254701423274945764e-37
5.854870702498481282e-46
1.225132672376078256e-64
4.667177928913448326e-17
1.609758628938866087e-34
3.186826665807137413e-42
4.387996379125274208e-39
7.894095303408871295e-35
3.718613834307175852e-17
1.300266534787279594e-18
0.000000000000000000e+00
3.447262515165844388e-36
0.000000000000000000e+00
5.140395977477032301e-20
0.000000000000000000e+00
6.469576163399110137e-16
1.154029855614748075e-32
2.888649769258692859e-20
6.102448726964086067e-39
1.185869602009652181e-29
4.711445536845543495e-48
8.587684630488230728e-28
0.000000000000000000e+00
8.361064862513259275e-23
9.933228968472131063e-37
3.502613026651781847e-55
2.005042567375559608e-36
0.000000000000000000e+00
1.570034808853102160e-31
9.202619803588729716e-37
2.140771374325435120e-45
4.481508928978599965e-64
8.581401159901239061e-17
2.955034543671545471e-34
4.640681908332089439e-42
6.389492835057595889e-39
6.762326471418284451e-34
1.213825492937897248e-16
1.107578931556237647e-17
0.000000000000000000e+00
2.934719763537765612e-35
0.000000000000000000e+00
4.507612896855524840e-20
0.000000000000000000e+00
5.672034364702118030e-16
1.013285643478108005e-32
2.531959739100107812e-20
5.357484050471976089e-39
1.041936532274815414e-29
4.146767239585604081e-48
7.530934296960812797e-28
0.000000000000000000e+00
7.354031721924877311e-23
8.725308437699121890e-37
3.082230302575382830e-55
1.761512752909686102e-36
0.000000000000000000e+00
1.378012297103380192e-31
8.079841478227321958e-37
1.885325313612024719e-45
3.945338532966589807e-64
7.513105186545728078e-17
2.591513237637485935e-34
4.101342614288787165e-42
5.647803245825876332e-39
5.926898874491870902e-34
1.063558224302512897e-16
9.766825716712874386e-18
0.000000000000000000e+00
2.589584861903838758e-35
0.000000000000000000e+00
6.807355071012007013e-22
0.000000000000000000e+00
5.308388108645384577e-17
9.232663936010635519e-34
1.360048787163420510e-22
2.806982740785278187e-41
1.877809237608208251e-31
7.282666319702445687e-50
2.388153283485497286e-31
0.000000000000000000e+00
3.968817679270480625e-25
3.499832466584644391e-40
1.214941413594484828e-58
1.567425713868227335e-39
0.000000000000000000e+00
2.482565943571186492e-33
3.235559650573786872e-40
1.981172944411041081e-48
4.076558530849066744e-67
1.364833183806900162e-20
4.629291263864640202e-38
3.713963779765773905e-46
5.106326297336216719e-43
1.843720485415462269e-37
2.903226008089884553e-20
1.386896238465809869e-20
0.000000000000000000e+00
3.333561733091443018e-38
0.000000000000000000e+00
5.869514123646315618e-21
0.000000000000000000e+00
1.641532424581220103e-16
2.931383170744227674e-33
1.172174703829988526e-21
2.479287736419181029e-40
1.657737926465898976e-30
6.595363754072761776e-49
2.542345978337407279e-29
0.000000000000000000e+00
3.404610721911568386e-24
3.786853491583474203e-38
1.337242236428839886e-56
1.698626459787879235e-37
0.000000000000000000e+00
2.191940760996986010e-32
3.506027255566327627e-38
2.181105553661428528e-46
4.563401671002814868e-65
1.449200688534163821e-18
4.998076803174540741e-36
3.958168300742985522e-44
5.450856625948254540e-41
1.961274604075297745e-35
3.079646012786498546e-18
2.692069378317476570e-19
0.000000000000000000e+00
7.138257943271734089e-37
0.000000000000000000e+00
3.817223705717975495e-19
0.000000000000000000e+00
9.599754095762718740e-15
1.715879908355425763e-31
6.431215717320235872e-20
1.360102835835004980e-38
6.616211924644686703e-29
2.632667334524195149e-47
1.594083342419224860e-27
0.000000000000000000e+00
1.868073616059056185e-22
1.231272867348815623e-36
4.348532358375107080e-55
7.457075549898269729e-36
0.000000000000000000e+00
8.750514681609728745e-31
1.140178278019928460e-36
5.320410717256608409e-45
1.113283816558043461e-63
4.241238161287648783e-16
1.462831876381779183e-33
2.895985323818378257e-41
3.987507685751028497e-38
7.173624840931977079e-34
3.379237675050441133e-16
1.181605934984563801e-17
0.000000000000000000e+00
3.132647907387491334e-35
0.000000000000000000e+00
5.087470890756740513e-19
0.000000000000000000e+00
6.402974974161852528e-15
1.142137606434859089e-31
2.858917588170522489e-19
6.039569712318220435e-38
1.173643736768231850e-28
4.662816112411886861e-47
8.499264666523039007e-27
0.000000000000000000e+00
8.274805011193504243e-22
9.830839342981284427e-36
3.466465285844394907e-54
1.984372989986890417e-35
0.000000000000000000e+00
1.553859956065884610e-30
9.107790565713358117e-36
2.118666325190541089e-44
4.435245249139943159e-63
8.493142400740318502e-16
2.924607832251060102e-33
4.592648267110253815e-41
6.323350906184703743e-38
6.692725731818114635e-33
1.201334742489538790e-15
1.096188067816972297e-16
0.000000000000000000e+00
2.904535026967915574e-34
0.000000000000000000e+00
0.000000000000000000e+00
0.000000000000000000e+00
0.000000000000000000e+00
0.000000000000000000e+00
0.000000000000000000e+00
0.000000000000000000e+00
0.000000000000000000e+00
0.000000000000000000e+00
0.000000000000000000e+00
0.000000000000000000e+00
0.000000000000000000e+00
0.000000000000000000e+00
0.000000000000000000e+00
0.000000000000000000e+00
0.000000000000000000e+00
0.000000000000000000e+00
0.000000000000000000e+00
0.000000000000000000e+00
0.000000000000000000e+00
0.000000000000000000e+00
0.000000000000000000e+00
0.000000000000000000e+00
0.000000000000000000e+00
0.000000000000000000e+00
0.000000000000000000e+00
0.000000000000000000e+00
0.000000000000000000e+00
0.000000000000000000e+00
0.000000000000000000e+00
1.534639881020644303e+00
7.183298100086560963e-05
6.185915141377665627e+00
7.425971984609681442e+01
1.000477408127660173e-01
1.865751472670759803e+00
2.433139190678148367e+01
2.591418525192204156e-02
1.669238318940933752e+01
4.101118339932739332e+00
5.523566920577644354e-11
3.583915428022019789e+00
4.950681155553859237e-10
1.501617332956106150e-11
0.000000000000000000e+00
0.000000000000000000e+00
9.585680280082073851e-13
4.200439306698986776e-03
4.026404682205411980e-17
1.447831612050585726e+01
1.540212199222684831e+03
1.952001303783261088e+00
0.000000000000000000e+00
2.357695263271296326e+01
1.264612023993321621e+00
1.807774506604742371e+00
2.157376716494560642e-02
5.521337260621162618e-02
5.430205782573839315e+02
1.137260767608592005e+02
2.381470077985898399e+02
1.355011212691413665e-11
7.530028779255320437e+00
1.355410083404214561e+02
1.160884365196010322e+02
2.167444413891997712e+01
5.500814386831837055e+01
1.250186264274705867e-13
1.256242954289112092e-11
1.124463470531097115e-09
1.945746580458845246e-09
1.941221276246990612e+01
3.757652707641533146e-09
6.467211940206319953e-01
1.153789088206117752e-01
5.779433813629336614e-02
1.369673108980857421e+02
1.280480522126688393e-13
9.996254256373707904e+03
3.553242735573578948e+00
4.417839395912376288e-01
7.376365671325881834e-01
2.376963532790563249e+01
1.068294743765614147e-01
1.068360690199916974e+00
1.369124889546602120e+01
4.864417386320737391e-01
1.268264544050164144e-01
6.758410524736882530e-02
4.037835385314430425e+00
2.531649615906931494e+00
1.107114234370951480e-02
1.818389229764578943e+02
1.764749991458124967e+01
4.673134017167120818e-02
5.171969695433454861e-01
8.066489518172720308e-01
2.415733456176293037e-01
2.111708636970568875e+01
2.023692211219108497e-13
6.173040201600013109e-11
3.414176099521371270e+02
0.000000000000000000e+00
5.085428796662746720e+01
3.795258299071212349e+01
2.053785375324615643e+02
1.836154969748321764e-01
8.621552977229455239e-01
6.667027573095795390e+01
0.000000000000000000e+00
1.629133166170282605e-11
2.864742296572969948e+01
1.303004077227743805e-10
4.387851588893792454e-01
5.971811258829855217e-11
4.497069998543934736e-04
1.867948970037335357e-02
2.361097924046956509e-01
5.637635669844819008e-17
4.710280238125474223e-02
0.000000000000000000e+00
4.996991646243615914e-01
1.046531737040336252e-01
6.055387611402855086e+00
4.519139640637718891e+00
2.167455398892978025e+01
6.249003862672032489e-15
1.540116450079006111e-14
5.622132220082641306e-11
1.385302608980301897e-10
6.281015460410052739e-14
1.427059270943979979e-03
1.196056800815195869e-03
1.070266609028816584e-03
1.766074972166954971e-01
2.762751335504213743e-03
5.310829869958216126e-02
0.000000000000000000e+00
5.989869004784869097e-14
3.910667501971020955e-13
8.916724002833232351e-04
5.598290829216865148e-14
4.674051460695744295e-13
0.000000000000000000e+00
1.545061040685249866e-12
3.057689390408336108e-02
9.348838487333667501e-05
4.615097492110984095e-04
9.665507338942421920e-05
1.114300956099668412e+02
4.878467561705481792e+00
3.267007876328440474e-01
8.870220673187494853e+00
1.857711308625667801e+00
5.510668533241749323e+00
0.000000000000000000e+00
0.000000000000000000e+00
0.000000000000000000e+00
0.000000000000000000e+00
5.966210208432493545e+01
6.648041288573661234e+01
0.000000000000000000e+00
0.000000000000000000e+00
0.000000000000000000e+00
0.000000000000000000e+00
0.000000000000000000e+00
5.488807497909671020e-03
3.722877196798442864e-03
3.162480333325427655e-04
1.499018031454499994e-03
2.922135919236642718e-03
5.376216566653199691e-03
5.376216566653199691e-03
5.376216566653199691e-03
5.376216566653199691e-03
2.303554142421412876e-02
3.794982358112791161e-06
1.516094955555872745e-02
5.376216566653199691e-03
5.376216566653199691e-03
5.376216566653199691e-03
5.376216566653199691e-03
5.376216566653199691e-03
5.376216566653199691e-03
5.376216566653199691e-03
5.376216566653199691e-03
5.376216566653199691e-03
5.376216566653199691e-03
5.376216566653199691e-03
5.376216566653199691e-03
5.376216566653199691e-03
5.717773419555999964e-04
9.420411206955300182e-03
4.703248135821100177e-03
1.498765032630679922e-02
2.770337121422000162e-04
2.087240296962000101e-04
1.677381705775643148e-03
1.822856029503242600e-03
5.896135604347070916e-03
1.184037474792343659e-03
3.162480333325427655e-04
5.078951389274201367e-03
1.466130170391628709e-03
4.345253807018685695e-03
1.714066038727185288e-03
1.579978151604456097e-03
2.828526255101181108e-02
8.194626443672772126e-03
7.589964716225612816e-06
8.967537850608369582e-03
1.723933588670553685e-02
8.843572895501786504e-03
3.726673271479007815e-02
4.064427595069370312e-03
6.906862926662428372e-04
5.047326536290000238e-04
8.686716603760927247e-03
3.630538087695571394e-04
3.162480333325427655e-04
2.101154735764842758e-03
1.836772454346914663e-03
2.023990590993499574e-05
3.714023230983258452e-03
4.247849815918629535e-01
1.746703234564135621e-02
1.264994119370919446e-06
0.000000000000000000e+00
4.141590250310243568e-03
2.529988238741870656e-06
1.264994119370919446e-06
0.000000000000000000e+00
6.552674503442572872e-04
0.000000000000000000e+00
4.629888407101145410e-04
4.168157609367928972e-03
4.026475288937285402e-03
0.000000000000000000e+00
8.627264859211575525e-04
2.075855846397857765e-03
2.656487650678970711e-05
3.162480333325427655e-04
9.487440999976282964e-04
4.313626471483499036e-03
6.209854145951070568e-03
5.722829423952542800e-03
2.839910804967285714e-03
0.000000000000000000e+00
0.000000000000000000e+00
2.958820748698342933e-03
4.528698807755292288e-04
7.799963173734783539e-03
2.876594641408671080e-03
8.198423908581857142e-03
1.381374074863157223e-03
4.053039172423671295e-03
6.741154158637855526e-03
0.000000000000000000e+00
4.111232377486072169e-03
2.488241943272028172e-03
1.036030680274957309e-03
5.135875628135742020e-03
3.478728366657970854e-03
3.162480333325433076e-04
1.953150423798443672e-03
8.375532022477193486e-03
7.954285008645126456e-03
2.977793674448213704e-03
1.979463890314065930e-02
6.700674346817957379e-03
7.321781494327181915e-03
7.880913363679998467e-04
2.834852814530614950e-03
5.419233317854428404e-03
1.177709525134300501e-03
1.032487554767305346e-02
1.003140336661100061e-03
1.264994119370919446e-06
1.011995295496748601e-05
1.628047928140586784e-02
1.971366438419514325e-02
6.308525176792641881e-03
6.262988864066640869e-03
4.288335029768574214e-04
1.706097817050679366e-02
2.580587010496285336e-03
1.263729621761756992e-03
8.219932780692711105e-03
2.771602612051857727e-03
3.535658563641700270e-03
3.185255689086157176e-03
3.369943340983785722e-03
2.909486474553155913e-05
2.578057518767742657e-03
0.000000000000000000e+00
5.059976477483741313e-06
1.961246932323715622e-02
0.000000000000000000e+00
6.324970596854693582e-06
5.059976477483741313e-06
4.933477065546647018e-05
9.550700636148428064e-04
5.266169525920785452e-03
0.000000000000000000e+00
8.032712658005000325e-04
3.364884357525999318e-04
0.000000000000000000e+00
