1.897392000000000053e+03
3.002223715248813960e+02
7.616374095502735031e+00
1.445954870826222702e+02
1.848544531323389473e+00
5.188686701010250475e-69
2.438759015974529777e-101
7.608012192184336442e+00
7.594223275010584473e+00
7.593383950426837892e+00
7.531221938440990193e+00
7.528759832726537482e+00
7.523257884894542613e+00
7.522505457535949347e+00
7.509183715259056591e+00
7.494401433956572767e+00
7.478379204187447726e+00
7.597226205354926876e+00
7.570171373079937815e+00
7.537428696028620756e+00
7.519255938889689794e+00
7.497639399315439768e+00
7.469310507794936882e+00
7.461161361625302746e+00
7.456974500804832928e+00
7.452383015924267440e+00
7.450967057867694976e+00
2.300698137719991709e-01
5.877263732532190232e+01
1.396499864720311201e+01
5.393792803592429696e-04
1.353962289391051030e-05
0.000000000000000000e+00
0.000000000000000000e+00
7.067216304803166338e+01
1.524166193493578589e+02
0.000000000000000000e+00
8.213427618440896083e+00
2.002465414040135450e+00
7.969012336168271759e+03
3.184426604132086780e+00
3.324970238211003709e-02
1.129191650143457537e+03
6.388626638818504233e-01
1.485014063090905223e+00
1.832113009178685203e+01
3.749968952372273900e+00
2.551390325695655492e-01
8.903346050038062343e-01
2.749591699505004261e+00
1.140864674579970917e+01
1.121709864314256899e+00
1.412952501865242425e+02
4.925846459383360809e+01
1.601859181433313495e+01
5.529829507408173583e+01
4.023483229511048087e+00
1.404647366713737355e+01
5.205248043560314564e+00
1.274106968758665248e+00
2.040624410043865566e+01
5.937312465183978150e-01
1.088127384569429523e+02
1.157612785712619186e+01
4.205010868627488740e+00
4.148043435359241471e+01
3.443640798338621245e+00
3.900598211387430236e+00
6.841912018838086640e-01
7.116751092302867221e+01
7.300539713420768351e-01
9.402896786370819271e+00
2.651895056371679260e+01
1.674039657597134223e+01
8.382815689678831117e-02
1.497720318032879916e-01
8.994287566201306618e+03
1.799180707935909007e+00
2.900592684028269641e+00
3.228519347564651754e-01
3.191665785673925004e-02
3.631788787010564040e-02
2.374462750429336220e-03
0.000000000000000000e+00
5.196786469150837640e+00
0.000000000000000000e+00
0.000000000000000000e+00
6.873639958073448630e-01
0.000000000000000000e+00
1.621015926657616291e+01
0.000000000000000000e+00
6.087388080723006405e-04
2.861774957262933940e-03
5.496390780023408201e-06
8.844867278527567578e+01
8.501003945863070191e-03
9.764844876670088095e-05
4.831808500251319138e+00
1.489438778967950036e-09
2.578738787794366392e-05
3.962999659063060998e-09
1.388016216870743946e+01
8.484303489966300773e-05
3.215089313821573569e+02
9.822417698920746630e-07
3.849499314126896832e-01
6.219624515722126290e+01
1.084814924764600371e-04
3.147786491478955602e-06
3.324936799593212555e+01
3.209811291998138473e-04
1.219641910639193583e+02
1.212765351428342017e-07
1.562277687287371808e-04
2.113434709720776912e-03
4.748255502699388231e+00
3.069063406286341028e-02
1.412304625769360668e-04
2.051350757927935652e-03
6.306802368343337421e-07
9.164544851668176276e-06
2.259955366156062610e+03
4.502449691278918021e-06
3.883372264654261024e-04
1.756990243380392712e+04
3.922673980071224309e-02
3.910104750784562100e-01
1.798012703259865248e+03
4.014264532042443982e-03
2.595103063775142105e-02
2.732650880485358591e-02
1.408154998346719533e-01
6.077799356314540029e-06
4.626000477165385649e-01
1.892282941317024301e-11
2.566110343102627122e-13
3.158636857503769288e-13
8.263478462021616811e-04
2.141812220031563128e-11
2.439974709982301593e-01
6.099364806601219158e+00
2.375168568354363519e-11
3.493313616543605227e-12
1.861880314075575016e-12
2.403320380496420416e-09
3.599930377197474069e-10
1.913797789160890644e-10
6.169181717979787570e-12
2.375235137780967496e-18
6.191373294817698894e-10
1.146863474834891447e-12
2.287901010457574012e-10
1.863979788284375370e-14
4.412078589052368298e-09
4.415518433894914304e-12
4.924604030152815231e-16
4.863820734702556233e-18
6.076723837066495823e-19
1.084611988638994204e-16
4.069681451331395413e-17
9.464526534308951431e-18
0.000000000000000000e+00
2.793065390727463182e+01
5.191433543146839469e+01
2.157436257309915551e-04
4.010773680830632243e-04
4.956718250264070737e-05
2.300620188201828573e-13
4.276416523512638464e-13
0.000000000000000000e+00
1.647909237875058963e+01
2.160542591602301703e-04
2.029416827113557531e+00
3.488045331520181480e-02
1.209092235902356136e-02
7.801061537286947400e-01
6.025759752443453598e-06
1.384420431131639012e-06
6.425600406114728353e-15
4.654537138333519974e-11
1.069381551286953082e-11
4.963390003718922579e-20
1.140340606183196855e-20
5.292736871613015653e-29
2.715571014179785636e-01
4.118509044826385891e-03
9.911318456737258087e-01
9.247831754016234973e-02
2.568454464096096886e-16
5.675552837906107777e-24
2.667746396410572158e-32
1.935527874183287195e-17
2.341816812909827717e-20
1.089579762930446116e-17
2.158515814640155751e-19
0.000000000000000000e+00
5.824841253457272822e-15
4.825006549666985439e-20
5.036026107410958636e-29
1.093535841359706861e-27
1.349865168108643885e-22
2.810618315763257880e-28
0.000000000000000000e+00
1.254181053876579670e-36
5.131827784365416744e-36
0.000000000000000000e+00
6.359488407883875786e-31
1.172418711596327911e-36
5.441036079208366522e-45
2.720216249517612383e-16
2.900428798444140672e-39
1.389933273331994625e-16
2.989554505435832624e-18
0.000000000000000000e+00
1.107493886841671407e-31
1.020543214001800620e-38
2.021410420144519818e-47
5.626675526750370357e-47
4.358200211995722732e-55
1.104237463907929577e-63
8.905051572934710950e-34
2.740635292896511745e-42
1.208701440847505986e-33
2.352156198743845633e-36
0.000000000000000000e+00
5.192356990567462915e+00
4.010765093392889056e-05
4.276904841690786221e-14
2.145600602892299233e-19
0.000000000000000000e+00
5.731140594923279500e-15
1.089676731810945149e-31
4.795790345577953942e-20
1.014222479055919507e-38
5.005538714093446987e-29
2.009058437540989132e-47
1.092494592988558350e-27
0.000000000000000000e+00
1.341475498300396136e-22
1.252808065992535087e-36
4.352902576333315721e-55
5.126982367988652831e-36
0.000000000000000000e+00
6.321189755991046039e-31
1.171181832110701788e-36
5.435413122575040521e-45
1.103080367099517683e-63
2.717838397400497222e-16
8.896552805406842124e-34
2.736407512992171036e-42
2.896072102131546780e-39
1.207106414261469257e-33
1.388188226773985923e-16
2.986413105850636200e-18
0.000000000000000000e+00
2.349648255835589323e-36
0.000000000000000000e+00
3.485560986701397435e-18
0.000000000000000000e+00
2.738950188537312778e-36
0.000000000000000000e+00
1.506800792357324486e-23
0.000000000000000000e+00
4.055967942930072987e-19
7.621073209417663064e-36
3.368134259798236533e-24
7.045575149340457777e-43
3.477054036689330559e-33
1.379681307229634850e-51
7.783424648402171903e-32
0.000000000000000000e+00
9.437201613209021807e-27
8.822664404485368276e-41
3.029980028002527340e-59
3.606336426119286027e-40
0.000000000000000000e+00
4.390503140494860667e-35
8.239059665759628431e-41
3.779819552824947978e-49
7.586326841455065978e-68
1.911591922046461832e-20
6.190556609373768752e-38
1.865024362244295836e-46
1.968907565164024113e-43
8.367466732708058507e-38
9.740777868260694311e-21
2.129589366732565509e-22
0.000000000000000000e+00
1.673604527081417590e-40
0.000000000000000000e+00
1.375877762922999762e-18
0.000000000000000000e+00
1.020730598928454186e-13
1.888340802677844619e-30
3.075632933619919682e-19
6.343200079332258367e-38
3.130995702798943805e-28
1.224661169860867224e-46
5.597601272335059268e-28
0.000000000000000000e+00
8.632631149293907089e-22
6.313984203463645125e-37
2.158082723836812526e-55
2.580155427113935871e-36
0.000000000000000000e+00
3.953131571840795596e-30
5.894195357028312233e-37
2.691676170029521093e-45
5.379007711641162493e-64
1.379838703334762740e-16
4.448362693384073543e-34
1.318475730116017276e-42
1.388598430132617607e-39
5.999887836862781842e-34
7.019940012384469973e-17
7.906274385607496023e-18
0.000000000000000000e+00
5.677173576402395479e-36
0.000000000000000000e+00
1.377096001460287079e-18
0.000000000000000000e+00
1.021621910313139222e-13
1.890013519892235902e-30
3.078356054462426719e-19
6.348890241219134822e-38
3.133804131895498688e-28
1.225774729272842427e-46
5.605570839108212226e-28
0.000000000000000000e+00
8.640260821576126325e-22
6.323049326688191391e-37
2.161207296291006038e-55
2.583862578068327224e-36
0.000000000000000000e+00
3.956677834056915180e-30
5.902663952527920472e-37
2.695575581976631040e-45
5.386862512060229015e-64
1.381812177678452581e-16
4.454774576734973471e-34
1.320413141027093715e-42
1.390644105071284588e-39
6.008562249620248265e-34
7.030000073246646279e-17
7.906815028307150937e-18
0.000000000000000000e+00
5.677589708920570332e-36
0.000000000000000000e+00
9.682338219679431513e-18
0.000000000000000000e+00
6.949100685830899593e-36
0.000000000000000000e+00
9.326767748581687129e-23
0.000000000000000000e+00
2.768354032470543651e-18
5.260440296814662808e-35
1.853217011053260613e-23
3.916929961793830084e-42
2.658076569180951459e-32
1.066464804903426850e-50
3.694512979205777238e-31
0.000000000000000000e+00
5.183937168310031420e-26
5.444876442588502348e-40
1.891102791764441289e-58
2.475754417038885369e-39
0.000000000000000000e+00
3.356334304439898865e-34
5.089647125407669220e-40
3.148284525686862007e-48
6.386901959697288772e-67
2.625073082211082133e-20
8.590346034644639213e-38
1.319376588140740171e-46
1.396778613880978078e-43
4.661431808309465888e-37
5.362928206411820965e-20
8.420589343804877706e-22
0.000000000000000000e+00
6.617635657660105990e-40
0.000000000000000000e+00
5.989863290975525028e-22
0.000000000000000000e+00
4.937409993251038869e-17
9.134155348193511014e-34
1.190203889137159047e-22
2.454681978350754657e-41
1.665979557306170587e-31
6.516365408939625810e-50
1.896412767495057880e-31
0.000000000000000000e+00
3.340642889336315739e-25
2.750277419196792850e-40
9.400336132146303955e-59
1.248759177682887476e-39
0.000000000000000000e+00
2.103443209621386147e-33
2.567437381649069645e-40
1.563280239554227465e-48
3.124036898318709380e-67
1.335645379124491236e-20
4.305890623619872514e-38
6.380926170345654509e-47
6.720293401483321755e-44
2.322976297306369652e-37
2.717910128182333686e-20
2.339728443287064163e-21
0.000000000000000000e+00
1.679242318598802438e-39
0.000000000000000000e+00
3.366039332040892127e-20
0.000000000000000000e+00
8.984585085953085987e-16
1.708859188269264941e-32
5.642476435707132156e-21
1.192507452227919426e-39
5.887419219656005741e-30
2.362543479907127817e-48
1.285479681445385246e-28
0.000000000000000000e+00
1.578447031998110698e-23
9.824506062444400759e-38
3.412760343050134207e-56
6.031476154371267037e-37
0.000000000000000000e+00
7.435919098576906124e-32
9.185275444016967731e-38
4.261892950177604153e-46
8.647217696406546702e-65
4.263631354272640810e-17
1.395352911120114837e-34
5.360347625703515332e-43
5.673395717903488064e-40
9.463888896030361782e-35
3.265968800683961674e-17
2.050969661059155588e-19
0.000000000000000000e+00
1.611525422878917202e-37
0.000000000000000000e+00
5.853694678504196063e-20
0.000000000000000000e+00
7.816507440016099022e-16
1.483772678934403746e-32
3.272822155934646517e-20
6.909263639901184701e-39
1.362627245251513801e-29
5.459760219719787156e-48
8.944853885418367154e-28
0.000000000000000000e+00
9.122226375330366836e-23
1.023737313952230372e-36
3.550858411687583038e-55
2.094718062157937614e-36
0.000000000000000000e+00
1.722772532610295873e-31
9.575852519932928740e-37
2.214984987732947051e-45
4.496749081132508252e-64
1.113042716632096062e-16
3.637204844007951531e-34
1.101626534859419195e-42
1.166985138058871657e-39
1.148843211394886333e-33
1.512862433720466576e-16
2.482715272074677144e-18
0.000000000000000000e+00
1.950556850689679801e-36
0.000000000000000000e+00
4.023660494702765428e-20
0.000000000000000000e+00
5.373663445827312950e-16
1.021532136185487991e-32
2.248722775566391377e-20
4.754871158618786611e-39
9.385420539186763409e-30
3.766913566450641317e-48
6.147565561469815393e-28
0.000000000000000000e+00
6.290254186051180140e-23
7.047437165714520956e-37
2.448586918590575417e-55
1.442237477430408358e-36
0.000000000000000000e+00
1.185371917892885079e-31
6.588979492666666547e-37
1.528744412344347088e-45
3.101975030080163038e-64
7.645887003009402816e-17
2.502406003601427407e-34
7.686985395770988028e-43
8.136377408576881701e-40
7.916109139930401518e-34
1.040600915605140225e-16
1.716118705879141840e-18
0.000000000000000000e+00
1.348502024472757506e-36
0.000000000000000000e+00
9.689138176307211804e-22
0.000000000000000000e+00
7.986679555054256398e-17
1.477508684196241557e-33
1.925272770213453415e-22
3.970645568793638763e-41
2.694839724999248777e-31
1.054061762476454277e-49
3.067652708115890237e-31
0.000000000000000000e+00
5.403829404362573446e-25
4.448791250495808114e-40
1.520569732033097199e-58
2.019976903310847812e-39
0.000000000000000000e+00
3.402488511385751272e-33
4.153054033717070742e-40
2.528712366682197106e-48
5.053284751207103803e-67
2.160536972978600135e-20
6.965121914876338848e-38
1.032086878113355586e-46
1.086973985163816103e-43
3.757400497266540282e-37
4.396258890880812223e-20
3.784768144804935746e-21
0.000000000000000000e+00
2.716363023041150595e-39
0.000000000000000000e+00
7.619130066990167381e-21
0.000000000000000000e+00
2.261496500829022313e-16
4.297303053436730348e-33
1.513911745511284459e-21
3.199776803225944571e-40
2.171407690780362660e-30
8.712045867820798279e-49
3.018085767763800126e-29
0.000000000000000000e+00
4.234810940244631923e-24
4.447972881802479790e-38
1.544859441659261132e-56
2.022467901029506564e-37
0.000000000000000000e+00
2.741820466571017605e-32
4.157781942748589363e-38
2.571862566035933138e-46
5.217515920487942701e-65
2.144448097569028845e-18
7.017535151062743814e-36
1.077809049604601643e-44
1.141039909906679156e-41
3.807966936731869662e-35
4.381028715934673703e-18
6.878867830354879226e-20
0.000000000000000000e+00
5.406017010632350227e-38
0.000000000000000000e+00
3.058844203885625680e-19
0.000000000000000000e+00
8.164325124904969053e-15
1.552876123733504569e-31
5.127511413385356290e-20
1.083637667767432992e-38
5.350022193898555184e-29
2.146872934482147558e-47
1.168163857081218117e-27
0.000000000000000000e+00
1.434394960300389440e-22
8.927778363551377034e-37
3.101228327655670365e-55
5.480982592900240965e-36
0.000000000000000000e+00
6.757223107603730200e-31
8.346931659061790362e-37
3.872868223135705282e-45
7.857817361865273277e-64
3.874511965423677730e-16
1.267993760175002742e-33
4.870923921297415043e-42
5.155398502772583518e-39
8.600018566339512940e-34
2.967886475997461699e-16
1.863808263357058590e-18
0.000000000000000000e+00
1.464459944962421856e-36
0.000000000000000000e+00
5.793439463196211096e-19
0.000000000000000000e+00
7.736039784584683090e-15
1.468482950324348126e-31
3.239143007111994236e-19
6.838086734014452326e-38
1.348581654194855546e-28
5.403418754370471213e-47
8.852789653781684221e-27
0.000000000000000000e+00
9.028126370776435392e-22
1.013188734431226091e-35
3.514228742542107620e-54
2.073132112196317670e-35
0.000000000000000000e+00
1.705027096266329625e-30
9.477214066114567415e-36
2.192122229417217071e-44
4.450350470124287879e-63
1.101590462080803983e-15
3.599741860766738856e-33
1.090170446873636987e-41
1.154856306905169454e-38
1.136997983201374169e-32
1.497282571795863619e-15
2.457181223520138492e-17
0.000000000000000000e+00
1.930495451184241354e-35
0.000000000000000000e+00
0.000000000000000000e+00
0.000000000000000000e+00
0.000000000000000000e+00
0.000000000000000000e+00
0.000000000000000000e+00
0.000000000000000000e+00
0.000000000000000000e+00
0.000000000000000000e+00
0.000000000000000000e+00
0.000000000000000000e+00
0.000000000000000000e+00
0.000000000000000000e+00
0.000000000000000000e+00
0.000000000000000000e+00
0.000000000000000000e+00
0.000000000000000000e+00
0.000000000000000000e+00
0.000000000000000000e+00
0.000000000000000000e+00
0.000000000000000000e+00
0.000000000000000000e+00
0.000000000000000000e+00
0.000000000000000000e+00
0.000000000000000000e+00
0.000000000000000000e+00
0.000000000000000000e+00
0.000000000000000000e+00
0.000000000000000000e+00
0.000000000000000000e+00
1.534424894264052597e+00
7.183297469457847922e-05
6.869409630030990144e+00
8.580829650601192782e+01
1.256605668438115775e-01
2.332722663311567857e+00
2.000883985388899333e+01
3.420931259821381049e-02
1.483017011786789574e+01
4.790751021124629361e+00
1.978065247318280878e-10
3.283348736477109675e+00
4.639953852586988936e-10
4.556602567641544638e-11
0.000000000000000000e+00
0.000000000000000000e+00
8.180277733412980224e-13
4.200441011821157838e-03
3.436075635366712505e-17
1.581666497148384920e+01
1.633821728889282440e+03
1.877652618808115070e+00
0.000000000000000000e+00
2.602987273874003193e+01
1.401997258215415210e+00
2.190135282415692775e+00
3.105892169442025716e-02
1.043811962054152775e-01
3.580055326816753904e+02
1.170210349312949489e+02
3.822926838374129943e+02
1.809811264970063355e-11
7.497550741079285430e+00
1.349564883432197746e+02
1.189852490049986926e+02
2.211968597299967954e+01
5.613378491224288069e+01
1.106494111072860543e-13
1.269857305355270097e-11
1.028983542707093879e-09
1.783536739129122724e-09
1.840610966456293340e+01
3.180772965965508209e-09
6.467211782324976399e-01
1.522900782563187394e-01
7.624149939668693754e-02
2.146649530616214179e+02
1.092497458590577529e-13
9.996245022859235178e+03
3.588628605727957499e+00
4.264367531169912517e-01
7.887513832038701711e-01
2.438917812697827969e+01
8.631798106315390073e-02
8.632667027670878346e-01
1.005890118803824862e+01
3.609380704163451803e-01
8.457733817991230918e-02
8.521843861709618717e-02
4.094048628476995688e+00
3.069097885099461465e+00
8.953281342523197739e-03
1.958569299656808482e+02
1.534974728515700981e+01
3.298195112228175657e-02
5.430943914278636431e-01
7.892331343700154100e-01
1.789950921316505184e-01
2.151918318829883603e+01
1.759910921185114150e-13
5.393330236519070319e-11
3.425044469905811297e+02
0.000000000000000000e+00
2.408905591837771354e+01
2.354152553032319872e+01
2.044952138218440894e+02
1.335047259963260957e-01
5.005238275473870013e-01
7.001990944834778929e+01
0.000000000000000000e+00
1.478806845450838266e-11
2.752949705206239628e+01
3.800642762265155949e-10
4.514334888752450925e-01
1.865514530224869276e-10
5.594911705190020899e-04
2.336059123962276607e-02
2.606348719162993044e-01
5.103482796205697143e-17
4.949698100687994345e-02
0.000000000000000000e+00
6.228162021082104260e-01
2.035792900159626440e-01
4.604533457184992074e+00
4.499867853237906168e+00
2.211984077034270157e+01
5.644281833641577526e-15
1.357263533579610151e-14
5.251594533640321580e-11
1.262585144420374034e-10
5.479703586336951310e-14
1.391202720696054938e-03
9.489673244925682285e-04
8.652530957833209089e-04
1.537042437681147011e-01
2.344165780780276855e-03
5.552874955066232354e-02
0.000000000000000000e+00
1.869998726000786486e-13
1.140370062764584253e-12
5.238591222247558155e-04
1.984463993554432310e-13
3.872382432947160042e-13
0.000000000000000000e+00
1.555716969774870343e-12
4.772004133923608837e-02
2.276977206525530525e-04
7.410629722829194460e-04
2.422306173708479017e-04
1.081787388822386049e+02
4.870389660052204306e+00
4.795528312311878594e-01
8.584094614224875741e+00
2.805867661640630839e+00
4.003003365562995519e+00
0.000000000000000000e+00
0.000000000000000000e+00
0.000000000000000000e+00
0.000000000000000000e+00
6.059379539863751774e+01
6.554871957142086103e+01
0.000000000000000000e+00
0.000000000000000000e+00
0.000000000000000000e+00
0.000000000000000000e+00
0.000000000000000000e+00
4.856311431244584621e-03
2.141637030135729036e-03
4.098580946760999998e-04
1.182769998121957229e-03
2.289639852571558488e-03
5.376216566653199691e-03
5.376216566653199691e-03
5.376216566653199691e-03
5.376216566653199691e-03
2.177054929088395596e-02
3.794982358112791161e-06
1.073347708890312960e-02
5.376216566653199691e-03
5.376216566653199691e-03
5.376216566653199691e-03
5.376216566653199691e-03
5.376216566653199691e-03
5.376216566653199691e-03
5.376216566653199691e-03
5.376216566653199691e-03
5.376216566653199691e-03
5.376216566653199691e-03
5.376216566653199691e-03
5.376216566653199691e-03
5.376216566653199691e-03
5.717773419555999964e-04
9.420411206955300182e-03
4.703248135821100177e-03
1.498765032630679922e-02
2.770337121422000162e-04
2.087240296962000101e-04
1.993629739108185913e-03
8.741119295056145200e-04
4.947391504349443053e-03
2.449029608122514287e-03
0.000000000000000000e+00
4.130207289276571769e-03
3.996114437051972133e-03
2.131517573690885903e-03
1.714066038727185288e-03
1.263730118271915066e-03
2.417403811768875643e-02
5.348394143679886803e-03
7.589964716225612816e-06
7.070049650613112122e-03
1.344435948671501846e-02
7.894828795504156907e-03
4.928415798142670584e-02
3.431931528404284348e-03
3.744382593337000176e-04
0.000000000000000000e+00
1.090045283708872617e-02
6.793018421020998506e-04
4.085931005567999840e-04
3.049898835762469753e-03
2.153020487679457428e-03
2.023990590993499574e-05
4.662767330980886749e-03
3.659628473920100156e-01
1.430455201231593115e-02
1.264994119370919446e-06
0.000000000000000000e+00
6.671574516970585692e-03
2.529988238741870656e-06
1.264994119370919446e-06
0.000000000000000000e+00
1.287763517009342818e-03
0.000000000000000000e+00
2.360477040705371080e-03
8.279382042690984489e-03
2.445235122274572008e-03
1.505343002051000019e-04
8.627264859211575525e-04
2.392103879730399230e-03
0.000000000000000000e+00
5.059971512381428865e-04
3.162480333325427655e-04
1.783642204823157346e-03
6.842350212616157834e-03
4.457837290622371738e-03
3.156158838299828479e-03
5.059976477483741313e-06
3.162480333325427655e-04
1.377580582035629105e-03
4.528698807755292288e-04
1.285993170705547126e-02
9.791064414134144876e-04
8.830919975246943540e-03
2.962614241525871051e-03
5.318031305753841489e-03
5.476162025307684464e-03
0.000000000000000000e+00
4.743728444151157700e-03
4.069482109934741999e-03
1.668526746940042840e-03
4.187131528138114157e-03
2.529984266660342124e-03
0.000000000000000000e+00
5.059968533320684247e-03
9.324276122474814410e-03
9.535525175307838983e-03
7.640574411204146708e-04
3.244456023644236992e-02
7.333170413483042910e-03
6.373037394329555787e-03
1.736835436365628252e-03
5.364837081190956640e-03
7.949217584514769661e-03
1.493957558466842616e-03
6.846147181015082607e-03
3.706442699960144755e-04
1.264994119370919446e-06
1.011995295496748601e-05
2.545167224804961367e-02
1.718368011753480112e-02
4.411036976797386155e-03
9.109221164059532264e-03
6.324960666650855309e-04
2.370218687049018350e-02
2.264338977163742571e-03
2.528721755091928054e-03
9.801172947355425366e-03
3.404098678716943258e-03
5.433146763636956429e-03
4.766495855748871004e-03
2.737447274318700191e-03
2.909486474553155913e-05
1.629313418770115228e-03
1.657142296375000074e-04
0.000000000000000000e+00
1.581749292324663783e-02
3.162480333325427655e-04
6.324970596854693582e-06
5.059976477483741313e-06
0.000000000000000000e+00
9.550700636148428064e-04
4.001177392590614390e-03
1.770996732220571823e-04
8.032712658005000325e-04
3.364884357525999318e-04
0.000000000000000000e+00
