1.897392000000000053e+03
3.537017428215080486e+02
5.640248869934629816e+00
3.007779938505125301e+02
6.701761514540923725e-01
3.541458353272345240e-77
4.660333663039319871e-102
5.659704814309973742e+00
5.692881928824006010e+00
5.694905491721367063e+00
5.860030272375696292e+00
5.866600502459745847e+00
5.881435679499157132e+00
5.883467429835485873e+00
5.920621412111445103e+00
5.964306132768128599e+00
6.017952510772373032e+00
5.685818564435276556e+00
5.752529268546859420e+00
5.835721017149421819e+00
5.883001820081251054e+00
5.943062163332842651e+00
6.053502677456244818e+00
6.092691456812875828e+00
6.116625030749832881e+00
6.155055614086041516e+00
6.169528104454038875e+00
7.752127327973906690e-01
6.516120095060021811e+01
1.297484090079754715e+01
2.106990939767922598e-04
1.245719925349909264e-05
0.000000000000000000e+00
0.000000000000000000e+00
4.811852672396033626e+01
1.523782436808978105e+02
0.000000000000000000e+00
8.347489820560959117e+00
2.189520800727513095e+00
7.964756945037707737e+03
3.881014579488829774e+00
3.843236896286105625e-02
1.130153324039112704e+03
7.562662999187712565e-01
1.573885391324252980e+00
2.122090326753430034e+01
4.335758194429624623e+00
2.546285631463365839e-01
8.889328703434107304e-01
2.744177319480565203e+00
1.140847486042063785e+01
1.122441330425320016e+00
1.412810899685692618e+02
4.930499147370167634e+01
1.602593162000595584e+01
5.529830676011055601e+01
4.023375948425796267e+00
1.404885519015090267e+01
5.188955520430243773e+00
1.273605606967285864e+00
2.046064285817449857e+01
5.911201149927746146e-01
1.088177648117480771e+02
1.154302444024638774e+01
4.204568739967318614e+00
4.139192342535257296e+01
3.443565000655354424e+00
3.900499294541294848e+00
6.841759351177892912e-01
7.116751754846369238e+01
7.300365274850235675e-01
9.402873995340486957e+00
2.651895941396971779e+01
1.674039204142905390e+01
8.404405550357108012e-02
1.497720318032879916e-01
8.997089128168969182e+03
2.191041461377953858e+00
2.897191953132912445e+00
3.685707060967886028e-01
3.181851202640521847e-02
3.616781609699898370e-02
2.371611558878508608e-03
0.000000000000000000e+00
4.944177198519040140e+00
0.000000000000000000e+00
0.000000000000000000e+00
1.190700059134670141e+00
0.000000000000000000e+00
1.592890146327118828e+01
0.000000000000000000e+00
6.109020821462152586e-04
2.861760332941091448e-03
5.515530187985848399e-06
8.471777944719663367e+01
8.172368683724907587e-03
8.633474512998378725e-05
4.964226065234329077e+00
1.352982639001678603e-09
2.775019723134790236e-05
4.190683375874090530e-09
1.509701615199674762e+01
8.158945145886644637e-05
3.300825720962373566e+02
8.916115165757474797e-07
3.944647371981887529e-01
6.549994889142195120e+01
1.147066322202827676e-04
2.770486066175595487e-06
3.968779480566946916e+01
3.370092313608843201e-04
1.172866775170055718e+02
1.026456740580158939e-07
1.180990746204804714e-04
1.583272437227444939e-03
5.668089250052657846e+00
2.746790486007752441e-02
7.925956073830367119e-05
1.364135797554235155e-03
1.986205647906724293e-07
3.365097631363935501e-06
2.259986478163719767e+03
1.417939177781773647e-06
1.133781430831176445e-04
1.726948813051471370e+04
1.125665386216727175e-02
1.120323042903128008e-01
1.764874473158113460e+03
1.150386499304020208e-03
7.802461563234642204e-03
7.823612365373792607e-03
2.084425044242878278e-01
2.575676914981348730e-06
4.458983311209663292e-01
1.199987434163861030e-10
1.314872655802433845e-12
1.553162970468598095e-12
2.879945715372841551e-04
1.184857652462509711e-10
9.365472807276903344e-02
6.086290747240994392e+00
1.666131556762014156e-11
2.835330778587619075e-12
1.025837177695998291e-12
2.030597146297591194e-09
3.484094135496057138e-10
1.242984850163071139e-10
5.786410265652375953e-12
2.142429241679868461e-18
7.017866515111968169e-10
9.943575504846636347e-13
1.984969062621307415e-10
1.377712345480676880e-14
2.859996900059887765e-09
2.863151064115478264e-12
4.437248585865444241e-16
4.917532691103738825e-18
6.144195671581228840e-19
2.132584579862810480e-16
4.149132781584462703e-17
1.321584468408436464e-17
0.000000000000000000e+00
2.990063291863626915e+01
5.137478239743151676e+01
2.266367745090626276e-04
3.894640779941811108e-04
4.925120273746639541e-05
2.445082105083977978e-13
4.201212986295169469e-13
0.000000000000000000e+00
1.475763494668880682e+01
2.160542487897890108e-04
1.724358024032694781e+00
4.152383935911174717e-02
1.723427617469559456e-02
8.940369466846523894e-01
6.776495988631549138e-06
1.472622582197072442e-06
7.310770315775388949e-15
5.136431296333672446e-11
1.116214741590118429e-11
5.541399199061313639e-20
1.204219645549386797e-20
5.978295691316058324e-29
2.177869079686730325e-01
2.973425142632055932e-03
1.268780552498004477e+00
7.213204847505316764e-02
3.179171568836538693e-16
5.840604062871276787e-24
3.020738797139271844e-32
1.983952342526820502e-17
4.606357015000646945e-20
1.202790134601189130e-17
3.042593379730267148e-19
0.000000000000000000e+00
8.211836295737058395e-15
6.383498122850546643e-20
6.773085308583056445e-29
1.176713985384109240e-27
1.510110243734052656e-22
2.872492653960025705e-28
0.000000000000000000e+00
1.366024095884363865e-36
6.091347332558222584e-36
0.000000000000000000e+00
7.860854197596662539e-31
1.313538240375089567e-36
6.537574395273781822e-45
2.506589181411268926e-16
1.363425835560188292e-38
1.363918668600397634e-16
4.842444626335421830e-18
0.000000000000000000e+00
1.505343138155050840e-31
1.301021943707996432e-38
2.534016432202359079e-47
5.840466123670875372e-47
4.882134600044496648e-55
1.356215672713114603e-63
8.654174057640353194e-34
1.060581653614866173e-41
1.264941299329222190e-33
5.024091139120111837e-36
0.000000000000000000e+00
5.138220205635155580e+00
3.894638419378974056e-05
4.201705049588837312e-14
3.030356672200929373e-19
0.000000000000000000e+00
8.124206998692755795e-15
1.489289264935844500e-31
6.357354035560649404e-20
1.295513459055593552e-38
6.745445870232239013e-29
2.523519492057885010e-47
1.175766240834946076e-27
0.000000000000000000e+00
1.503683091955700825e-22
1.364735686890627734e-36
4.876908369908416922e-55
6.086640238051275399e-36
0.000000000000000000e+00
7.828884108616360723e-31
1.312351140655729345e-36
6.531974982291128083e-45
1.355022029321516427e-63
2.504975891294783517e-16
8.647822590749236546e-34
1.059477544735102053e-41
1.361997255475523636e-38
1.263557287755165002e-33
1.362549123770797167e-16
4.836898829048363488e-18
0.000000000000000000e+00
5.017647165715507458e-36
0.000000000000000000e+00
5.621302139478133881e-18
0.000000000000000000e+00
5.768344418488312743e-36
0.000000000000000000e+00
2.123615610226518770e-23
0.000000000000000000e+00
5.753819993621218546e-19
1.043741376320132124e-35
4.449985094719594034e-24
8.968468728178952426e-43
4.684085741534282222e-33
1.730513151030750437e-51
8.320099433501506518e-32
0.000000000000000000e+00
1.053814783883112922e-26
9.544710965512418714e-41
3.367911331074689087e-59
4.256521192255221489e-40
0.000000000000000000e+00
5.419855370963273537e-35
9.169118376280625298e-41
4.516045467626543108e-49
9.251189984442256607e-68
1.768094103033298869e-20
6.028513568517846694e-38
7.425426791914031733e-46
9.548621723409209913e-43
8.756730586349876718e-38
9.577422344738918307e-21
3.386094727789855570e-22
0.000000000000000000e+00
3.472068176886286713e-40
0.000000000000000000e+00
1.311278905077020697e-18
0.000000000000000000e+00
9.832921843182567604e-14
1.758740970829452519e-30
2.743405108870982171e-19
5.449949581238956545e-38
2.856783852680294382e-28
1.039271519315271145e-46
4.404500103678873051e-28
0.000000000000000000e+00
6.508135480555155745e-22
5.027500721162746470e-37
1.764552407523898049e-55
2.242469201955711797e-36
0.000000000000000000e+00
3.295698936028175249e-30
4.827786286122351289e-37
2.367952805009765361e-45
4.826062807086462488e-64
9.438750839079559744e-17
3.200953659842972668e-34
3.915781174948920394e-42
5.037231122230740518e-39
4.635912201772719002e-34
5.101157031676383916e-17
8.692533177135271008e-18
0.000000000000000000e+00
7.346204825959092591e-36
0.000000000000000000e+00
1.312430311573829704e-18
0.000000000000000000e+00
9.841364774804140516e-14
1.760270345519209119e-30
2.745817438592298312e-19
5.454805517049331888e-38
2.859320358990179358e-28
1.040207879254096082e-46
4.410775573420116542e-28
0.000000000000000000e+00
6.513849489731010098e-22
5.034725058543119745e-37
1.767111512552522548e-55
2.245691378840033902e-36
0.000000000000000000e+00
3.298634357817013363e-30
4.834728594901552938e-37
2.371383583593666983e-45
4.833119187767190332e-64
9.452157883085024800e-17
3.205541668534391818e-34
3.921398663977880959e-42
5.044454966114644385e-39
4.642586846803701674e-34
5.108426342029398130e-17
8.693197367547802458e-18
0.000000000000000000e+00
7.346865376860979716e-36
0.000000000000000000e+00
1.074225304615429950e-17
0.000000000000000000e+00
9.066360054618447526e-36
0.000000000000000000e+00
9.634822886030673172e-23
0.000000000000000000e+00
2.870839076705157821e-18
5.259714781843740567e-35
1.796795581693107006e-23
3.659291882372139094e-42
2.620060748242234814e-32
9.797647377027223568e-51
2.907721809556203547e-31
0.000000000000000000e+00
4.249903455621661261e-26
4.337459129362891142e-40
1.549327884902990331e-58
2.149403625931748453e-39
0.000000000000000000e+00
3.040188328457129491e-34
4.170573471612947988e-40
2.766759391753466998e-48
5.737061861333800962e-67
1.769894908290517454e-20
6.107926301554218336e-38
3.740952223182731339e-46
4.809510313040233030e-43
3.568897940676404968e-37
3.850413794148041770e-20
9.927051142624794768e-22
0.000000000000000000e+00
1.018421174220835385e-39
0.000000000000000000e+00
4.175556786200955559e-22
0.000000000000000000e+00
3.478988424414914235e-17
6.222603226622354056e-34
7.765315777611588664e-23
1.542628972200323507e-41
1.111851349839281079e-31
4.044832767072895457e-50
1.091464988591070056e-31
0.000000000000000000e+00
1.842153364912320534e-25
1.601796006647000909e-40
5.622012659481302598e-59
7.938554738478600336e-40
0.000000000000000000e+00
1.282682690459228377e-33
1.538174068691564120e-40
1.005933008500981769e-48
2.050164833446425742e-67
6.682819484887547008e-21
2.266336506965953108e-38
1.386154639756666073e-46
1.783138817241489558e-43
1.312859882169204861e-37
1.444614921474603774e-20
1.898713129387377541e-21
0.000000000000000000e+00
1.602480166498449175e-39
0.000000000000000000e+00
4.890741504185047324e-20
0.000000000000000000e+00
1.310372228224946038e-15
2.403023098218067781e-32
7.694650181704827046e-21
1.567008191154225197e-39
8.162266556001834665e-30
3.052886162431249055e-48
1.423086161021311964e-28
0.000000000000000000e+00
1.820119861262829034e-23
1.100873320868280907e-37
3.933019631370131055e-56
7.365616940260343281e-37
0.000000000000000000e+00
9.474000718899715003e-32
1.058719779122552239e-37
5.268458966151856574e-46
1.092631604444500141e-64
4.043026347785661412e-17
1.395413012463640855e-34
2.136745835178610736e-42
2.746619027611900055e-39
1.019142599933184715e-34
3.297984711306140089e-17
3.401564085966834092e-19
0.000000000000000000e+00
3.489515603971587909e-37
0.000000000000000000e+00
7.919084634169369847e-20
0.000000000000000000e+00
1.062269802050168673e-15
1.944629173168872018e-32
4.155028812281200211e-20
8.452087526354866639e-39
1.759395072098810487e-29
6.569576914873789803e-48
9.212924067526587292e-28
0.000000000000000000e+00
9.791765981391901109e-23
1.067240349678982124e-36
3.806653752044009470e-55
2.380187797463108196e-36
0.000000000000000000e+00
2.043291093695220852e-31
1.026873653671226857e-36
2.547705342422349229e-45
5.285837738959905635e-64
9.832605121236665918e-17
3.387826912193072052e-34
4.109107157464022734e-42
5.282766245164587929e-39
1.151967762865795378e-33
1.422873209301060116e-16
3.824424748203172936e-18
0.000000000000000000e+00
3.917144041196604390e-36
0.000000000000000000e+00
6.067213810940231044e-20
0.000000000000000000e+00
8.133298221298159536e-16
1.490731731359991983e-32
3.182509148435369550e-20
6.484312301269742178e-39
1.350354227140954655e-29
5.051579665405232353e-48
7.063086579053072001e-28
0.000000000000000000e+00
7.527566321942244394e-23
8.195655178980184056e-37
2.928625905822181590e-55
1.827873553997538284e-36
0.000000000000000000e+00
1.567362399810511720e-31
7.881932437395777583e-37
1.961281652634555850e-45
4.067829403042780943e-64
7.524145614325658081e-17
2.597063540475030508e-34
3.179320619193490557e-42
4.087160787422058019e-39
8.846838665938182776e-34
1.090503682252136968e-16
2.954081356655268433e-18
0.000000000000000000e+00
3.030829055247697152e-36
0.000000000000000000e+00
7.054545522467249114e-22
0.000000000000000000e+00
5.877729084961465601e-17
1.051293512298832724e-33
1.311945760426305156e-22
2.606232871750677000e-41
1.878439255610984943e-31
6.833575821253472435e-50
1.844021287325247529e-31
0.000000000000000000e+00
3.112311944003179981e-25
2.706172300361197499e-40
9.498105204466664367e-59
1.341196344600813017e-39
0.000000000000000000e+00
2.167060856648255495e-33
2.598698698478114005e-40
1.699475228034674952e-48
3.463608837511607941e-67
1.129061832156733087e-20
3.828924862018130129e-38
2.341760359961042601e-46
3.012424220613931312e-43
2.217925284179214673e-37
2.440545829821357953e-20
3.207842545172046251e-21
0.000000000000000000e+00
2.707342993122153795e-39
0.000000000000000000e+00
8.220565770846599903e-21
0.000000000000000000e+00
2.449441121553313779e-16
4.487660346019353857e-33
1.533051270030593190e-21
3.122156409882158320e-40
2.235470956981701806e-30
8.359478660597638166e-49
2.480909171299762912e-29
0.000000000000000000e+00
3.626077425992708734e-24
3.700778760804943879e-38
1.321906622932623782e-56
1.833900191512362129e-37
0.000000000000000000e+00
2.593928521128341838e-32
3.558389131783728974e-38
2.360634867108854696e-46
4.894932194921826740e-65
1.510099138408788040e-18
5.211365481734019097e-36
3.191830479758254416e-44
4.103539028299315145e-41
3.045031031203154989e-35
3.285226553793094792e-18
8.469896241946399269e-20
0.000000000000000000e+00
8.689305987648628823e-38
0.000000000000000000e+00
4.444390432190991497e-19
0.000000000000000000e+00
1.190743963609675109e-14
2.183687790063798648e-31
6.992375296580931882e-20
1.423944813077176885e-38
7.417224491213175828e-29
2.774193454667674129e-47
1.293203690782050618e-27
0.000000000000000000e+00
1.654007196559698641e-22
1.000384918274883032e-36
3.573969257359059763e-55
6.693316733034826205e-36
0.000000000000000000e+00
8.609258424004853074e-31
9.620836565301820435e-37
4.787526567869709465e-45
9.928787225073994125e-64
3.674048841441479641e-16
1.268049493528562994e-33
1.941717945504102017e-41
2.495914448326382136e-38
9.261136329741499265e-34
2.996982676177521186e-16
3.091098393060801605e-18
0.000000000000000000e+00
3.170978670111745794e-36
0.000000000000000000e+00
7.837577446336137825e-19
0.000000000000000000e+00
1.051341181949484212e-14
1.924606320528728626e-31
4.112271663029942653e-19
8.365016301946772115e-38
1.741264770346937741e-28
6.501794385079115863e-47
9.118059692010908133e-27
0.000000000000000000e+00
9.690753312862961034e-22
1.056238549892196696e-35
3.767363994315763057e-54
2.355651110831775931e-35
0.000000000000000000e+00
2.022243329501615225e-30
1.016291373106729311e-35
2.521398519636509336e-44
5.231269852330962709e-63
9.731485753032480978e-16
3.352944315440183076e-33
4.066531368682216227e-41
5.228032081312793948e-38
1.140092019707093372e-32
1.408224928367305760e-15
3.785079509124927869e-17
0.000000000000000000e+00
3.876835594127310628e-35
0.000000000000000000e+00
0.000000000000000000e+00
0.000000000000000000e+00
0.000000000000000000e+00
0.000000000000000000e+00
0.000000000000000000e+00
0.000000000000000000e+00
0.000000000000000000e+00
0.000000000000000000e+00
0.000000000000000000e+00
0.000000000000000000e+00
0.000000000000000000e+00
0.000000000000000000e+00
0.000000000000000000e+00
0.000000000000000000e+00
0.000000000000000000e+00
0.000000000000000000e+00
0.000000000000000000e+00
0.000000000000000000e+00
0.000000000000000000e+00
0.000000000000000000e+00
0.000000000000000000e+00
0.000000000000000000e+00
0.000000000000000000e+00
0.000000000000000000e+00
0.000000000000000000e+00
0.000000000000000000e+00
0.000000000000000000e+00
0.000000000000000000e+00
0.000000000000000000e+00
1.549614374869634048e+00
7.183296722938200879e-05
4.493986502192075072e+00
8.650759615447358897e+01
9.191403565162471756e-02
1.577494330918858934e+00
2.058495549071366426e+01
3.659894786941962630e-02
1.324291599655869867e+01
4.588298240263833705e+00
1.539747910819253046e-10
3.505308764496487317e+00
3.800874206264097767e-10
3.694003482720472757e-11
0.000000000000000000e+00
0.000000000000000000e+00
1.163029523839303104e-12
4.200439096314279724e-03
4.885232430077358324e-17
1.443537697565904843e+01
1.706429771767055172e+03
2.235392278969294821e+00
0.000000000000000000e+00
2.174209841054750214e+01
1.266572975083754882e+00
1.800083665315512338e+00
2.881134840234459218e-02
7.241407834601533422e-02
5.233382935305327237e+02
1.163878658616071959e+02
2.586988105441201924e+02
1.466591628819589119e-11
6.930484523490096471e+00
1.247493042966868586e+02
1.230528122454455087e+02
2.114582138485862473e+01
5.366079003463535457e+01
1.426729992935147546e-13
1.396885304406406139e-11
1.457293295753874560e-09
2.363015004371243425e-09
1.975608959475103177e+01
4.668513235155140287e-09
6.467212072091129693e-01
1.803714895491020931e-01
9.017503421684466836e-02
2.501539015991107533e+02
1.552647991861331694e-13
9.996247831026819767e+03
3.579948273759395505e+00
4.301684741295917491e-01
7.985832176379380476e-01
2.485132303718581426e+01
9.095381068441027450e-02
9.095895551798123257e-01
1.055910681601417167e+01
3.779850007303213744e-01
9.586309686008426256e-02
7.003790936648901511e-02
4.132639827017341005e+00
2.851399411417329333e+00
9.427610898029212955e-03
1.941891367823539838e+02
1.604765593904841836e+01
3.421638317249094813e-02
5.247874185059548946e-01
7.342273156687691982e-01
1.794576618195214412e-01
2.180333476719561503e+01
2.535322522110061856e-13
7.857017070007071569e-11
3.450205188870693860e+02
0.000000000000000000e+00
4.094401117388648004e+01
3.215809750169005099e+01
1.890299928803461569e+02
1.804767637640198596e-01
7.134922938166718964e-01
6.137956503850764278e+01
0.000000000000000000e+00
1.173916615831154932e-11
3.415326714515178708e+01
3.822489174519293134e-10
3.836992201075874465e-01
1.285955502619059359e-10
3.525512103496632448e-04
1.579480537241447630e-02
2.176526927026638525e-01
7.578334048740853093e-17
5.378118450583131011e-02
0.000000000000000000e+00
6.316161845373202688e-01
1.404682697631683408e-01
5.296081064590688392e+00
4.159622089693345792e+00
2.114598253820093632e+01
6.957258641112850043e-15
1.617716032593562326e-14
7.107660805036460579e-11
1.652371953599126749e-10
7.952062318495877000e-14
1.399982464894652208e-03
1.006174439685504239e-03
9.111461710862501411e-04
1.605740668784932657e-01
2.386699055459130282e-03
4.959876644566498655e-02
0.000000000000000000e+00
1.288530611867623768e-13
1.146927406807781820e-12
7.461746196902619430e-04
1.540801757638134086e-13
4.286428527540256110e-13
0.000000000000000000e+00
1.581396849719096962e-12
4.029678898821587724e-02
1.623637769167217968e-04
7.724640988537781862e-04
1.717921764395165187e-04
1.132883783324541298e+02
4.337097877147848557e+00
3.239045722593529297e-01
8.475535713478823396e+00
1.884914805746415567e+00
5.410182012517426919e+00
0.000000000000000000e+00
0.000000000000000000e+00
0.000000000000000000e+00
0.000000000000000000e+00
5.914232244189236098e+01
6.700019252816845494e+01
0.000000000000000000e+00
0.000000000000000000e+00
0.000000000000000000e+00
0.000000000000000000e+00
0.000000000000000000e+00
7.070047664572384413e-03
6.885357530123870085e-03
6.324960666650855309e-04
2.131514098119585525e-03
3.238383952569186784e-03
5.376216566653199691e-03
5.376216566653199691e-03
5.376216566653199691e-03
5.376216566653199691e-03
2.335178945754667196e-02
3.794982358112791161e-06
1.389595742222855639e-02
5.376216566653199691e-03
5.376216566653199691e-03
5.376216566653199691e-03
5.376216566653199691e-03
5.376216566653199691e-03
5.376216566653199691e-03
5.376216566653199691e-03
5.376216566653199691e-03
5.376216566653199691e-03
5.376216566653199691e-03
5.376216566653199691e-03
5.376216566653199691e-03
5.376216566653199691e-03
5.717773419555999964e-04
9.420411206955300182e-03
4.703248135821100177e-03
1.498765032630679922e-02
2.770337121422000162e-04
2.087240296962000101e-04
7.286376057780148512e-04
1.190359962838157286e-03
6.844879704344699646e-03
3.397773708120142584e-03
3.162480333325427655e-04
3.181463189278943907e-03
3.363618370386885301e-03
4.029005773686142496e-03
2.030314072059728053e-03
2.528722251602086128e-03
2.449028615102130310e-02
4.083402010349714874e-03
7.589964716225612816e-06
4.540065383952769998e-03
1.470935162004518952e-02
7.894828795504156907e-03
3.948046894811788055e-02
4.064427595069370312e-03
3.744382593337000176e-04
1.264992133330171062e-03
7.105476437098212986e-03
6.793018421020998506e-04
4.085931005567999840e-04
2.417402769097384222e-03
1.520524421014371897e-03
2.023990590993499574e-05
3.714023230983258452e-03
3.827239931586347566e-01
1.588579217897864368e-02
1.264994119370919446e-06
0.000000000000000000e+00
3.192846150312614838e-03
2.529988238741870656e-06
1.264994119370919446e-06
0.000000000000000000e+00
9.715154836768000526e-04
0.000000000000000000e+00
3.162480333325427655e-04
3.851909576035385772e-03
3.710227255604743070e-03
1.505343002051000019e-04
3.162480333325427655e-04
2.075855846397857765e-03
0.000000000000000000e+00
5.059971512381428865e-04
6.324960666650855309e-04
1.151146138158071815e-03
4.628613979288354573e-03
1.611604990629487500e-03
2.839910804967285714e-03
5.059976477483741313e-06
0.000000000000000000e+00
2.642572715365798866e-03
3.615350214100956829e-03
1.349242777372055765e-02
1.611602508078499368e-03
7.249679808584226677e-03
2.646366208193328719e-03
2.788047039093499366e-03
1.211737072529108297e-02
6.324960666650855309e-04
5.692472544148785563e-03
1.855745876606942641e-03
1.668526746940042840e-03
3.554635461473029060e-03
3.478728366657970854e-03
1.404423392392851812e-18
1.581240166662715128e-03
1.343550055579785865e-02
9.219277141975297518e-03
1.080305474452957328e-03
2.959832793644948459e-02
7.333170413483042910e-03
4.159301161001756862e-03
1.555952697029143700e-04
4.099844947860785578e-03
4.786737251189342873e-03
1.177709525134299851e-03
6.529899147682542010e-03
3.706442699960144755e-04
1.264994119370919446e-06
1.011995295496748601e-05
2.165669584805909528e-02
2.793611325084124908e-02
4.094788943464842956e-03
9.425469197392075463e-03
9.487440999976282964e-04
1.611223407050916059e-02
1.631842910498657257e-03
2.528721755091928054e-03
8.219932780692711105e-03
2.455354578719314961e-03
3.219410530309157071e-03
1.920263555755986114e-03
3.369943340983786156e-03
0.000000000000000000e+00
1.313065385437571595e-03
1.657142296375000074e-04
5.059976477483741313e-06
2.024496538990224262e-02
0.000000000000000000e+00
6.324970596854693582e-06
5.059976477483741313e-06
4.933477065546644307e-05
1.271318096947385680e-03
5.898665592585870983e-03
4.933477065545998665e-04
8.032712658005000325e-04
6.527364690851426973e-04
0.000000000000000000e+00
