1.897392000000000053e+03
3.138483211014879544e+02
5.238103874084244715e+00
2.445889135476154479e+02
5.057306803030615638e-01
7.225775052751932617e-79
2.056333343907265139e-102
5.238306895961576615e+00
5.239693486028842884e+00
5.239781957018737835e+00
5.267449203524884105e+00
5.268587096437118866e+00
5.271341582366796175e+00
5.271722336835238387e+00
5.279794598641065484e+00
5.290887805732182869e+00
5.307333223184790505e+00
5.239677349798935069e+00
5.245771029312817468e+00
5.258387502004582714e+00
5.267150097638111816e+00
5.281041020172220435e+00
5.319544981081088864e+00
5.335221628629954083e+00
5.345617270108456331e+00
5.364620972127407406e+00
5.372126436088651147e+00
1.079052445740139587e+00
7.275270832679075284e+01
1.067102025527751685e+01
1.731433920815305782e-04
1.196445096371296591e-05
0.000000000000000000e+00
0.000000000000000000e+00
5.385207034546156279e+01
1.522697616123183479e+02
0.000000000000000000e+00
7.653660495580069778e+00
1.843906581834121594e+00
7.973690515361068719e+03
2.747300735470790567e+00
2.969005876898075935e-02
1.128010766742516580e+03
5.978538098632053543e-01
1.416005983610795882e+00
1.635255057971539827e+01
3.339437661606721175e+00
2.552928417280113105e-01
8.910822268771820820e-01
2.752507086475836751e+00
1.140885339451705427e+01
1.121210682567171046e+00
1.413036193382491774e+02
4.920536177554930646e+01
1.601462910000662276e+01
5.529828443286224626e+01
4.022730974553078376e+00
1.404180643099064696e+01
5.224138936872652295e+00
1.276643132823240601e+00
2.037616387397267559e+01
5.967692628966700941e-01
1.088067286543058856e+02
1.161446082070439445e+01
4.205031879485338742e+00
4.158511294579719930e+01
3.443730955136052430e+00
3.900690460196180709e+00
6.842052780137422019e-01
7.116750500022752135e+01
7.300700682387619711e-01
9.402917844298812611e+00
2.651894233334645534e+01
1.674040074186155636e+01
8.370090405489155616e-02
1.497720318032879916e-01
8.990224256018254891e+03
1.550226909026076072e+00
2.900584833783697025e+00
2.880485726250541778e-01
3.195480407362122355e-02
3.644909454813851507e-02
2.374598000559790829e-03
0.000000000000000000e+00
5.515234051289536588e+00
0.000000000000000000e+00
0.000000000000000000e+00
6.475391520362854259e-01
0.000000000000000000e+00
1.598967915420298169e+01
0.000000000000000000e+00
6.134763593759400913e-04
2.861736004722695466e-03
5.537356433661209541e-06
8.482666253418796032e+01
8.217587987624558679e-03
9.217707545393436907e-05
4.778496598091630077e+00
1.390484597346483961e-09
2.753268395028700722e-05
4.173691993232638648e-09
1.421591920039091228e+01
8.202673587527521540e-05
3.317970081553116302e+02
9.568837542623945430e-07
3.901736837772931121e-01
6.138819891072070334e+01
1.079079739760829132e-04
2.535663933668813465e-06
4.168479982604538492e+01
3.241467647068177623e-04
1.218817061902591234e+02
9.762667691526810227e-08
1.165376277702979838e-04
1.566272221290106962e-03
5.952924941173065143e+00
2.858626154680134548e-02
7.756787985608075908e-05
1.415973891769153154e-03
1.902455425695279614e-07
3.474172139771901089e-06
2.259982855821471730e+03
1.358192737011087863e-06
1.425563567895314946e-04
1.761180221675892608e+04
1.443449329110435726e-02
1.444305715039884419e-01
1.910428400782863946e+03
1.565770783510966793e-03
1.129515842560418343e-02
1.011314740064906889e-02
1.789954029909653077e-01
2.859128187879781088e-06
3.516674455209986561e-01
2.111494539313738044e-11
2.837728979414864958e-13
3.418721052811240558e-13
4.850970816354279445e-04
2.463146223018073538e-11
1.495840622460507807e-01
6.089966000309713579e+00
1.988266883446514206e-11
1.600899144052864714e-12
2.114692252355716514e-12
2.528161052932052946e-09
2.071337366616621318e-10
2.743595399185904763e-10
3.588479049744087292e-12
1.380687962294390051e-18
4.523041245341463042e-10
7.256238323440774067e-13
1.448090834067202184e-10
1.729651828232594848e-14
4.018023865191565826e-09
4.020486262808801942e-12
3.928059505692209336e-16
4.857081587109584822e-18
6.068770985171844658e-19
1.096100689694978674e-16
4.098131495010401127e-17
1.227410451553130936e-17
0.000000000000000000e+00
2.480456718948935801e+01
5.014684034276563551e+01
2.041004136415113977e-04
4.127157361498063910e-04
4.975568935993524505e-05
2.173278013299105968e-13
4.394074185474496173e-13
0.000000000000000000e+00
1.388726326420655965e+01
2.160542757592956626e-04
1.467734090856731566e+00
3.997385163403085334e-03
1.521400701378116359e-02
6.152512222476947956e-01
5.062522719136368237e-06
1.234144211059496588e-06
5.390553259710168761e-15
4.165700709870490251e-11
1.015516512483959022e-11
4.435620891215538653e-20
1.081317783456580530e-20
4.723030784862820958e-29
1.928558343617264026e-01
2.154251485921879379e-03
1.375212724176169354e+00
4.161830523547002669e-02
2.461167402838319949e-16
6.980531239262236076e-24
3.152614411344522833e-32
1.948320497173413109e-17
2.366266714161064669e-20
1.208956111309472605e-17
2.057779455934369786e-19
0.000000000000000000e+00
5.155859993985168436e-15
4.829940058263838314e-20
4.633405274391536072e-29
1.272347472974505172e-27
1.496859972783126342e-22
3.470665135201747654e-28
0.000000000000000000e+00
1.460155444287813873e-36
5.737833293846383187e-36
0.000000000000000000e+00
6.796536027095416024e-31
1.390819264975486458e-36
6.075747088498370624e-45
2.315822759363695057e-16
3.173264251153216955e-39
1.178063500206525035e-16
5.240523638450328213e-18
0.000000000000000000e+00
8.415914871243081892e-32
1.008810948552561686e-38
1.851733144510271524e-47
7.238996396748240557e-47
5.257374347477769538e-55
1.298234993604568470e-63
8.047295947763205473e-34
2.797974289351960482e-42
1.125803525665595664e-33
4.816682700420375986e-36
0.000000000000000000e+00
5.015687439281607318e+00
4.127142321152372611e-05
4.394568719825404738e-14
2.049510842157470877e-19
0.000000000000000000e+00
5.101104823624739261e-15
8.326530050562711007e-32
4.810104188531405158e-20
1.004525413577550272e-38
4.614526279463087320e-29
1.844072379724695961e-47
1.271389979277751804e-27
0.000000000000000000e+00
1.490545397052267975e-22
1.458862593445104201e-36
5.252116361425680682e-55
5.733553758650904703e-36
0.000000000000000000e+00
6.769083652415681055e-31
1.389640212045121441e-36
6.070725223526643446e-45
1.297141617267734167e-63
2.314334453816268128e-16
8.041373297094742570e-34
2.793849808114409033e-42
3.169394896422197269e-39
1.124605362830682586e-33
1.176897627548038362e-16
5.234947094661567530e-18
0.000000000000000000e+00
4.809614172425017106e-36
0.000000000000000000e+00
6.077118655364286385e-18
0.000000000000000000e+00
5.409860952225769362e-36
0.000000000000000000e+00
1.430862618245286266e-23
0.000000000000000000e+00
3.581335398923969879e-19
5.764649430443998352e-36
3.356910977959569207e-24
6.935489158731061216e-43
3.192641543712828969e-33
1.260345890474056766e-51
9.053921966648818471e-32
0.000000000000000000e+00
1.045668207594090868e-26
1.026943167475189546e-40
3.654163496319124357e-59
4.031581313876345708e-40
0.000000000000000000e+00
4.687656466899617118e-35
9.771984497451290706e-41
4.220401007647016013e-49
8.919116685701986562e-68
1.637010378402242551e-20
5.617680055309567446e-38
1.876065632784573457e-46
2.188322338530003186e-43
7.819087588996649461e-38
8.296274558521226761e-21
3.691413660290537817e-22
0.000000000000000000e+00
3.274490918622491421e-40
0.000000000000000000e+00
8.694522925897080695e-19
0.000000000000000000e+00
5.986740368923546779e-14
9.457765875686803512e-31
2.037585837896675456e-19
4.151537535043231971e-38
1.917765686789745058e-28
7.455941679254589924e-47
4.767767657567703498e-28
0.000000000000000000e+00
6.393192549359570507e-22
5.380952827292069731e-37
1.905202478837893808e-55
2.112137485555058853e-36
0.000000000000000000e+00
2.820712252204515608e-30
5.118417136901103065e-37
2.200594357235978141e-45
4.629498334731154483e-64
8.676927476607122191e-17
2.961604793628012170e-34
9.714798327349960397e-43
1.139477014316488353e-39
4.111700708634667261e-34
4.388466806680766153e-17
1.087917793231278516e-17
0.000000000000000000e+00
8.270647442714817971e-36
0.000000000000000000e+00
8.702192396379480481e-19
0.000000000000000000e+00
5.991932769418166781e-14
9.466109712484715521e-31
2.039384564546275513e-19
4.155249721462115291e-38
1.919475495992478891e-28
7.462685836501709195e-47
4.774530022609805161e-28
0.000000000000000000e+00
6.398800161045176968e-22
5.388649122488957406e-37
1.907950742140057958e-55
2.115160378966952573e-36
0.000000000000000000e+00
2.823223602589622125e-30
5.125743186891662630e-37
2.203769861418747104e-45
4.636232453579048856e-64
8.689234385580031368e-17
2.965843498221085541e-34
9.729122542015157488e-43
1.141128286079451971e-39
4.117607298933299435e-34
4.394708213649133508e-17
1.087991666287952136e-17
0.000000000000000000e+00
8.271297928517611842e-36
0.000000000000000000e+00
1.335765202915090774e-17
0.000000000000000000e+00
1.014428960753700896e-35
0.000000000000000000e+00
7.289464516915092063e-23
0.000000000000000000e+00
2.016105725421212224e-18
3.288702169398988979e-35
1.520827528126153129e-23
3.174169626541072727e-42
2.005081289652486068e-32
8.009471658798754657e-51
3.518426774412089470e-31
0.000000000000000000e+00
4.713342253009592847e-26
5.188559070254274287e-40
1.867225761395111319e-58
2.265676849614344495e-39
0.000000000000000000e+00
2.940976031260996767e-34
4.941892674394829850e-40
2.877451387526383027e-48
6.146087795472265436e-67
1.829571164673627079e-20
6.354755208859952093e-38
1.101750836365001020e-46
1.251300413517562250e-43
3.554192842138998054e-37
3.721209761617934169e-20
1.200949103871165635e-21
0.000000000000000000e+00
1.067961772188905555e-39
0.000000000000000000e+00
3.097454885606411991e-22
0.000000000000000000e+00
2.369739805611279108e-17
3.743679629659549167e-34
6.452454846747104573e-23
1.314673582140592567e-41
8.350353760546813519e-32
3.246490099352300317e-50
1.321807597750918269e-31
0.000000000000000000e+00
2.024542470603283432e-25
1.918025417422264593e-40
6.791075583357863563e-59
8.365216713547555936e-40
0.000000000000000000e+00
1.228203927952338815e-33
1.824455174087251890e-40
1.045866261854218728e-48
2.200239681611996544e-67
6.873075015618958826e-21
2.345914135653070473e-38
3.847397585056548858e-47
4.512726961137068705e-44
1.302701984475850929e-37
1.390389622840439736e-20
2.641420463292928277e-21
0.000000000000000000e+00
2.005977906336226323e-39
0.000000000000000000e+00
4.134511014693286442e-20
0.000000000000000000e+00
1.028318057705227951e-15
1.679043050603362516e-32
7.277212677961985189e-21
1.518766195375679379e-39
6.979471377974176620e-30
2.788549467163619689e-48
1.923842059985902130e-28
0.000000000000000000e+00
2.255393413524206409e-23
1.471246448037832001e-37
5.295492112587781011e-56
8.674218394006760958e-37
0.000000000000000000e+00
1.023980886913479206e-31
1.401569836246594006e-37
6.121471434659160964e-46
1.307690732844718613e-64
4.669532693371106191e-17
1.622069670184359482e-34
7.035951654119220332e-43
7.986282873473730723e-40
1.133950821419377275e-34
3.561111069532403883e-17
4.597492736244768435e-19
0.000000000000000000e+00
4.089453607275727122e-37
0.000000000000000000e+00
5.104756639990459640e-20
0.000000000000000000e+00
6.352136220019497685e-16
1.034868636516776990e-32
2.996657832131819118e-20
6.247254397012354126e-39
1.147197027454553364e-29
4.575938740004978198e-48
9.510100330793564753e-28
0.000000000000000000e+00
9.257923517187590441e-23
1.089110870635325443e-36
3.914204053305697511e-55
2.140136289181118755e-36
0.000000000000000000e+00
1.684935375581186549e-31
1.038023336108491564e-36
2.260153272349584924e-45
4.831258894139088877e-64
8.666421498620296325e-17
3.005307085584690652e-34
1.024758027387164816e-42
1.168775167814768390e-39
9.783001734851338505e-34
1.172601731322447750e-16
3.947363934319713102e-18
0.000000000000000000e+00
3.494392392828818355e-36
0.000000000000000000e+00
3.832792293378946846e-20
0.000000000000000000e+00
4.769666752221340062e-16
7.783957745830004614e-33
2.249163171409771373e-20
4.696323076148143422e-39
8.628501136828594965e-30
3.448025814559609436e-48
7.134852843544699468e-28
0.000000000000000000e+00
6.970151483797206824e-23
8.184337158390462684e-37
2.946412720145602161e-55
1.608500335233132777e-36
0.000000000000000000e+00
1.265885854952404214e-31
7.796836221110871635e-37
1.702807826884359228e-45
3.637839596728784677e-64
6.493612035261976170e-17
2.255858571610652131e-34
7.825312001545686654e-43
8.881474849692609795e-40
7.355410499740188249e-34
8.798823207557912524e-17
2.983435067863577938e-18
0.000000000000000000e+00
2.654441140261467415e-36
0.000000000000000000e+00
5.101232638289689370e-22
0.000000000000000000e+00
3.902750052158778909e-17
6.165415393089745170e-34
1.062667682135766206e-22
2.165137758944735357e-41
1.375216097443761084e-31
5.346594222991311697e-50
2.176929461165895258e-31
0.000000000000000000e+00
3.334278106207724540e-25
3.158804096513890492e-40
1.118418368324875701e-58
1.377678192260722862e-39
0.000000000000000000e+00
2.022738468760380826e-33
3.004718128578006694e-40
1.722430306695799067e-48
3.623518762537353234e-67
1.131949880560723047e-20
3.863515795451960871e-38
6.335748234878780822e-47
7.431573652593469305e-44
2.145320712158262841e-37
2.289759230391226627e-20
4.350226127094132156e-21
0.000000000000000000e+00
3.303685131334359938e-39
0.000000000000000000e+00
6.062758822570454790e-21
0.000000000000000000e+00
1.676826163434466558e-16
2.735261393079802635e-33
1.264895592814955249e-21
2.640003167515142113e-40
1.667655554795162761e-30
6.661590917465844488e-49
2.926330958520055217e-29
0.000000000000000000e+00
3.920159891127151365e-24
4.315403522839695162e-38
1.552999126642402942e-56
1.884397790385955595e-37
0.000000000000000000e+00
2.446052561053952531e-32
4.110246696114472725e-38
2.393218346469863010e-46
5.111788146943704675e-65
1.521682723030719874e-18
5.285345597267509097e-36
9.163399855424116492e-45
1.040724118317791515e-41
2.956074872135418692e-35
3.094987575036297575e-18
9.988478791672502843e-20
0.000000000000000000e+00
8.882388220711516723e-38
0.000000000000000000e+00
3.757212681985304325e-19
0.000000000000000000e+00
9.344440461519327129e-15
1.525791374568483102e-31
6.613102955345378594e-20
1.380121422269374981e-38
6.342455349394057788e-29
2.534012631756200619e-47
1.748289333362625743e-27
0.000000000000000000e+00
2.049583922227563834e-22
1.336975512275399019e-36
4.812155355494973480e-55
7.882618387538410217e-36
0.000000000000000000e+00
9.305290646773901472e-31
1.273663638527826297e-36
5.562773535696115332e-45
1.188327363383936973e-63
4.243441943936246044e-16
1.474040394919410707e-33
6.393523547289872215e-42
7.257270901277668961e-39
1.030458443738935609e-33
3.236144342679061043e-16
4.177951853749721780e-18
0.000000000000000000e+00
3.716136984942747898e-36
0.000000000000000000e+00
5.052255021179849195e-19
0.000000000000000000e+00
6.286802584947287375e-15
1.024212292173052450e-31
2.965845616126996648e-19
6.182950283346658639e-38
1.135384349671939101e-28
4.528762644791301465e-47
9.412343743836393417e-27
0.000000000000000000e+00
9.162531972644484680e-22
1.077903061919370164e-35
3.873877936937972247e-54
2.118110565120854211e-35
0.000000000000000000e+00
1.667598751994913496e-30
1.027344592334388263e-35
2.236854302420712922e-44
4.781474449363691419e-63
8.577412725093053817e-16
2.974403618693050881e-33
1.014096776868619524e-41
1.156655991548494206e-38
9.682291538225952377e-33
1.160546690151455869e-15
3.906813987342065630e-17
0.000000000000000000e+00
3.458470778954846517e-35
0.000000000000000000e+00
0.000000000000000000e+00
0.000000000000000000e+00
0.000000000000000000e+00
0.000000000000000000e+00
0.000000000000000000e+00
0.000000000000000000e+00
0.000000000000000000e+00
0.000000000000000000e+00
0.000000000000000000e+00
0.000000000000000000e+00
0.000000000000000000e+00
0.000000000000000000e+00
0.000000000000000000e+00
0.000000000000000000e+00
0.000000000000000000e+00
0.000000000000000000e+00
0.000000000000000000e+00
0.000000000000000000e+00
0.000000000000000000e+00
0.000000000000000000e+00
0.000000000000000000e+00
0.000000000000000000e+00
0.000000000000000000e+00
0.000000000000000000e+00
0.000000000000000000e+00
0.000000000000000000e+00
0.000000000000000000e+00
0.000000000000000000e+00
0.000000000000000000e+00
1.538408901319071598e+00
7.183297555014527664e-05
4.442901013641141539e+00
8.462754484805016375e+01
1.028302647748790405e-01
2.076963094459028270e+00
2.573301593338282345e+01
3.178591890611917603e-02
1.489646034847330824e+01
4.377842310367065615e+00
1.011932231849647656e-10
3.274164485784004430e+00
3.697429211947738218e-10
2.529430656812234170e-11
0.000000000000000000e+00
0.000000000000000000e+00
9.325214354655187596e-13
4.200438978677476648e-03
3.916996578865013501e-17
1.554805199331679155e+01
1.663432536973336255e+03
1.966270080362531925e+00
0.000000000000000000e+00
2.367451288624903682e+01
1.172029483400018890e+00
1.797208918998206562e+00
3.101873990948472715e-02
8.570965272752964492e-02
4.930668985478225750e+02
1.149143503617038817e+02
2.678040478910548927e+02
1.948362719386861120e-11
8.155294906619420914e+00
1.467958625432330280e+02
1.122877495893070687e+02
2.270573454541074199e+01
5.762489576583799789e+01
5.327433406839593704e-14
9.895246845548834967e-12
1.119483479133689131e-09
2.073158898405716039e-09
2.746600563242840565e+01
5.609683869590879863e-09
6.467211927738668598e-01
1.290778191770843575e-01
6.465906192968749744e-02
1.725190956386082064e+02
1.246225699756363476e-13
9.996393499054071071e+03
3.458127601796834760e+00
4.843861451356121783e-01
7.721857901495782217e-01
2.509934064295464395e+01
9.568958423881054887e-02
9.569282623793883280e-01
1.178406096954378235e+01
4.074870778620199308e-01
9.145387479725816671e-02
9.377341810698724966e-02
3.499040365152608079e+00
3.143660347567925228e+00
9.904309751295171937e-03
1.911925177516233134e+02
1.662348581943274439e+01
4.192189886855610809e-02
4.683901595139913776e-01
7.447896038756135484e-01
1.962088932357912707e-01
2.150457020273207576e+01
2.004705801495768372e-13
6.101856923860785469e-11
3.420349978826351958e+02
0.000000000000000000e+00
4.557927922033344714e+01
3.655260344011195173e+01
2.224330907668725104e+02
1.723115386205737176e-01
7.168394602709863284e-01
6.887911819189555729e+01
0.000000000000000000e+00
1.293712976251603924e-11
2.834206367717396802e+01
2.172712647589991350e-10
4.179921423490385313e-01
9.593145850169955606e-11
4.177214090679187198e-04
2.079328795541956348e-02
2.369960374866756647e-01
5.923169786403146896e-17
5.095274502620026486e-02
0.000000000000000000e+00
7.043425699628094172e-01
1.641543671370879476e-01
6.103144908295376148e+00
4.894459198652014287e+00
2.270585542298692516e+01
2.790465405748368084e-15
7.109018875172268192e-15
5.863818436518528893e-11
1.493771085899043352e-10
6.233311906640225748e-14
1.522789788756224267e-03
1.048852107153391052e-03
9.583327667433503422e-04
1.663242296976405743e-01
2.241076772633275333e-03
5.209173106149725396e-02
0.000000000000000000e+00
9.611637068929295994e-14
6.517198930950356375e-13
7.494925083887910662e-04
1.006662498842871893e-13
6.472869631104407380e-13
0.000000000000000000e+00
1.319991055208057488e-12
4.771778541934916518e-02
2.277001040818228369e-04
1.020649000151811715e-03
2.378728518482177532e-04
1.076489796147445048e+02
4.485362725310988452e+00
3.228820812763730785e-01
7.960077601865647168e+00
1.855179664119118499e+00
5.164018677057627293e+00
0.000000000000000000e+00
0.000000000000000000e+00
0.000000000000000000e+00
0.000000000000000000e+00
6.074839948011238988e+01
6.539411548994669943e+01
0.000000000000000000e+00
0.000000000000000000e+00
0.000000000000000000e+00
0.000000000000000000e+00
0.000000000000000000e+00
5.805055531242213351e-03
4.039125230130985629e-03
9.361006134355722081e-05
1.499018031454499994e-03
2.922135919236642718e-03
5.376216566653199691e-03
5.376216566653199691e-03
5.376216566653199691e-03
5.376216566653199691e-03
1.607808469089818185e-02
3.794982358112791161e-06
1.452845348889364278e-02
5.376216566653199691e-03
5.376216566653199691e-03
5.376216566653199691e-03
5.376216566653199691e-03
5.376216566653199691e-03
5.376216566653199691e-03
5.376216566653199691e-03
5.376216566653199691e-03
5.376216566653199691e-03
5.376216566653199691e-03
5.376216566653199691e-03
5.376216566653199691e-03
5.376216566653199691e-03
5.717773419555999964e-04
9.420411206955300182e-03
4.703248135821100177e-03
1.498765032630679922e-02
2.770337121422000162e-04
2.087240296962000101e-04
2.626125805773271444e-03
8.741119295056144116e-04
4.631143471016900721e-03
3.714021741452685349e-03
8.171852080931854816e-04
6.976439589269457092e-03
2.414874270389257005e-03
2.447765607023428235e-03
4.490739053970142802e-04
1.896226184936998863e-03
3.208023895100232947e-02
4.399650043682258073e-03
7.589964716225612816e-06
5.172561450617855529e-03
2.008556818669842564e-02
1.358729339548992755e-02
4.928415798142670584e-02
7.859403995059886100e-03
6.324960666650855309e-04
3.162480333325427655e-04
1.058420480375618471e-02
3.630538087695571394e-04
4.085931005567999840e-04
2.101154735764842758e-03
2.153020487679457428e-03
2.023990590993499574e-05
4.979015364313429080e-03
4.453411037584782406e-01
1.715078431230881301e-02
1.264994119370919446e-06
0.000000000000000000e+00
2.244102050314986108e-03
2.529988238741870656e-06
1.264994119370919446e-06
3.288984710364429312e-05
1.604011550341885584e-03
0.000000000000000000e+00
3.162480333325427655e-04
6.065645809363184697e-03
5.607715455599999663e-03
0.000000000000000000e+00
2.302304192560719945e-04
4.289592079725656690e-03
3.162480333325427655e-04
5.059971512381427781e-04
2.069527896739813740e-03
1.467394171490614581e-03
3.047373812625644648e-03
2.876597123959658345e-03
1.891166704969657201e-03
5.059976477483741313e-06
0.000000000000000000e+00
2.326324682033257402e-03
1.401613980773157471e-03
1.823614827370870217e-02
2.876594641408671080e-03
7.249679808584229279e-03
1.065126041530614458e-03
2.788047039093499366e-03
8.006146291968026588e-03
0.000000000000000000e+00
7.273712710811499824e-03
1.223249809941856893e-03
1.036030680274957309e-03
4.819627594803199688e-03
0.000000000000000000e+00
1.264992133330172363e-03
4.166886657126243031e-03
1.280300448913278440e-02
8.586781075310211120e-03
2.661545641115670938e-03
2.611959956979151287e-02
6.700674346817954777e-03
3.843053127669213663e-03
4.718433030354567017e-04
3.783596914528243246e-03
6.051729384519513935e-03
1.810205591799386032e-03
4.632410947687285417e-03
6.868923033285572952e-04
1.264994119370919446e-06
1.011995295496748601e-05
2.513542421471706700e-02
1.876492028419751712e-02
7.573517310122812943e-03
6.895484930731731604e-03
1.061329569641942952e-03
1.832597030383695605e-02
1.315594877166114491e-03
2.528721755091928054e-03
1.011742098068796857e-02
3.720346712049486023e-03
3.851906596974243036e-03
3.817751755751242707e-03
2.104951207653614660e-03
0.000000000000000000e+00
1.945561452102657126e-03
1.657142296375000074e-04
5.059976477483741313e-06
1.708248505657681063e-02
6.324960666650855309e-04
6.324970596854693582e-06
5.059976477483741313e-06
3.162480333325427655e-04
6.325963617214519273e-06
4.949921492588242253e-03
8.095957398871426319e-04
0.000000000000000000e+00
3.364884357525999318e-04
0.000000000000000000e+00
