1.897392000000000053e+03
1.492429940001586317e+02
5.141199457145126495e+00
2.177042820572974335e+02
1.559544732486618290e+00
1.365891200982658128e-81
1.913932549604976995e-101
5.133671911441684443e+00
5.121683579675175402e+00
5.120955574284601575e+00
5.085963972870209737e+00
5.084616722319633020e+00
5.081811819788382145e+00
5.081432206645324356e+00
5.076163028055501236e+00
5.072743351300133874e+00
5.073836608681533633e+00
5.124465511485759350e+00
5.103282090250689684e+00
5.082622744737555820e+00
5.073116346835769619e+00
5.065691925589979050e+00
5.076704521379332036e+00
5.084543784649172338e+00
5.090958266045261915e+00
5.105969538595470425e+00
5.112342307112041517e+00
1.689950867838771353e+00
5.851964106970865487e+01
1.452616089853047576e+01
1.259134340527246561e-04
1.337750963343391458e-05
0.000000000000000000e+00
0.000000000000000000e+00
6.268062666337829114e+01
1.524873214757294306e+02
0.000000000000000000e+00
6.722094092153840350e+00
1.913886995848106620e+00
7.966272667595773783e+03
3.507695246417702695e+00
3.573359910703515635e-02
1.129925713131672637e+03
6.813799493676930830e-01
1.529073757885122564e+00
1.970576140119026931e+01
4.027075094135136979e+00
2.549861234362915674e-01
8.898709150071194562e-01
2.747793259665915588e+00
1.140853494366547771e+01
1.121964407450291468e+00
1.412903271298751804e+02
4.928753146706424815e+01
1.602103063331716015e+01
5.529830118682246365e+01
4.023753229267629017e+00
1.404870200026573812e+01
5.194928233755192970e+00
1.272771369856816603e+00
2.042413961023743596e+01
5.920764645346139332e-01
1.088159938970185152e+02
1.155547701083322565e+01
4.204847643480702502e+00
4.142354475408307479e+01
3.443591713632498497e+00
3.900545683502912198e+00
6.841831462546545950e-01
7.116751432442171676e+01
7.300447673851695463e-01
9.402884759063422138e+00
2.651895526278345372e+01
1.674039419743596468e+01
8.390070554137139813e-02
1.497720318032879916e-01
8.997006326193823043e+03
1.981700429773971761e+00
2.899616013510533996e+00
3.450360245497470779e-01
3.188768067170773962e-02
3.623858439695671479e-02
2.373781190234123314e-03
0.000000000000000000e+00
5.119746106725584944e+00
0.000000000000000000e+00
0.000000000000000000e+00
5.529986382813012469e-01
0.000000000000000000e+00
1.691473020614360578e+01
0.000000000000000000e+00
6.351196342036532052e-04
2.861533670927267174e-03
5.727817869875383086e-06
8.512980479339188378e+01
8.535729530559853576e-03
1.236161188705393649e-04
4.890742054366873148e+00
1.908534906210834484e-09
3.569389168594810680e-05
5.723872507199301502e-09
1.100532984628395106e+01
8.515958702984385885e-05
3.216958325282985243e+02
1.244179491032701951e-06
4.034695155091909680e-01
6.601521884703385012e+01
1.200780116863302055e-04
2.532069438406014405e-06
4.494503064509594736e+01
3.485686655025477102e-04
1.198024812846967109e+02
9.582494748989850436e-08
1.123091755507868368e-04
1.506978967094514893e-03
6.418688749411088246e+00
2.969315995983007675e-02
7.180628358503087503e-05
1.417680661687195209e-03
1.630340614031406582e-07
3.231768057562609639e-06
2.259983295203467605e+03
1.163922525585356369e-06
1.415055375167711591e-04
1.727167490612752954e+04
1.405153229450933731e-02
1.409347129206172111e-01
1.856772922102137954e+03
1.510594784516618204e-03
1.169397671061551958e-02
9.880156493659560460e-03
5.771463193314108064e-02
9.006755347852046126e-07
3.591556364925959643e-01
3.956628490372669717e-11
1.137592563642621241e-12
1.397040382486439015e-12
5.788596157628865708e-04
7.805491018975874345e-11
1.386087591598893221e-01
6.097973322157175247e+00
1.679029123187242357e-11
3.283881163705528706e-12
1.108681577865217910e-12
2.301932221927159700e-09
4.522845328608124514e-10
1.471763816904036882e-10
4.432342284104827262e-12
1.676306446460716403e-18
6.126787760933368522e-10
8.031915323870683083e-13
1.608529709890933990e-10
1.467353901273952221e-14
3.042670055918971332e-09
3.042566630969763390e-12
6.114896964311334666e-16
4.919911091536899876e-18
6.146777946688392778e-19
1.777568483433284265e-16
4.890324552969735483e-17
1.322223158811516651e-17
0.000000000000000000e+00
3.031233306406875627e+01
5.491835959462032690e+01
2.190529869554748009e-04
3.969483572047800184e-04
4.932941051043859799e-05
2.363861602734334273e-13
4.283024970283460580e-13
0.000000000000000000e+00
1.596098333833021066e+01
2.160542473168149515e-04
2.010451639447424554e+00
3.719549144983788636e-02
2.125663644127496338e-02
9.188186494029669804e-01
6.639893271032637445e-06
1.495263610531328127e-06
7.165208092832852243e-15
4.798427912037908424e-11
1.080576803230385292e-11
5.178055293542890969e-20
1.166066582353374547e-20
5.587716876918135985e-29
2.547502154964837451e-01
4.041890541964625327e-03
1.582604713923799977e+00
5.980610602994364255e-02
3.216659385897622344e-16
5.163052176754363203e-24
2.523200282743674589e-32
1.953272836699494527e-17
3.840095443634625626e-20
1.074911641482602372e-17
2.773021186220254273e-19
0.000000000000000000e+00
7.929904023134351651e-15
6.075245948401741135e-20
6.491199239801362913e-29
1.011500361824829388e-27
1.327558862736811642e-22
2.544615310599569957e-28
0.000000000000000000e+00
1.172226272149632182e-36
4.933717279830482399e-36
0.000000000000000000e+00
6.511189669030103302e-31
1.106139279480048571e-36
5.292597175190800822e-45
2.658705095722783117e-16
9.529974754938158606e-39
1.182538370848932545e-16
5.586000010763068135e-18
0.000000000000000000e+00
1.852812148822009546e-31
1.282519862151339860e-38
2.576992440948871622e-47
5.058223723156158709e-47
4.094687367503182425e-55
1.065592027143987530e-63
8.881181639055958224e-34
7.371141523082195730e-42
1.180786843330295865e-33
5.655287922405202556e-36
0.000000000000000000e+00
5.492844203916956936e+00
3.969475539930971710e-05
4.283525021370941211e-14
2.756045442592313402e-19
0.000000000000000000e+00
7.798898131773911634e-15
1.822229977132278219e-31
6.037713777156284630e-20
1.274405339200722382e-38
6.450967067878195914e-29
2.560869726930675629e-47
1.010534476801226713e-27
0.000000000000000000e+00
1.319092802074852100e-22
1.170927079586018392e-36
4.089648635623171870e-55
4.929020553959884900e-36
0.000000000000000000e+00
6.470943589981772017e-31
1.104974347313485391e-36
5.287055033649048488e-45
1.064459880997617146e-63
2.656347632414060108e-16
8.872518918717509516e-34
7.362555884665016229e-42
9.518105491201680432e-39
1.178994931503003774e-33
1.180786709372736023e-16
5.579029506706623067e-18
0.000000000000000000e+00
5.647379595655998321e-36
0.000000000000000000e+00
6.483401639910751358e-18
0.000000000000000000e+00
6.484583996343029518e-36
0.000000000000000000e+00
1.943320858180436464e-23
0.000000000000000000e+00
5.543099669921875670e-19
1.283457622609369415e-35
4.252951492254823859e-24
8.876574980669323054e-43
4.498862754900057075e-33
1.765402929751218119e-51
7.200306190369232183e-32
0.000000000000000000e+00
9.280331237466670484e-27
8.244595353914197723e-41
2.847134761989842018e-59
3.471345028029909318e-40
0.000000000000000000e+00
4.499641181367671474e-35
7.780776667571349620e-41
3.680174768289712265e-49
7.327809791802688476e-68
1.868589163504032508e-20
6.172351286198230757e-38
5.232457642099654343e-46
6.706303933590045004e-43
8.044430380413735731e-38
8.183167655641431037e-21
3.923478836118653734e-22
0.000000000000000000e+00
3.924493572602127110e-40
0.000000000000000000e+00
1.819681077930379820e-18
0.000000000000000000e+00
1.431470667897760460e-13
3.272879106827169881e-30
3.976505519336311796e-19
8.180197818728073460e-38
4.154277501270791580e-28
1.606588562861324951e-46
5.274643973684636323e-28
0.000000000000000000e+00
8.663656986215576293e-22
6.009735008026007655e-37
2.065772731692254354e-55
2.531158039782646591e-36
0.000000000000000000e+00
4.141738797584773793e-30
5.672154723501850336e-37
2.670765151671570480e-45
5.295052072272302942e-64
1.374119370962294536e-16
4.518300733471862236e-34
3.823427211460643030e-42
4.887038660710982345e-39
5.829926070661527730e-34
5.974256908286909497e-17
1.177032936110654378e-17
0.000000000000000000e+00
9.827190478436996832e-36
0.000000000000000000e+00
1.821290476430450182e-18
0.000000000000000000e+00
1.432718963457457353e-13
3.275765697619381989e-30
3.980027056524977018e-19
8.187539961384608252e-38
4.157999754825804145e-28
1.608048058113446238e-46
5.282165370828320641e-28
0.000000000000000000e+00
8.671340433069941289e-22
6.018378334755838033e-37
2.068768187714654572e-55
2.534797406928174681e-36
0.000000000000000000e+00
4.145461759122623482e-30
5.680311879056198410e-37
2.674637723919518355e-45
5.302791091529943967e-64
1.376087555721153160e-16
4.524824500908287295e-34
3.828893432163413003e-42
4.894066020717718213e-39
5.838472275380125001e-34
5.982911356738095830e-17
1.177129829470196144e-17
0.000000000000000000e+00
9.828136232520591193e-36
0.000000000000000000e+00
1.454153397452264118e-17
0.000000000000000000e+00
1.212423220657379808e-35
0.000000000000000000e+00
1.301642414914531523e-22
0.000000000000000000e+00
4.092862872454766695e-18
9.558136699973860719e-35
2.534846721124711339e-23
5.347057540073245237e-42
3.721767931489173782e-32
1.476870229863861228e-50
3.712531170936962749e-31
0.000000000000000000e+00
5.537582220580422432e-26
5.528395975693385065e-40
1.930112606079540661e-58
2.585768836250046166e-39
0.000000000000000000e+00
3.732459178394125186e-34
5.216685144287684489e-40
3.326772162645066245e-48
6.695317659819441349e-67
2.787231820688469251e-20
9.306591856664050717e-38
3.863134535343095793e-46
4.993024707921604746e-43
4.943747811879576766e-37
4.953528173526197445e-20
1.700738251393722377e-21
0.000000000000000000e+00
1.700605330870270455e-39
0.000000000000000000e+00
8.607768387079346356e-22
0.000000000000000000e+00
7.523652082495257477e-17
1.720188402874787979e-33
1.672040399966632662e-22
3.439606361558532998e-41
2.401821572850021784e-31
9.288639079896896256e-50
1.941701338094082423e-31
0.000000000000000000e+00
3.642892879705394387e-25
2.844371991074968713e-40
9.777229294764403378e-59
1.331098703557070034e-39
0.000000000000000000e+00
2.394585316147772629e-33
2.684612269842925870e-40
1.685418274640594001e-48
3.341504102236634540e-67
1.445258616259655268e-20
4.752214174442705063e-38
2.010583124587628251e-46
2.569891650624924487e-43
2.452570539441377569e-37
2.513290586565957427e-20
3.818100362784232829e-21
0.000000000000000000e+00
3.183368137865771536e-39
0.000000000000000000e+00
4.792895590367187966e-20
0.000000000000000000e+00
1.355264617359634837e-15
3.167916787307197721e-32
7.874380331927729139e-21
1.660994065615933372e-39
8.410832748868776950e-30
3.338232926764748190e-48
1.317984865363050355e-28
0.000000000000000000e+00
1.720402317903483817e-23
1.017810183361513928e-37
3.554074376170206093e-56
6.427528328218877997e-37
0.000000000000000000e+00
8.437582144739738971e-32
9.605944579329827749e-38
4.595184252442601928e-46
9.249495172460389631e-65
4.619059043831653819e-17
1.542471951885416126e-34
1.600366718404628976e-42
2.068353537980201376e-39
1.024327586738427144e-34
3.078522551359853602e-17
4.227405643277424329e-19
0.000000000000000000e+00
4.226908197401531313e-37
0.000000000000000000e+00
7.840254952846338931e-20
0.000000000000000000e+00
1.108999072641194510e-15
2.588332937208267990e-32
4.295720029847933170e-20
9.050916803175604663e-39
1.831079307358512141e-29
7.256630218282272754e-48
8.622472797139434694e-28
0.000000000000000000e+00
9.347228552073415699e-23
9.971021294641730151e-37
3.476710568964620208e-55
2.099032840274028064e-36
0.000000000000000000e+00
1.838017351798334342e-31
9.416414572512311740e-37
2.245573745868524124e-45
4.522711390214608426e-64
1.133686247722511553e-16
3.779874951842765348e-34
3.113887989903461301e-42
4.020141209370684705e-39
1.166940406898399194e-33
1.338463699016525221e-16
4.801431703000829786e-18
0.000000000000000000e+00
4.793126225594869668e-36
0.000000000000000000e+00
5.978665155943269778e-20
0.000000000000000000e+00
8.458680871827786440e-16
1.976140409552509432e-32
3.274829238688816624e-20
6.911181623442989488e-39
1.399175569850440074e-29
5.554262800081549230e-48
6.577492164371188581e-28
0.000000000000000000e+00
7.154541076766318047e-23
7.619034732461316836e-37
2.661019841408247485e-55
1.603861322264042451e-36
0.000000000000000000e+00
1.403619963797721930e-31
7.190782476497846624e-37
1.720067949373502808e-45
3.462502989345199579e-64
8.643983361091741122e-17
2.886718382693069360e-34
2.394225578430064273e-42
3.094808982717161698e-39
8.941776460742953362e-34
1.023660621772949319e-16
3.691559027979142605e-18
0.000000000000000000e+00
3.691576863865706908e-36
0.000000000000000000e+00
1.478652182248996292e-21
0.000000000000000000e+00
1.292418211901771752e-16
2.954922589095262158e-33
2.872264142790021725e-22
5.908553994858925610e-41
4.125829001790242691e-31
1.595584723540340663e-49
3.335504984861011898e-31
0.000000000000000000e+00
6.257825709129657359e-25
4.886046951950284392e-40
1.679517785092114401e-58
2.286569041924267422e-39
0.000000000000000000e+00
4.113411946925271205e-33
4.611641193471876285e-40
2.895186394448490511e-48
5.739920194008144064e-67
2.482687124640259076e-20
8.163332246572460472e-38
3.453651059166643786e-46
4.414359217413262493e-43
4.212717543891570487e-37
4.317088749407313315e-20
6.558760644410452447e-21
0.000000000000000000e+00
5.468372043512686878e-39
0.000000000000000000e+00
1.129210650321553931e-20
0.000000000000000000e+00
3.550671672764291639e-16
8.291941414254149336e-33
2.199049544588781857e-21
4.638715779401044906e-40
3.228733646100262588e-30
1.281223842755544499e-48
3.220723682575668787e-29
0.000000000000000000e+00
4.804004962370191706e-24
4.796033573315199576e-38
1.674424079862191024e-56
2.243224658236939810e-37
0.000000000000000000e+00
3.238007494188221611e-32
4.525615523312572343e-38
2.886063173946080169e-46
5.808362503474344661e-65
2.417999504177990329e-18
8.073717890546493514e-36
3.351375112360029754e-44
4.331584366495674974e-41
4.288830063951005831e-35
4.297317703020876039e-18
1.475436786942659605e-19
0.000000000000000000e+00
1.475320908775610102e-37
0.000000000000000000e+00
4.355499087900728567e-19
0.000000000000000000e+00
1.231537989904006216e-14
2.878770472239808001e-31
7.155743015047415493e-20
1.509358698117557145e-38
7.643131816690404409e-29
3.033506879344642047e-47
1.197703932590976486e-27
0.000000000000000000e+00
1.563395963299591857e-22
9.249107998599662531e-37
3.229646433333989696e-55
5.840898889669278443e-36
0.000000000000000000e+00
7.667471591217695882e-31
8.729222429405377660e-37
4.175744149774940466e-45
8.405128420099928751e-64
4.197506145526406831e-16
1.401685523055447778e-33
1.454319454798196582e-41
1.879574285316615256e-38
9.308164374305891554e-34
2.797520086095636223e-16
3.841585435020904572e-18
0.000000000000000000e+00
3.841079334133173457e-36
0.000000000000000000e+00
7.759606689879445055e-19
0.000000000000000000e+00
1.097589684926554496e-14
2.561686487472703765e-31
4.251541360745983221e-19
8.957731616282795836e-38
1.812217892001794677e-28
7.181798231310308437e-47
8.533758314982146291e-27
0.000000000000000000e+00
9.250836850886857313e-22
9.868313605201992216e-36
3.440858653876273556e-54
2.077412226009815336e-35
0.000000000000000000e+00
1.819092290032312642e-30
9.319460391324314187e-36
2.222405113896308679e-44
4.476064931604665151e-63
1.122025636662832022e-15
3.740954043677648915e-33
3.081677586715407562e-41
3.978522003513079669e-38
1.154897455844219394e-32
1.324668325490229319e-15
4.752045705325591356e-17
0.000000000000000000e+00
4.743813970958989158e-35
0.000000000000000000e+00
0.000000000000000000e+00
0.000000000000000000e+00
0.000000000000000000e+00
0.000000000000000000e+00
0.000000000000000000e+00
0.000000000000000000e+00
0.000000000000000000e+00
0.000000000000000000e+00
0.000000000000000000e+00
0.000000000000000000e+00
0.000000000000000000e+00
0.000000000000000000e+00
0.000000000000000000e+00
0.000000000000000000e+00
0.000000000000000000e+00
0.000000000000000000e+00
0.000000000000000000e+00
0.000000000000000000e+00
0.000000000000000000e+00
0.000000000000000000e+00
0.000000000000000000e+00
0.000000000000000000e+00
0.000000000000000000e+00
0.000000000000000000e+00
0.000000000000000000e+00
0.000000000000000000e+00
0.000000000000000000e+00
0.000000000000000000e+00
0.000000000000000000e+00
1.550155767325580136e+00
7.183296889417990631e-05
7.063249739355733858e+00
7.363776188466205497e+01
1.365399703924294605e-01
2.469978718339742585e+00
2.217887521001568274e+01
3.951416347534478929e-02
1.315927031656001844e+01
4.990996200269842475e+00
1.298460792851177198e-10
3.797459432562594994e+00
2.997977860276734723e-10
2.804353618814615296e-11
0.000000000000000000e+00
0.000000000000000000e+00
1.203559953726017646e-12
4.200440141787044508e-03
5.055478905857314024e-17
1.708161357869716568e+01
1.735057000352564728e+03
1.836607522987327101e+00
0.000000000000000000e+00
1.867385382559460894e+01
1.031157805819300721e+00
1.743753120541800428e+00
2.203157003190367100e-02
6.350297357728515446e-02
5.513714970343255573e+02
1.130464700330034589e+02
2.317677887571516919e+02
1.162947006029228096e-11
7.308246104223672823e+00
1.315490057030753235e+02
1.244701964517458777e+02
2.255521160257376323e+01
5.724245041286550872e+01
1.331906411534673890e-13
2.284700512961492749e-11
1.104531281068928928e-09
1.895269649627645168e-09
2.817887148903669114e+01
5.341440399105763408e-09
6.467211871423010905e-01
2.075155644135834587e-01
1.038608008669217597e-01
2.322462000681106247e+02
1.607061111694937489e-13
9.996261105545414466e+03
3.561677778196993049e+00
4.380274971483059665e-01
7.802077632820555442e-01
2.460867928660801596e+01
9.612623345152739029e-02
9.613330263014361332e-01
1.146515623179685406e+01
4.083165979599362450e-01
9.963479696136956498e-02
1.038582590430199848e-01
2.909516002011891977e+00
2.900080275024714105e+00
9.963983234609688489e-03
1.769846322160431384e+02
1.545548648905774769e+01
3.891630742361859574e-02
4.663524821972293011e-01
6.886339796273939218e-01
1.812995263906493071e-01
2.124793263334220939e+01
2.556741268279041299e-13
7.805679978083490441e-11
3.404687849694000761e+02
0.000000000000000000e+00
5.159407795653655171e+01
3.785064025501886675e+01
1.993323789266958670e+02
2.293402079968835106e-01
9.681236450836280261e-01
7.522358966253369772e+01
0.000000000000000000e+00
1.254579215840341390e-11
2.993949253369743957e+01
2.545670937048085225e-10
1.940777328053639450e-01
4.940700704586419694e-11
7.979364031834109859e-04
2.474219327271261898e-02
1.868563221768944627e-01
7.973979822919914738e-17
5.228699751704615761e-02
0.000000000000000000e+00
5.835607386359809023e-01
1.196461883521719172e-01
5.978907791819772832e+00
4.386270987250267872e+00
2.255533531808011460e+01
6.930088083166213264e-15
1.592715470611966974e-14
5.746702453626695302e-11
1.320650078841616559e-10
7.913427767260544441e-14
1.418284206770014213e-03
1.061905302236653380e-03
9.631624636181801338e-04
1.546727231049012663e-01
2.241593872016256570e-03
4.647860761969043603e-02
0.000000000000000000e+00
4.947835238136288442e-14
7.632809496164988915e-13
1.002148341036016499e-03
1.272409430930129704e-13
4.000667241303352099e-13
0.000000000000000000e+00
2.731124462315367804e-12
3.648018086346519612e-02
1.330604277881798018e-04
6.669598426047887397e-04
1.367453096700979066e-04
1.157115286347145684e+02
2.237096588116853635e+00
3.039917437996081939e-01
8.380587439403839767e+00
1.718254461606985695e+00
6.883536504346143836e+00
0.000000000000000000e+00
0.000000000000000000e+00
0.000000000000000000e+00
0.000000000000000000e+00
5.847796805932737385e+01
6.766454691073643346e+01
0.000000000000000000e+00
0.000000000000000000e+00
0.000000000000000000e+00
0.000000000000000000e+00
0.000000000000000000e+00
2.642575197916784829e-03
3.406629163465900098e-03
7.261061280086427653e-04
1.182769998121957229e-03
2.922135919236642718e-03
5.376216566653199691e-03
5.376216566653199691e-03
5.376216566653199691e-03
5.376216566653199691e-03
2.018930912422124344e-02
3.794982358112791161e-06
1.326346135556347172e-02
5.376216566653199691e-03
5.376216566653199691e-03
5.376216566653199691e-03
5.376216566653199691e-03
5.376216566653199691e-03
5.376216566653199691e-03
5.376216566653199691e-03
5.376216566653199691e-03
5.376216566653199691e-03
5.376216566653199691e-03
5.376216566653199691e-03
5.376216566653199691e-03
5.376216566653199691e-03
5.717773419555999964e-04
9.420411206955300182e-03
4.703248135821100177e-03
1.498765032630679922e-02
2.770337121422000162e-04
2.087240296962000101e-04
1.361133672443100382e-03
2.771600129500870896e-03
1.784911171024015832e-03
3.397773708120142584e-03
0.000000000000000000e+00
6.027695489271828362e-03
1.782378203724171474e-03
1.815269540358342704e-03
1.397818005394642522e-03
1.263730118271915066e-03
2.512278221768638603e-02
4.083402010349714874e-03
7.589964716225612816e-06
6.437553583948027458e-03
1.787183195337062672e-02
8.211076828836700106e-03
3.758298074812262135e-02
5.013171695066999042e-03
5.819022600115726564e-05
0.000000000000000000e+00
9.002964637093470446e-03
1.311797908767185382e-03
9.487440999976282964e-04
1.468658669099755926e-03
1.836772454346914663e-03
2.023990590993499574e-05
4.979015364313429080e-03
4.080238358252382125e-01
1.367205594565084475e-02
1.264994119370919446e-06
0.000000000000000000e+00
5.722830416972957829e-03
2.529988238741870656e-06
1.264994119370919446e-06
0.000000000000000000e+00
3.390194170117145759e-04
0.000000000000000000e+00
2.360477040705371080e-03
6.065645809363184697e-03
3.077731188939657539e-03
4.667823335376427673e-04
8.627264859211575525e-04
2.708351913062941995e-03
2.656487650678969017e-05
1.897491179056000397e-04
1.720396967445569577e-04
2.099890238155700112e-03
2.098629712628015051e-03
1.927853023962028747e-03
1.574918671637114435e-03
5.059976477483741313e-06
6.957467656540150319e-05
1.377580582035629105e-03
2.666606114103328533e-03
1.697115614037852938e-02
1.295354474745957253e-03
4.087199475258799890e-03
2.330118174860785520e-03
5.001783272421299158e-03
8.006146291968026588e-03
3.162480333325427655e-04
6.957464677478956624e-03
1.539497843274399876e-03
7.197826469424144355e-04
8.614603994793712874e-03
1.404423392392851812e-18
5.617693569571407250e-19
2.213736233327800659e-03
5.529299722484301224e-03
9.535525175307838983e-03
1.080305474452956677e-03
2.485460743646134354e-02
7.965666480148125839e-03
5.740541327664470256e-03
4.718433030354571354e-04
2.834852814530614950e-03
4.470489217856799674e-03
2.213736233327799358e-03
5.264907014352370948e-03
1.951884436658728357e-03
1.264994119370919446e-06
3.263679862875102549e-04
2.671666438137978647e-02
1.465369585087445553e-02
8.206013376787899341e-03
5.946740830734095935e-03
4.288335029768567167e-04
2.338593883715764030e-02
9.993468438335717258e-04
2.212473721759385288e-03
8.219932780692711105e-03
2.139106545386772196e-03
6.698138896967127491e-03
3.817751755751242707e-03
3.369943340983786156e-03
2.909486474553155913e-05
1.629313418770114361e-03
0.000000000000000000e+00
5.059976477483741313e-06
1.992871735656969595e-02
0.000000000000000000e+00
6.324970596854693582e-06
5.059976477483741313e-06
4.933477065546644307e-05
9.550700636148428064e-04
3.052433292592985660e-03
1.758339839884770928e-03
1.119519299133042798e-03
9.689845024176854628e-04
0.000000000000000000e+00
