1.897392000000000053e+03
2.310609502178170374e+02
5.030395146978925425e+00
2.199825227773023073e+02
1.067085886915981829e+00
2.181776545238916598e-70
1.479814309413765682e-101
5.021857401462011872e+00
5.007170921834100064e+00
5.006274716605553898e+00
4.929069477886515394e+00
4.925989886693643349e+00
4.918993854848443092e+00
4.918034895214018931e+00
4.900135473336688641e+00
4.878460756745621296e+00
4.850951278955747625e+00
5.010282265021850812e+00
4.980454836263962903e+00
4.942001487861999109e+00
4.919515496920894293e+00
4.889727273875268843e+00
4.832406736792449919e+00
4.811833926226983138e+00
4.799207681514593204e+00
4.778819848656724822e+00
4.771126128079851370e+00
7.679525503622193217e-01
5.947711576807001421e+01
1.468552368692110122e+01
4.550110119074595133e-04
1.320842043384211882e-05
0.000000000000000000e+00
0.000000000000000000e+00
6.409646930228649353e+01
1.523988269086260630e+02
0.000000000000000000e+00
7.998618721653770969e+00
2.083408443082231276e+00
7.969216812934624613e+03
3.471348157400328205e+00
3.540523275972518730e-02
1.128675045132616788e+03
7.077088866575033110e-01
1.525101798223563065e+00
1.954756261891831670e+01
4.003150855228115645e+00
2.546545890384965816e-01
8.888290989341356418e-01
2.743770810233160606e+00
1.140863482430916598e+01
1.122554470231946544e+00
1.412798575113413335e+02
4.926455581426944264e+01
1.602648828424521099e+01
5.529829779927587907e+01
4.022674245798016024e+00
1.404511916250443448e+01
5.203468737187023407e+00
1.277506951476010899e+00
2.046535691190270612e+01
5.934456955307733095e-01
1.088131194888072173e+02
1.157072672399662494e+01
4.204622087390146312e+00
4.147265827792043780e+01
3.443639664017581481e+00
3.900575919221326071e+00
6.841877359898597133e-01
7.116751254391159875e+01
7.300500156343058267e-01
9.402891628374007382e+00
2.651895253201768199e+01
1.674039553337425090e+01
8.406752548374865630e-02
1.497720318032879916e-01
8.990398456911834728e+03
1.958345800369385215e+00
2.899224937314852202e+00
3.422876268864141203e-01
3.183338310025989742e-02
3.629260888032709992e-02
2.373267721960788546e-03
0.000000000000000000e+00
5.371392589321550837e+00
0.000000000000000000e+00
0.000000000000000000e+00
5.049315472925324233e-01
0.000000000000000000e+00
1.557740913309025288e+01
0.000000000000000000e+00
6.042835542163447473e-04
2.861827449866734957e-03
5.454508687777837871e-06
8.625666187966260168e+01
8.232211135776112271e-03
8.579455294785529474e-05
4.960715367565181388e+00
1.343542440543029811e-09
2.405359280648191678e-05
3.552264287379708724e-09
1.530070797342174593e+01
8.217320598690727382e-05
3.254545044274875067e+02
8.735941742323360849e-07
3.776803512116321815e-01
6.551347813997256253e+01
1.134275909039040106e-04
2.673111184959409436e-06
4.108540682332458260e+01
3.366974075212642438e-04
1.137464919978200015e+02
9.604882419635066662e-08
1.165056816821768623e-04
1.568427480142663318e-03
5.867599638369300763e+00
2.823334947306237880e-02
7.778157772645138794e-05
1.400181604010893727e-03
1.912935072951957241e-07
3.443732190759952709e-06
2.259983553703892994e+03
1.365657854836063777e-06
1.403414304604337810e-04
1.718793473997317415e+04
1.386819695116110231e-02
1.387138088013258885e-01
1.780230690641163164e+03
1.436391983241230592e-03
1.015570236645966379e-02
9.711103272544438850e-03
6.545403282046519111e-02
1.003963699306133559e-06
3.539605942695566720e-01
8.227492692196893612e-11
9.718701328966759304e-13
1.177511071641700747e-12
4.163858488491502230e-04
9.046635499349670097e-11
1.380765895459838133e-01
6.090800371480983522e+00
2.176958881203306226e-11
1.909622036355098487e-12
4.553348640326535123e-13
2.718432823106746699e-09
2.408316213931942641e-10
5.914153000648917367e-11
6.111236572131992919e-12
2.194420511717091288e-18
7.711263943048637508e-10
1.200581454073742286e-12
2.401883907023836548e-10
2.002155332908722393e-14
4.253117160734417328e-09
4.276695781284045198e-12
5.969288209313247810e-16
4.874024186570512376e-18
6.089684208178370998e-19
3.638444525454358231e-16
1.858710728037410481e-17
1.309891704911879236e-17
0.000000000000000000e+00
3.275107691893916950e+01
6.433152137943909565e+01
2.071958264001829829e-04
4.070464435948506769e-04
4.905815030121220109e-05
2.215583294320647054e-13
4.352069262442039531e-13
0.000000000000000000e+00
1.553556563259134471e+01
2.160542430227693636e-04
2.125027690157477167e+00
3.553595976922066524e-02
1.251888768645771643e-02
1.072620977749575211e+00
6.785801909627215554e-06
1.606686720219210971e-06
7.256098886118303335e-15
4.293017391055701622e-11
1.016465573812674763e-11
4.590549373401246286e-20
1.086912765060980767e-20
4.908702116232860608e-29
2.413514006483059859e-01
4.515709364743852872e-03
1.073155698823757831e+00
9.801618208170431723e-02
3.720885057940051861e-16
5.190063351295622330e-24
2.420398506079864672e-32
1.947519650739134508e-17
7.859097161643368707e-20
6.224695788637196736e-18
3.093777566058228018e-19
0.000000000000000000e+00
1.026978286826880814e-14
7.034300845580846807e-20
7.107590000532274960e-29
9.564928794216640125e-28
1.465963989174360497e-22
2.542250314309939462e-28
0.000000000000000000e+00
1.099956053251870270e-36
4.462641126291675729e-36
0.000000000000000000e+00
6.872073116520868811e-31
1.049650346705281611e-36
4.749417704236131085e-45
2.584090165275080746e-16
3.899641995323242405e-38
9.298745254822684972e-17
4.376850339616275367e-18
0.000000000000000000e+00
2.397377914578482112e-31
1.457711339183460718e-38
2.747474374423133141e-47
5.023590046670248464e-47
3.834589232953336447e-55
9.529670546726083428e-64
8.656672455143695007e-34
3.087290587569516032e-41
3.947390568066712806e-34
4.593485299686473206e-36
0.000000000000000000e+00
6.434039350584208172e+00
4.070458567666939575e-05
4.352570495949012639e-14
3.079709784836421735e-19
0.000000000000000000e+00
1.014591344607019651e-14
2.368452981219397264e-31
7.001654789675819624e-20
1.450752203223662909e-38
7.074850579552225982e-29
2.734677212997003664e-47
9.556781191986999301e-28
0.000000000000000000e+00
1.459007644074449812e-22
1.098867084998300726e-36
3.830322840900550747e-55
4.458967526792070321e-36
0.000000000000000000e+00
6.840736317617817071e-31
1.048655393734089110e-36
4.745112606721845076e-45
9.520796275408168541e-64
2.582239562397587226e-16
8.649742830825845565e-34
3.083970584522881801e-41
3.895287999401731323e-38
3.943774214782008386e-34
9.289783204655863395e-17
4.372190448969356627e-18
0.000000000000000000e+00
4.587971108745460225e-36
0.000000000000000000e+00
5.036442683351267529e-18
0.000000000000000000e+00
5.227910804861048458e-36
0.000000000000000000e+00
2.146705589360025353e-23
0.000000000000000000e+00
7.144265013864856277e-19
1.645929585867607681e-35
4.876435691332954077e-24
1.000100152896363007e-42
4.886065775956594824e-33
1.868708101196504277e-51
6.765962327851381614e-32
0.000000000000000000e+00
1.022514190411900437e-26
7.689922083065654034e-41
2.648019604929190003e-59
3.118950768998070154e-40
0.000000000000000000e+00
4.736270791457567008e-35
7.332684414281637127e-41
3.281553066583366549e-49
6.503984450026447447e-68
1.816187236230006283e-20
6.015490898379255481e-38
2.164262284433822026e-45
2.721857284939347593e-42
2.782555548709877063e-38
6.567147240629845365e-21
3.082352417811211470e-22
0.000000000000000000e+00
3.197454669511057518e-40
0.000000000000000000e+00
1.480295813229842087e-18
0.000000000000000000e+00
1.362109428850092431e-13
3.082911678182252081e-30
3.358394111367331136e-19
6.796174485529648089e-38
3.329171260479759986e-28
1.256235940402974153e-46
3.910757219167741810e-28
0.000000000000000000e+00
7.099009061737937671e-22
4.422733029597847773e-37
1.515183994952085226e-55
1.793931114069903438e-36
0.000000000000000000e+00
3.238330445817613992e-30
4.215971427939904421e-37
1.878565273442133007e-45
3.705063143273287260e-64
1.056370214714336463e-16
3.481968121132617888e-34
1.245990221556545339e-41
1.563878144203828573e-38
1.620172897756748115e-34
3.826622429682481417e-17
8.718395183577187023e-18
0.000000000000000000e+00
7.370266169686297350e-36
0.000000000000000000e+00
1.481605400868686522e-18
0.000000000000000000e+00
1.363290539130044617e-13
3.085628303179622665e-30
3.361368447472979074e-19
6.802268075972486981e-38
3.332149231662859543e-28
1.257373982213094071e-46
3.916327773741782019e-28
0.000000000000000000e+00
7.105249964307536099e-22
4.429086173149353994e-37
1.517379913162355140e-55
1.796508579133766806e-36
0.000000000000000000e+00
3.241218123783378337e-30
4.222030997245474059e-37
1.881286689735412128e-45
3.710478369440824473e-64
1.057874986825321741e-16
3.486968908240775503e-34
1.247776587587750224e-41
1.566127498759831463e-38
1.622475836290133171e-34
3.832054312619149458e-17
8.719044198358106718e-18
0.000000000000000000e+00
7.370917108735821140e-36
0.000000000000000000e+00
1.060215463622862119e-17
0.000000000000000000e+00
8.950456917862778890e-36
0.000000000000000000e+00
1.011605108559693939e-22
0.000000000000000000e+00
3.703960655180304313e-18
8.640485647605441852e-35
2.044458698907838930e-23
4.233526801826821853e-42
2.838936473321285261e-32
1.096931254161550115e-50
2.442206424509591793e-31
0.000000000000000000e+00
4.261057911109505161e-26
3.608803849449300081e-40
1.257364170598237398e-58
1.627050599766182363e-39
0.000000000000000000e+00
2.744905044697301824e-34
3.443581631164859154e-40
2.076782277859804179e-48
4.165101480053457505e-67
1.885076605794854216e-20
6.312268403929034285e-38
1.125274472104861595e-45
1.421206248954294013e-42
1.151749948816409340e-37
2.713239153845526644e-20
9.192952221416500397e-22
0.000000000000000000e+00
9.540029974209978345e-40
0.000000000000000000e+00
4.870518531967716678e-22
0.000000000000000000e+00
4.979546293858450777e-17
1.127037690823267746e-33
9.822188994329773644e-23
1.987654155511395224e-41
1.338790771533336180e-31
5.051844067680083443e-50
1.001340234365567005e-31
0.000000000000000000e+00
2.076225644295136117e-25
1.455972445233351214e-40
4.988039804264531611e-59
6.561878180943981111e-40
0.000000000000000000e+00
1.302267815131200930e-33
1.387913991923374203e-40
8.245738940710268012e-49
1.626291973892253083e-67
7.728032011096513964e-21
2.547283043614301934e-38
4.557374264804841868e-46
5.720089622574736934e-43
4.740801575338383782e-38
1.119711363032535722e-20
1.936273061762636544e-21
0.000000000000000000e+00
1.634606124136260631e-39
0.000000000000000000e+00
5.333662197892901797e-20
0.000000000000000000e+00
1.756038442715361904e-15
4.100600077310431277e-32
9.093888377141569807e-21
1.883067452873811217e-39
9.186502654848046991e-30
3.550257031545259337e-48
1.241382323445251662e-28
0.000000000000000000e+00
1.895326599405022163e-23
9.513026924139240221e-38
3.315160930636550149e-56
5.790925728058338214e-37
0.000000000000000000e+00
8.884254728999450162e-32
9.079252520742510481e-38
4.107412847230540156e-46
8.239177503537956031e-65
4.472551703618613822e-17
1.497832475363657034e-34
6.675327696462434217e-42
8.429955282729545591e-39
3.415039880002617875e-35
2.413446391265965285e-17
3.271255877590348086e-19
0.000000000000000000e+00
3.394632003716030423e-37
0.000000000000000000e+00
7.907877762210248080e-20
0.000000000000000000e+00
1.303358321923135058e-15
3.036986058178302301e-32
4.496563334329592167e-20
9.301483032524258750e-39
1.813098232443017177e-29
6.997184857391582384e-48
7.364553145717209664e-28
0.000000000000000000e+00
9.343453220055752604e-23
8.451340465103747456e-37
2.940537361589732589e-55
1.714795795620928088e-36
0.000000000000000000e+00
1.755868744588236290e-31
8.070098063770269818e-37
1.820118897425513255e-45
3.652544942337370297e-64
9.963099617055185534e-17
3.331347702590325048e-34
1.176664801649661833e-41
1.485303807190893085e-38
3.546237831551866611e-34
9.549522888321470182e-17
3.373792561271087194e-18
0.000000000000000000e+00
3.495597607443725198e-36
0.000000000000000000e+00
7.408357928935121374e-20
0.000000000000000000e+00
1.220364152154777523e-15
2.848258774035049035e-32
4.211257404094879313e-20
8.724448975798578074e-39
1.701647261351739710e-29
6.577397284879594685e-48
6.898221597450646052e-28
0.000000000000000000e+00
8.776213428415790109e-23
7.929266416122494840e-37
2.763818544452392013e-55
1.608991273742172957e-36
0.000000000000000000e+00
1.645602840074348174e-31
7.567793861219950052e-37
1.711958523763508203e-45
3.434323642311795298e-64
9.319272509113623176e-17
3.121165293493085425e-34
1.112032385870095710e-41
1.404502379381027783e-38
3.318735830069659976e-34
8.934494281556268910e-17
3.180595569532374301e-18
0.000000000000000000e+00
3.300948061851357972e-36
0.000000000000000000e+00
8.648278196166304916e-22
0.000000000000000000e+00
8.841894988408545086e-17
2.001188362930820946e-33
1.744074252074144501e-22
3.529334201167554719e-41
2.377184748497031420e-31
8.970112806641553526e-50
1.778036162822478347e-31
0.000000000000000000e+00
3.686668076912603123e-25
2.585260126986202068e-40
8.856826668954865276e-59
1.165149829360711382e-39
0.000000000000000000e+00
2.312354307716086884e-33
2.464426912402482551e-40
1.464124733567147325e-48
2.887629468406906514e-67
1.372232848615539922e-20
4.523046614184749360e-38
8.091862355193123637e-46
1.015627928885084131e-42
8.417649687702426411e-38
1.988135497042308149e-20
3.438142138823749843e-21
0.000000000000000000e+00
2.902465785059787329e-39
0.000000000000000000e+00
9.071304890045797451e-21
0.000000000000000000e+00
3.321431371435913970e-16
7.748125328838506609e-33
1.833315167280901141e-21
3.796301672252722138e-40
2.545740418277168177e-30
9.836432467329319258e-49
2.189985711300541902e-29
0.000000000000000000e+00
3.820993899127889277e-24
3.236099815392742497e-38
1.127507484041566284e-56
1.459014726290738493e-37
0.000000000000000000e+00
2.461420117374303085e-32
3.087940710536211116e-38
1.862298496119943392e-46
3.734940044896952166e-65
1.690393500545421406e-18
5.660359990058179895e-36
1.009060179630874995e-43
1.274429061004678854e-40
1.032802074855907318e-35
2.433027557480302225e-18
8.243542854184752831e-20
0.000000000000000000e+00
8.554772805953024269e-38
0.000000000000000000e+00
4.846888269168680925e-19
0.000000000000000000e+00
1.595722895980729326e-14
3.726306698347860749e-31
8.263909511486051309e-20
1.711150338603487216e-38
8.347967943580880244e-29
3.226165376311696831e-47
1.128089495051880177e-27
0.000000000000000000e+00
1.722359008089362061e-22
8.644717816105315151e-37
3.012532610093657492e-55
5.262382730095303696e-36
0.000000000000000000e+00
8.073384421785142739e-31
8.250576288301443903e-37
3.732485819273119076e-45
7.487012172850633009e-64
4.064383683898598040e-16
1.361125069670873035e-33
6.066091177753201355e-41
7.660513294453592530e-38
3.103378299810824084e-34
2.193198275006967255e-16
2.972719576404440133e-18
0.000000000000000000e+00
3.084794309222083693e-36
0.000000000000000000e+00
7.826473207343629676e-19
0.000000000000000000e+00
1.289946345439798567e-14
3.005699870964491969e-31
4.450285299576189884e-19
9.205655746647717653e-38
1.794411129527722517e-28
6.924991051259781976e-47
7.288751097841760830e-27
0.000000000000000000e+00
9.247101502353603569e-22
8.364253945750463459e-36
2.910200486870502105e-54
1.697125061177562520e-35
0.000000000000000000e+00
1.737788830325424204e-30
7.986968156526827836e-36
1.801332035867142442e-44
3.614852849251558647e-63
9.860646028138288388e-16
3.297052595373937768e-33
1.164479995923499594e-40
1.469917104332300319e-37
3.509758408698679207e-33
9.451306724828859721e-16
3.339101393141190295e-17
0.000000000000000000e+00
3.459645762945458620e-35
0.000000000000000000e+00
0.000000000000000000e+00
0.000000000000000000e+00
0.000000000000000000e+00
0.000000000000000000e+00
0.000000000000000000e+00
0.000000000000000000e+00
0.000000000000000000e+00
0.000000000000000000e+00
0.000000000000000000e+00
0.000000000000000000e+00
0.000000000000000000e+00
0.000000000000000000e+00
0.000000000000000000e+00
0.000000000000000000e+00
0.000000000000000000e+00
0.000000000000000000e+00
0.000000000000000000e+00
0.000000000000000000e+00
0.000000000000000000e+00
0.000000000000000000e+00
0.000000000000000000e+00
0.000000000000000000e+00
0.000000000000000000e+00
0.000000000000000000e+00
0.000000000000000000e+00
0.000000000000000000e+00
0.000000000000000000e+00
0.000000000000000000e+00
0.000000000000000000e+00
1.524555505230141161e+00
7.183296353290463980e-05
5.090281005090648847e+00
8.666022849215816848e+01
9.497030638489185883e-02
1.863928658835960928e+00
2.209127775489715617e+01
3.360568452669754347e-02
1.405596338961229463e+01
4.512243778898636926e+00
1.089839522226296663e-10
4.211818505148117175e+00
3.302493876722547100e-10
2.676518202365452128e-11
0.000000000000000000e+00
0.000000000000000000e+00
1.532833742324226969e-12
4.200438842702808491e-03
6.438570521891295029e-17
1.642562847404008863e+01
1.793449919536183415e+03
2.019030398790643499e+00
0.000000000000000000e+00
2.484973635272966064e+01
1.266376504581905982e+00
2.053922159516185619e+00
2.725771690854059473e-02
8.988721758182116606e-02
4.198904250377185008e+02
1.200510452986964225e+02
3.431381120964541651e+02
1.954477862877046317e-11
7.923021313627236495e+00
1.426150207678370236e+02
1.099780385080670158e+02
2.160560759456193480e+01
5.483456300288602847e+01
3.575856623742134294e-14
6.415243899278124837e-12
1.144408348404913578e-09
2.050272815930836292e-09
2.372575200409722740e+01
4.820821405860328902e-09
6.467212052773512188e-01
2.860526193875485013e-01
1.431273773271110328e-01
2.458716792899033976e+02
2.047327494972025250e-13
9.996286252969495763e+03
3.516219809890956505e+00
4.580172796309611161e-01
7.629141797451293172e-01
2.457815249034428362e+01
1.011604965646138166e-01
1.011689565486038278e+00
1.283196416897136771e+01
4.511557056389252085e-01
1.346151926967269485e-01
7.019568488918943860e-02
3.604728556414889429e+00
2.259092455518973086e+00
1.048209482694217008e-02
1.602565898751027476e+02
1.472922587903535430e+01
3.785078553641597898e-02
4.965606853621656880e-01
7.871726399299183718e-01
1.878746587349949537e-01
2.120384571089996939e+01
3.249387930757297490e-13
9.927756493368357498e-11
3.417362023867184462e+02
0.000000000000000000e+00
3.001609488057593111e+01
2.771622318178232192e+01
2.161007420728321620e+02
2.048243418952686579e-01
8.999245116788985310e-01
6.901771026959788458e+01
0.000000000000000000e+00
1.198213340627627884e-11
2.498442830868127729e+01
2.025633502043740775e-10
3.354847825243897352e-01
8.139873884332414709e-11
3.288490413344869758e-04
1.865724894336425951e-02
2.487836785035807408e-01
1.049728240875721489e-16
5.527303671850371941e-02
0.000000000000000000e+00
6.290453893981549083e-01
1.798505491256392197e-01
5.149825487439914973e+00
4.755236649279677152e+00
2.160570678198953232e+01
1.782308248465863823e-15
4.635781136925194881e-15
5.703942358033784027e-11
1.483492925411256224e-10
1.009467577885155593e-13
1.464081085379554444e-03
1.147309590763349917e-03
1.013693221870372524e-03
1.473899481386365673e-01
2.511815651154063536e-03
5.365193590979183691e-02
0.000000000000000000e+00
8.162988142169868970e-14
6.079190045961997174e-13
9.418952909988248566e-04
1.097886157477048912e-13
4.923254065984060680e-13
0.000000000000000000e+00
8.313941945863444774e-13
4.380814927307687123e-02
1.919034121158632407e-04
7.325303209749936626e-04
2.094379974546673991e-04
1.089393206133659930e+02
3.646427851137262532e+00
4.217445005364346411e-01
8.854283700796012013e+00
2.531528598942905273e+00
6.141866463088552663e+00
0.000000000000000000e+00
0.000000000000000000e+00
0.000000000000000000e+00
0.000000000000000000e+00
6.037332471431645331e+01
6.576919025573288025e+01
0.000000000000000000e+00
0.000000000000000000e+00
0.000000000000000000e+00
0.000000000000000000e+00
0.000000000000000000e+00
4.223815364579499090e-03
4.671621296796071160e-03
3.162480333325427655e-04
1.815266064787042759e-03
4.819624119231900178e-03
5.376216566653199691e-03
5.376216566653199691e-03
5.376216566653199691e-03
5.376216566653199691e-03
2.208679732421649916e-02
3.794982358112791161e-06
1.357970938889601492e-02
5.376216566653199691e-03
5.376216566653199691e-03
5.376216566653199691e-03
5.376216566653199691e-03
5.376216566653199691e-03
5.376216566653199691e-03
5.376216566653199691e-03
5.376216566653199691e-03
5.376216566653199691e-03
5.376216566653199691e-03
5.376216566653199691e-03
5.376216566653199691e-03
5.376216566653199691e-03
5.717773419555999964e-04
9.420411206955300182e-03
4.703248135821100177e-03
1.498765032630679922e-02
2.770337121422000162e-04
2.087240296962000101e-04
1.677381705775643148e-03
5.578638961730717546e-04
2.733655271021644562e-03
2.765277641455057486e-03
0.000000000000000000e+00
5.711447455939286898e-03
1.466130170391628925e-03
5.293997907016314425e-03
1.714066038727185288e-03
1.263730118271915066e-03
2.543903025101892923e-02
4.715898077014800405e-03
7.589964716225612816e-06
5.488809483950398728e-03
1.597434375337534324e-02
5.997340595508901182e-03
4.738666978143145359e-02
3.115683495071742016e-03
5.819022600115726564e-05
5.047326536290000238e-04
1.437918120374669789e-02
6.793018421020998506e-04
0.000000000000000000e+00
2.101154735764841457e-03
2.469268521012000193e-03
2.023990590993499574e-05
4.346519297648343549e-03
4.443923596584806179e-01
1.430455201231593115e-02
1.264994119370919446e-06
0.000000000000000000e+00
5.406582383640414630e-03
2.529988238741870656e-06
1.264994119370919446e-06
0.000000000000000000e+00
1.604011550341885584e-03
0.000000000000000000e+00
4.629888407101145410e-04
4.800653676033014502e-03
2.761483155607114773e-03
1.505343002051000019e-04
1.178974519253700318e-03
2.708351913062941995e-03
0.000000000000000000e+00
1.897491179056000940e-04
3.162480333325427655e-04
3.364882371485871174e-03
3.679869879290729746e-03
2.560349090627114278e-03
2.839910804967284846e-03
5.059976477483741313e-06
0.000000000000000000e+00
2.958820748698341632e-03
2.350358080770785767e-03
1.665490810704598965e-02
1.927850541411042784e-03
7.882175875249313943e-03
2.013870141528242754e-03
4.685535239088756826e-03
4.843665958642599800e-03
1.264992133330171062e-03
5.059976477483700032e-03
2.171993909939485407e-03
4.035346136098717242e-04
3.870883494805571826e-03
0.000000000000000000e+00
6.324960666650855309e-04
2.901894523796072402e-03
1.470049268912803318e-02
1.016802124197292712e-02
1.712801541118042425e-03
2.738459170312168567e-02
6.700674346817954777e-03
7.638029527659725114e-03
1.104339369700542721e-03
2.518604781198072184e-03
2.889249051194086280e-03
8.614614918017570854e-04
7.162395214347625806e-03
3.706442699960144755e-04
1.264994119370919446e-06
3.263679862875102549e-04
2.387043208138689421e-02
1.655118405086971473e-02
6.308525176792641881e-03
7.527980997396811931e-03
1.061329569641942952e-03
1.674473013717424005e-02
1.631842910498657474e-03
9.474815884292144431e-04
8.852428847357797503e-03
2.139106545386772196e-03
2.903162496976614305e-03
5.398991922413956535e-03
1.788703174321072328e-03
2.909486474553155913e-05
3.843049652097914586e-03
0.000000000000000000e+00
5.059976477483741313e-06
1.803122915657443676e-02
0.000000000000000000e+00
6.324970596854693582e-06
5.059976477483741313e-06
4.933477065546644307e-05
9.550700636148428064e-04
2.419937225927900129e-03
1.125843773219685397e-03
1.435767332465585563e-03
3.364884357525999318e-04
0.000000000000000000e+00
