1.897392000000000053e+03
2.411700767622233741e+02
8.327425256543296683e+00
1.758340493024050488e+02
5.653221971187839756e+00
6.066615834699587110e-68
1.257005441673323584e-102
8.335810865632113931e+00
8.349317268776264456e+00
8.350138092423037506e+00
8.432990414651008848e+00
8.436319256388802756e+00
8.444037774077623126e+00
8.445098811828056995e+00
8.466335718901557783e+00
8.494693138061018445e+00
8.535897813240460152e+00
8.346343871699188455e+00
8.373290353746675407e+00
8.411104307010148773e+00
8.435127471587476222e+00
8.471850553477144885e+00
8.566742468848310921e+00
8.604364118925541760e+00
8.628860487195717965e+00
8.672051137707935453e+00
8.688875516456015191e+00
1.910063764884774584e-01
7.238214049019458685e+01
1.256046220481586317e+01
6.099382198817033130e-04
1.166492840242628227e-05
0.000000000000000000e+00
0.000000000000000000e+00
6.566875958249607947e+01
1.523005386033973423e+02
0.000000000000000000e+00
7.968013990480077524e+00
1.765154419778988126e+00
7.971999149338938878e+03
3.253809714586051616e+00
3.375176927731414478e-02
1.128037364226031286e+03
6.972831991454052636e-01
1.496716479801525113e+00
1.863296776016393963e+01
3.803184068068600432e+00
2.547187763541169936e-01
8.893752017129372689e-01
2.745906913140731209e+00
1.140876790347160252e+01
1.122140539985356567e+00
1.412862430316476434e+02
4.923058102289797944e+01
1.602357703612841178e+01
5.529829162372500662e+01
4.022135697553736122e+00
1.404201319426302064e+01
5.215587444199353939e+00
1.278872972657103091e+00
2.044279156465216829e+01
5.953925137566922210e-01
1.088092526349145004e+02
1.159572010928885000e+01
4.204561207500231212e+00
4.153998576774134222e+01
3.443696276365294739e+00
3.900630353808979045e+00
6.841959818948204486e-01
7.116750916169901586e+01
7.300594505047740546e-01
9.402903981380049458e+00
2.651894767868549252e+01
1.674039796555623383e+01
8.396865454310302457e-02
1.497720318032879916e-01
8.988501995016236833e+03
1.833465877960934298e+00
2.897894613074734504e+00
3.241904255867217310e-01
3.184871480045999709e-02
3.636113058423173783e-02
2.372282731041835437e-03
0.000000000000000000e+00
4.876097967103992126e+00
0.000000000000000000e+00
0.000000000000000000e+00
7.415924913428748599e-01
0.000000000000000000e+00
1.578428466693418386e+01
0.000000000000000000e+00
6.096881861965369699e-04
2.861775366419986796e-03
5.501616759748333593e-06
8.759002100486149800e+01
8.432589959635241814e-03
1.708887247016424810e-04
4.932021125435544384e+00
2.660727723073440799e-09
4.360118192813074791e-05
6.524559656262196418e-09
7.862837051750918071e+00
8.411042110127848711e-05
3.157601466567917896e+02
1.688283691894192588e-06
4.028944534056789761e-01
5.924561648290796967e+01
1.035118186820608292e-04
2.349173956208732068e-06
4.345264299438323263e+01
3.130831024661313074e-04
1.197840967202566702e+02
8.889003499590288025e-08
1.086981453042320205e-04
1.463436114652427776e-03
6.205354189863940384e+00
2.788137660796908071e-02
6.771723818109323179e-05
1.296345599443595635e-03
1.449989734938387585e-07
2.802660556637235098e-06
2.259984689972724482e+03
1.035183282396045054e-06
1.269833705496789945e-04
1.760285939165647142e+04
1.285126876768133419e-02
1.288984315667987268e-01
1.822763133198363448e+03
1.330739896916563643e-03
1.128005820832791127e-02
9.036386324409714788e-03
9.012121998898972586e-02
1.286296606125233233e-06
3.853647821552067532e-01
2.717031766835305411e-10
4.920290147273605749e-12
6.168695445203650125e-12
6.458502174109410346e-04
2.330727265174295322e-10
1.109433071053959330e-01
6.096699005278343186e+00
2.030648342731462309e-11
1.634421181836798708e-12
7.659752909948162165e-13
2.687392474605280294e-09
2.066947413380736560e-10
1.052189597798885640e-10
5.700144244707135019e-12
2.155442244111584256e-18
7.564890380036843823e-10
1.193913156177011119e-12
2.387948853156145424e-10
1.687634631202311235e-14
4.256231384217146922e-09
4.253244414592453407e-12
3.662344480222414746e-16
4.939374704753466532e-18
6.171998463536444761e-19
3.043428986182715213e-16
6.651616277037710281e-17
1.327454396260687742e-17
0.000000000000000000e+00
2.409429611749109412e+01
5.046003206113454809e+01
1.992046808979213237e-04
4.172422541827239826e-04
4.974522931196174525e-05
2.157765635963323806e-13
4.518942717876365181e-13
0.000000000000000000e+00
1.256133520331794351e+01
2.160543167050505602e-04
2.094392277991234064e+00
3.540838149476704250e-02
3.861256704986220853e-03
5.805300423513293229e-01
4.799639507123263644e-06
1.198562314918966939e-06
5.198860965213709577e-15
3.968250855814847330e-11
9.909485753834460339e-12
4.298319580235727381e-20
1.073373085354240698e-20
4.655842558280410056e-29
1.577865724407853110e-01
4.386443776686118484e-03
1.342795912088666777e+00
1.280245095017566205e-02
2.108683610086725713e-16
7.005571771565403413e-24
3.076351086819639360e-32
1.956695472864226978e-17
6.572701721591935995e-20
1.683021763668312637e-17
1.654603845431055986e-19
0.000000000000000000e+00
4.220172200769849850e-15
3.974927462100372887e-20
3.886970068547247980e-29
1.236861367062846647e-27
1.449353431916706132e-22
3.479423864538328742e-28
0.000000000000000000e+00
1.443545549070800642e-36
5.438894399829017949e-36
0.000000000000000000e+00
6.378129456148550554e-31
1.346523362342188156e-36
5.859726971731450088e-45
2.101886620223122690e-16
2.621444983528980447e-38
2.139360031718012550e-16
5.260824408242031557e-18
0.000000000000000000e+00
6.280093954706260917e-32
8.544457203814284319e-39
1.584385702425524756e-47
7.357647938532909834e-47
5.205871104752861026e-55
1.261107842648882276e-63
7.672623127317927436e-34
2.159185627026096886e-41
2.979963445011931177e-33
5.526130930890950115e-36
0.000000000000000000e+00
5.046587494972928134e+00
4.172405787098585136e-05
4.519460456415687292e-14
1.645620166364154534e-19
0.000000000000000000e+00
4.159067634434819408e-15
6.189012405175388069e-32
3.952944490105043812e-20
8.496097275582288500e-39
3.865606543691520690e-29
1.575589965696859862e-47
1.235664793062154051e-27
0.000000000000000000e+00
1.441193367374504016e-22
1.441966873274828516e-36
5.199573235228957470e-55
5.433861665785217968e-36
0.000000000000000000e+00
6.343401121943725868e-31
1.345092004800206479e-36
5.853849518191004942e-45
1.259812193828330703e-63
2.100232101827693814e-16
7.665965546763212164e-34
2.156450690954137101e-41
2.618172802129855035e-38
2.976030246795665687e-33
2.136678601054199642e-16
5.254895283809474519e-18
0.000000000000000000e+00
5.519192960471499617e-36
0.000000000000000000e+00
6.171264929665979628e-18
0.000000000000000000e+00
6.417131728221279244e-36
0.000000000000000000e+00
1.149221235864772701e-23
0.000000000000000000e+00
2.934315086281419760e-19
4.291775798919825373e-36
2.761221140469885150e-24
5.867267124528948019e-43
2.668286320570892915e-33
1.074241727051008355e-51
8.758423118020914424e-32
0.000000000000000000e+00
1.012265527906831936e-26
1.010162360729600870e-40
3.597160267702695729e-59
3.799711545471911852e-40
0.000000000000000000e+00
4.396081423220837186e-35
9.408670942232376601e-41
4.046184873534506092e-49
8.599703232374251545e-68
1.485043288102432383e-20
5.356311389112788443e-38
1.488080649573282853e-45
1.814469080573934287e-42
2.048945475502784055e-37
1.493066145039627670e-20
3.707374180441343819e-22
0.000000000000000000e+00
3.848427897573765801e-40
0.000000000000000000e+00
9.543468310611815846e-19
0.000000000000000000e+00
6.741357009099691133e-14
9.650138046468038844e-31
2.292761294409130337e-19
4.800016509346729443e-38
2.184261489212738653e-28
8.657115557407419915e-47
5.830708871986294372e-28
0.000000000000000000e+00
8.456648409773056790e-22
6.691196644798496977e-37
2.370297280727645899e-55
2.515720828319832571e-36
0.000000000000000000e+00
3.611962968765176362e-30
6.228629433315004291e-37
2.666043121084620209e-45
5.638202899771475845e-64
9.963749083622306501e-17
3.575330682140327817e-34
9.799510506495037043e-42
1.196456388029430574e-38
1.358011778553347210e-33
9.958305326819368689e-17
1.107753364850583220e-17
0.000000000000000000e+00
9.529833531865952692e-36
0.000000000000000000e+00
9.551893169315147741e-19
0.000000000000000000e+00
6.747200625553371283e-14
9.658673945151780768e-31
2.294785177642218022e-19
4.804311947975484622e-38
2.186215969825893314e-28
8.664977077782299334e-47
5.839004288050090711e-28
0.000000000000000000e+00
8.464068821209169638e-22
6.700797531170096166e-37
2.373729386301639519e-55
2.519334740304374721e-36
0.000000000000000000e+00
3.615182035527213534e-30
6.237576156594627964e-37
2.669905307644027929e-45
5.646444810865695344e-64
9.977884595806337474e-17
3.580446999601754647e-34
9.813723093707400946e-42
1.198186655818605726e-38
1.359976878354322830e-33
9.972560462111806770e-17
1.107838364183917744e-17
0.000000000000000000e+00
9.530691480757224407e-36
0.000000000000000000e+00
1.373730434019657936e-17
0.000000000000000000e+00
1.180248026896212176e-35
0.000000000000000000e+00
6.718659993411636233e-23
0.000000000000000000e+00
1.887078512348261478e-18
2.806080829359698279e-35
1.434687284134984523e-23
3.081869240664103471e-42
1.927995431397395476e-32
7.855449915616723970e-51
3.924652692111831614e-31
0.000000000000000000e+00
5.231469754956415743e-26
5.886159782667297241e-40
2.121668138429705732e-58
2.464447958550411488e-39
0.000000000000000000e+00
3.163926202464783888e-34
5.490175143867775800e-40
3.184626455824496231e-48
6.851030536430749766e-67
1.905918443890464977e-20
6.954549523521668358e-38
9.775182239738296879e-46
1.187021396239784803e-42
1.079415459696090984e-36
7.753402862708369473e-20
1.399993172165817864e-21
0.000000000000000000e+00
1.455453417936664012e-39
0.000000000000000000e+00
3.902337154022049375e-22
0.000000000000000000e+00
3.062787534462515704e-17
4.384331353225999302e-34
8.333492955484985085e-23
1.744661460360154601e-41
1.091625220099642454e-31
4.326578350244187073e-50
1.855382907249608932e-31
0.000000000000000000e+00
3.073734962382708172e-25
2.737527290554972835e-40
9.697502545504716492e-59
1.143607064292744294e-39
0.000000000000000000e+00
1.805154431683453620e-33
2.548293137615052693e-40
1.454330129986791872e-48
3.075648862462566472e-67
9.058720592758727158e-21
3.250577337952876326e-38
4.454498913003443305e-46
5.438652083971182898e-43
4.938419091218580337e-37
3.621342353516892116e-20
3.117912945817282940e-21
0.000000000000000000e+00
2.678747555123430465e-39
0.000000000000000000e+00
2.406327598152392564e-20
0.000000000000000000e+00
6.077687585435027799e-16
9.046132678919952724e-33
4.334975967689867647e-21
9.311057997635742627e-40
4.237760995351777911e-30
1.726905234432486962e-48
1.355192425546487271e-28
0.000000000000000000e+00
1.580748520731178548e-23
1.053984437430134054e-37
3.799610711631267348e-56
5.958224675504140259e-37
0.000000000000000000e+00
6.955759660539001935e-32
9.832611777397494164e-38
4.278146802924495844e-46
9.204614994982627669e-65
3.071675705055874016e-17
1.120910214584155202e-34
3.939638666993085068e-42
4.783063254216748859e-39
2.174746620081235750e-34
4.685692492675815762e-17
3.384262628007000278e-19
0.000000000000000000e+00
3.518062646481150785e-37
0.000000000000000000e+00
3.877424374492635075e-20
0.000000000000000000e+00
4.901699856301230974e-16
7.275548879392009634e-33
2.329844315442488567e-20
4.998338401299547317e-39
9.086695467630048582e-30
3.696846609823761510e-48
8.737433622810110523e-28
0.000000000000000000e+00
8.469763992003252273e-23
1.017600232978781952e-36
3.662491065968619878e-55
1.917092352889989609e-36
0.000000000000000000e+00
1.493929740094078026e-31
9.497127154815539450e-37
2.059846507347407904e-45
4.433505792916841730e-64
7.441126060338940697e-17
2.710902113461963200e-34
7.528993997062459089e-42
9.146782188110665049e-39
2.445768066138550421e-33
2.011576605431053182e-16
3.792719052147203149e-18
0.000000000000000000e+00
3.936480152212900388e-36
0.000000000000000000e+00
3.133126674209897860e-20
0.000000000000000000e+00
3.959344694712685325e-16
5.890277743180383387e-33
1.881800151818923127e-20
4.043883338888865851e-39
7.358496559662575124e-30
2.999162908748399627e-48
7.059275463482479321e-28
0.000000000000000000e+00
6.861378700565910730e-23
8.235242019090112438e-37
2.969427870528986021e-55
1.551863148681946184e-36
0.000000000000000000e+00
1.207749345742946367e-31
7.682765492601474585e-37
1.671521906237603882e-45
3.596626521739040685e-64
5.999536554967433199e-17
2.189482838187004877e-34
6.152777251750760639e-42
7.470581087473130963e-39
1.981408877596248987e-33
1.626157680051744843e-16
3.084520205825423045e-18
0.000000000000000000e+00
3.206856417856616090e-36
0.000000000000000000e+00
5.840332549711296164e-22
0.000000000000000000e+00
4.583846816056441447e-17
6.561588357267500286e-34
1.247218468975938117e-22
2.611087362621714963e-41
1.633733381691649830e-31
6.475139422018842079e-50
2.776839199763097553e-31
0.000000000000000000e+00
4.600278668261723285e-25
4.097017035691169024e-40
1.451330172417385880e-58
1.711543995283892065e-39
0.000000000000000000e+00
2.701631859659785064e-33
3.813824325421402700e-40
2.176551887587968182e-48
4.602959203813246614e-67
1.355769225650210004e-20
4.864902231356126075e-38
6.666271769171830272e-46
8.139115859782927425e-43
7.390494815396785038e-37
5.419532785472660086e-20
4.666347563583217888e-21
0.000000000000000000e+00
4.009053934261224581e-39
0.000000000000000000e+00
5.078072940632091446e-21
0.000000000000000000e+00
1.426285226364066547e-16
2.120879790175035355e-33
1.084360225416824145e-21
2.329325201834435362e-40
1.457209202422746335e-30
5.937268549340484882e-49
2.966317647936821569e-29
0.000000000000000000e+00
3.954031811000212158e-24
4.448854364034029472e-38
1.603589890791463068e-56
1.862669276711064299e-37
0.000000000000000000e+00
2.391345203001599165e-32
4.149562076756044348e-38
2.406990076173799332e-46
5.178111772561201602e-65
1.440524817747088937e-18
5.256361279857951307e-36
7.388233163875407917e-44
8.971693021316976009e-41
8.158390585503491509e-35
5.860147576422607378e-18
1.058137996197552889e-19
0.000000000000000000e+00
1.100055364684327992e-37
0.000000000000000000e+00
2.186713887960941870e-19
0.000000000000000000e+00
5.522822460206920216e-15
8.220372954827665513e-32
3.939332940929366934e-20
8.460984813051612222e-39
3.850930251835650779e-29
1.569254211198945993e-47
1.231511672100187340e-27
0.000000000000000000e+00
1.436489077583486992e-22
9.577801132295253944e-37
3.452753858905428083e-55
5.414400027946604653e-36
0.000000000000000000e+00
6.320896339406492116e-31
8.935160090306081615e-37
3.887625418648284751e-45
8.364290101975278526e-64
2.791362444685877674e-16
1.018607600069809414e-33
3.580018879133421782e-41
4.346447281225663421e-38
1.976228276906826206e-33
4.258030960483370984e-16
3.075407903067134087e-18
0.000000000000000000e+00
3.196953102275177362e-36
0.000000000000000000e+00
3.837488128846123329e-19
0.000000000000000000e+00
4.851226371977505875e-15
7.200515414141212924e-32
2.305855005728023811e-19
4.946814595470830771e-38
8.992966862896384619e-29
3.658667707139587233e-47
8.647450141221942445e-27
0.000000000000000000e+00
8.382379021224177876e-22
1.007108399555082064e-35
3.624683002727446929e-54
1.897323277007274544e-35
0.000000000000000000e+00
1.478537665253323265e-30
9.399234851069815437e-36
2.038569978409936631e-44
4.387720469656414710e-63
7.364598796231562762e-16
2.682989697417531787e-33
7.450852061977717625e-41
9.051886309141317369e-38
2.420533187606430101e-32
1.990851792885930545e-15
3.753714961368400853e-17
0.000000000000000000e+00
3.895988280671449512e-35
0.000000000000000000e+00
0.000000000000000000e+00
0.000000000000000000e+00
0.000000000000000000e+00
0.000000000000000000e+00
0.000000000000000000e+00
0.000000000000000000e+00
0.000000000000000000e+00
0.000000000000000000e+00
0.000000000000000000e+00
0.000000000000000000e+00
0.000000000000000000e+00
0.000000000000000000e+00
0.000000000000000000e+00
0.000000000000000000e+00
0.000000000000000000e+00
0.000000000000000000e+00
0.000000000000000000e+00
0.000000000000000000e+00
0.000000000000000000e+00
0.000000000000000000e+00
0.000000000000000000e+00
0.000000000000000000e+00
0.000000000000000000e+00
0.000000000000000000e+00
0.000000000000000000e+00
0.000000000000000000e+00
0.000000000000000000e+00
0.000000000000000000e+00
0.000000000000000000e+00
1.555282377640791580e+00
7.183297207383781860e-05
6.156553811261372466e+00
9.129794993751772836e+01
1.180262526190156286e-01
2.469422416115996999e+00
1.865246287291155625e+01
2.664375017008062743e-02
1.722512197284891755e+01
4.144155660354138071e+00
9.639893964248268418e-11
3.333923643978867535e+00
4.086947793974331026e-10
2.581602986038346103e-11
0.000000000000000000e+00
0.000000000000000000e+00
5.757373140871240146e-13
4.200439574096232614e-03
2.418348464623551234e-17
1.448469703200757941e+01
1.511634391310090905e+03
1.903318355594698197e+00
0.000000000000000000e+00
2.879054102902990309e+01
1.376025194086944126e+00
1.969542160168799239e+00
3.536018026987679946e-02
9.897552701684415866e-02
4.248831242007586866e+02
1.175206788391396486e+02
3.250333346497512821e+02
1.626940689915729286e-11
8.447420547407711311e+00
1.520540882681259802e+02
1.054093274589440341e+02
2.207818205179344417e+01
5.603099401734733220e+01
7.943706478248219994e-14
1.501928836179164519e-11
1.225088725962815033e-09
2.312482499439937753e-09
1.346589227849528392e+01
3.103603627795820666e-09
6.467212141945306580e-01
2.346030611997303172e-01
1.172747605633058382e-01
2.575310561481595641e+02
7.691055660231501464e-14
9.996285817581358060e+03
3.548538462915308500e+00
4.437520937623506412e-01
7.834995438081265862e-01
2.465981917516151611e+01
9.141269259164873373e-02
9.141989024724327395e-01
1.082954306304941561e+01
3.842571206772904535e-01
8.841043885853332174e-02
7.944805395039175600e-02
4.170740356678786398e+00
3.108268992619168003e+00
9.474965415238982211e-03
1.756953707856223446e+02
1.458886950605856647e+01
3.890975383171591667e-02
5.148529205510239404e-01
8.278683931100344617e-01
2.001898344656239392e-01
2.079347219629000776e+01
1.196834065755274772e-13
3.652453988258504398e-11
3.413683738153540617e+02
0.000000000000000000e+00
3.479548402507765559e+01
3.119454844993475717e+01
2.303991228649041716e+02
1.843984975244454538e-01
7.224168277746526590e-01
6.887892845733060199e+01
0.000000000000000000e+00
1.282719641485569331e-11
2.659424778826811675e+01
2.080164430608437783e-10
4.863202867991378575e-01
1.138149525601007122e-10
4.376424440169582059e-04
2.472079905492196097e-02
2.882108548333406350e-01
3.323257535608076678e-17
4.594829511809284117e-02
0.000000000000000000e+00
7.008828126402244507e-01
1.938609171844796752e-01
5.654835688906013402e+00
5.069626179207343597e+00
2.207831106737018700e+01
4.045762267586750717e-15
1.097992632559896551e-14
6.238293847501089499e-11
1.692917199729547373e-10
3.714123843766878143e-14
1.431519269746191984e-03
1.003550311243466735e-03
9.160108444251337462e-04
1.460174435930907400e-01
2.353379343075367655e-03
5.930903146787108032e-02
0.000000000000000000e+00
1.141347907246045598e-13
6.241422044711595689e-13
7.662414363975970661e-04
9.725709518899670254e-14
4.612597777807397567e-13
0.000000000000000000e+00
2.075296083676183555e-12
5.029720365416793376e-02
2.529659541603834771e-04
9.770987831807338361e-04
2.702609541395858939e-04
1.164957855673727067e+02
5.647818586058297008e+00
3.878053688754662387e-01
8.238557883061634612e+00
2.278747143807954068e+00
5.520330311975447657e+00
0.000000000000000000e+00
0.000000000000000000e+00
0.000000000000000000e+00
0.000000000000000000e+00
5.826622382246353027e+01
6.787629114760203208e+01
0.000000000000000000e+00
0.000000000000000000e+00
0.000000000000000000e+00
0.000000000000000000e+00
0.000000000000000000e+00
3.907567331246956759e-03
4.039125230130985629e-03
1.042354161341185314e-03
2.447762131452128290e-03
2.922135919236642718e-03
5.376216566653199691e-03
5.376216566653199691e-03
5.376216566653199691e-03
5.376216566653199691e-03
2.366803749087921169e-02
3.794982358112791161e-06
1.041722905557058813e-02
5.376216566653199691e-03
5.376216566653199691e-03
5.376216566653199691e-03
5.376216566653199691e-03
5.376216566653199691e-03
5.376216566653199691e-03
5.376216566653199691e-03
5.376216566653199691e-03
5.376216566653199691e-03
5.376216566653199691e-03
5.376216566653199691e-03
5.376216566653199691e-03
5.376216566653199691e-03
5.717773419555999964e-04
9.420411206955300182e-03
4.703248135821100177e-03
1.498765032630679922e-02
2.770337121422000162e-04
2.087240296962000101e-04
2.942373839105814209e-03
1.822856029503242600e-03
3.998647404351815191e-03
2.132781574789971955e-03
0.000000000000000000e+00
3.497711222611486672e-03
2.098626237056714239e-03
3.712757740353599730e-03
2.030314072059728053e-03
1.897488199995256593e-03
1.753282941770535619e-02
3.450905943684629777e-03
7.589964716225612816e-06
7.070049650613112989e-03
1.882057605336825631e-02
1.168980519549467183e-02
5.118164618142196504e-02
4.696923661734455843e-03
5.819022600115726564e-05
1.453476753626628320e-03
1.058420480375618471e-02
1.628045942099728147e-03
0.000000000000000000e+00
2.417402769097384656e-03
2.153020487679457428e-03
2.023990590993499574e-05
2.765279130985630156e-03
4.111863161585636584e-01
1.367205594565084302e-02
1.264994119370919446e-06
0.000000000000000000e+00
2.560350083647528873e-03
2.529988238741870656e-06
1.264994119370919446e-06
3.288984710364431345e-05
2.236507617006971115e-03
0.000000000000000000e+00
4.629888407101145410e-04
3.535661542702843007e-03
2.761483155607114773e-03
4.667823335376427673e-04
1.495222552586242867e-03
4.289592079725656690e-03
3.428129098393324658e-04
6.324960666650855309e-04
1.264992133330171062e-03
2.732386304820785643e-03
8.423590379278872095e-03
4.774085323954914938e-03
4.104902938297456776e-03
0.000000000000000000e+00
6.957467656540150319e-05
4.223812882028513127e-03
4.528698807755292288e-04
1.064619547372767233e-02
1.611602508078500019e-03
7.565927841916771611e-03
2.013870141528244489e-03
4.369287205756213627e-03
6.108658091972769995e-03
6.324960666650855309e-04
6.641216644146414293e-03
1.539497843274399659e-03
1.352278713607500075e-03
3.870883494805571826e-03
1.123538713914281450e-18
1.264992133330171062e-03
6.324960666650855309e-04
1.406799662246295719e-02
1.048426927530546685e-02
1.080305474452956894e-03
3.086332006977965739e-02
7.649418446815585242e-03
5.424293294331927924e-03
7.880913363679995214e-04
4.732341014525871109e-03
5.102985284521885205e-03
1.493957558466843267e-03
8.111139314345252802e-03
1.319388369993642826e-03
1.264994119370919446e-06
3.263679862875102549e-04
1.912671158139875316e-02
1.781617618419988752e-02
5.992277143460099549e-03
9.109221164059523590e-03
1.693825636307028483e-03
2.053970653716475497e-02
1.948090943831200022e-03
1.896225688426842523e-03
5.373700480699826650e-03
4.352842778714571988e-03
4.168154630306786235e-03
4.766495855748871004e-03
1.472455140988529563e-03
2.909486474553155913e-05
3.843049652097914586e-03
3.162480333325427655e-04
5.059976477483741313e-06
2.846741425654835539e-02
3.162480333325427655e-04
6.324970596854693582e-06
5.059976477483741313e-06
4.933477065546644307e-05
9.550700636148428064e-04
5.898665592585870983e-03
1.770996732220571823e-04
8.032712658005000325e-04
0.000000000000000000e+00
0.000000000000000000e+00
