1.897392000000000053e+03
5.466391374233833176e+02
9.044983074077928009e+00
8.292934065186364023e+01
1.603603332709964358e+00
3.632095228611262967e-76
9.108715312743131019e-103
9.019349706377408182e+00
8.974315055640678551e+00
8.971563243355193507e+00
8.701452356024619306e+00
8.690620261307383743e+00
8.665714474336729367e+00
8.662294943538755732e+00
8.596669966510104288e+00
8.514765169222698660e+00
8.406833581774874276e+00
8.983478331359945557e+00
8.887133780840109409e+00
8.754410567703677870e+00
8.674045893927241124e+00
8.562968469046673192e+00
8.331663429271086940e+00
8.246220208392978535e+00
8.192858291395152648e+00
8.104487729825629927e+00
8.070832128271941741e+00
1.103324516015879331e+00
6.912253821059255188e+01
1.466165664287706250e+01
2.341923709368350505e-04
1.147742350206308482e-05
0.000000000000000000e+00
0.000000000000000000e+00
5.149112350079136036e+01
1.524213608018403079e+02
0.000000000000000000e+00
8.804029192404039250e+00
1.807172295847388810e+00
7.960858139895906788e+03
4.380821313025576202e+00
4.182230354816131312e-02
1.130987372741470381e+03
7.581482828016227193e-01
1.622071167324322882e+00
2.311066642915037050e+01
4.737667896124031941e+00
2.543053294859419777e-01
8.878090059936368794e-01
2.739824794205414360e+00
1.140830831551645730e+01
1.123111752143765019e+00
1.412692984102696983e+02
4.934909612571082249e+01
1.603184585188435918e+01
5.529831696021885534e+01
4.023507798914619293e+00
1.405153760435359978e+01
5.173363967626613658e+00
1.272713989644612465e+00
2.050571259636933164e+01
5.886293419234323032e-01
1.088226226269982959e+02
1.151098055470304438e+01
4.204450733512538285e+00
4.130660102052463856e+01
3.443492222431636218e+00
3.900411934947416004e+00
6.841625193210704170e-01
7.116752328531386240e+01
7.300211911134327769e-01
9.402853943152251759e+00
2.651896722402401352e+01
1.674038806206491259e+01
8.422723471702950326e-02
1.497720318032879916e-01
8.999264724421669598e+03
2.476697947442462411e+00
2.896107477171891098e+00
4.011370056521503247e-01
3.175148961358521121e-02
3.604530063788070199e-02
2.370464955075402523e-03
0.000000000000000000e+00
4.912795058325330366e+00
0.000000000000000000e+00
0.000000000000000000e+00
6.382946670209023177e-01
0.000000000000000000e+00
1.540954099969360591e+01
0.000000000000000000e+00
5.871815858841492345e-04
2.861990677680989904e-03
5.301928682885565826e-06
8.876755135503796623e+01
8.229726428600583552e-03
1.667545468355545902e-04
4.838686926235681085e+00
2.547181084887187931e-09
3.946363492121261561e-05
5.765181078090400609e-09
7.861098412758039444e+00
8.205732002107431449e-05
3.190398468809195833e+02
1.664522399223936399e-06
3.958925517395224247e-01
5.990292246849985958e+01
1.008050635356325060e-04
2.781020351940064647e-06
3.617956259422794574e+01
3.088540004360292046e-04
1.164038497727654402e+02
1.022611369177821239e-07
1.335949022006974326e-04
1.809105921853800415e-03
5.166776833226862209e+00
2.865986416591799479e-02
1.034855882151302796e-04
1.642406518348409018e-03
3.386235867606521392e-07
5.393853603661094474e-06
2.259972232577734303e+03
2.417476603538460199e-06
2.386911239482205249e-04
1.747259810302335609e+04
2.397743884743838011e-02
2.396448300903349649e-01
1.857390842916732026e+03
2.548874810831306629e-03
1.975566855191710630e-02
1.677051444156775484e-02
1.529403379414932818e-01
4.051157480929326630e-06
3.863777021548140955e-01
3.251636961472190779e-11
1.023363568681433102e-12
1.308387727120851247e-12
9.815254699658826354e-04
4.990026165468993738e-11
1.667660476254032020e-01
6.085898317977599170e+00
2.364515750025815463e-11
1.373734427624835504e-12
7.905085780984399679e-13
2.605400077002136639e-09
1.531206753786270803e-10
9.041002174804441812e-11
5.648534905560936911e-12
2.075640309695245513e-18
6.213656470584491216e-10
1.068120982184169697e-12
2.132382602543626741e-10
1.771656884738031292e-14
4.460805396845871203e-09
4.471237753099875252e-12
5.854248514252027227e-16
4.959681759844917012e-18
6.196652579734478848e-19
2.614520516939454904e-16
3.047643265066832775e-17
8.624107292850397566e-18
0.000000000000000000e+00
3.113389527550119240e+01
5.886317518280173999e+01
2.127488798449526084e-04
4.023047527384974315e-04
4.918681000510179678e-05
2.315008248521996718e-13
4.377075717509511019e-13
0.000000000000000000e+00
1.523755973686474263e+01
2.160543170892979088e-04
6.275348649743993867e+00
3.455717705307739113e-02
1.153543384458196458e-02
9.693039504589197053e-01
6.623605576856233733e-06
1.531353878139552327e-06
7.207332488479337145e-15
4.526218574445951577e-11
1.046445517744946038e-11
4.925106393575293466e-20
1.138666952389435971e-20
5.359147507461750979e-29
2.321818553815445108e-01
3.937858074927088475e-02
1.218293401744768634e+00
3.487491215395555066e-02
3.158373778214517465e-16
5.101378015323598253e-24
2.450373414115186712e-32
1.967998143993923280e-17
5.647186477697700985e-20
7.022376294119440568e-18
2.579063366301374646e-19
0.000000000000000000e+00
8.043103161119240096e-15
5.701349865947362321e-20
6.228082999791472261e-29
9.642829592367054651e-28
1.349467414828920146e-22
2.506452366938516167e-28
0.000000000000000000e+00
1.126858133587534769e-36
4.635573146667884053e-36
0.000000000000000000e+00
6.505895734481630797e-31
1.062668637835041724e-36
5.016223992665260320e-45
2.558498628290494450e-16
1.858048230193237586e-38
2.496560445701113050e-16
3.176433812559636481e-18
0.000000000000000000e+00
1.798043899566473265e-31
1.218379782339569172e-38
2.474432911712739060e-47
5.007407900731113640e-47
3.952377836599186893e-55
1.013999883677876672e-63
8.746174016824683512e-34
1.593947999874544485e-41
1.436924528406544460e-33
2.246248188482655463e-36
0.000000000000000000e+00
5.887299483711640136e+00
4.023048200441396108e-05
4.377597218809130218e-14
2.562960479940444677e-19
0.000000000000000000e+00
7.908459673049169055e-15
1.767957053644962296e-31
5.665139879631179289e-20
1.210478387914567536e-38
6.188812588911187954e-29
2.458697259882663688e-47
9.632818795183780720e-28
0.000000000000000000e+00
1.340703144971840785e-22
1.125522827369377957e-36
3.947170051289128512e-55
4.630927074521834191e-36
0.000000000000000000e+00
6.465060918873098351e-31
1.061446623224177994e-36
5.010734409248800830e-45
1.012871489211662226e-63
2.556204750495631087e-16
8.737542025815499888e-34
1.591830610027185249e-41
1.855458319739227766e-38
1.435013095888114273e-33
2.492945359559228365e-16
3.172899964061453020e-18
0.000000000000000000e+00
2.243717163379364773e-36
0.000000000000000000e+00
3.799229013797752192e-18
0.000000000000000000e+00
2.683607147109172757e-36
0.000000000000000000e+00
1.798145846698989177e-23
0.000000000000000000e+00
5.612880516668446507e-19
1.242223319824950960e-35
3.971172081200928688e-24
8.399721289972898512e-43
4.302831104160122560e-33
1.691327871130279292e-51
6.853033888818619700e-32
0.000000000000000000e+00
9.436445433636055469e-27
7.913283110231588184e-41
2.741126739820955752e-59
3.253251214244838288e-40
0.000000000000000000e+00
4.492368887658944656e-35
7.451572188496454435e-41
3.479415585321597314e-49
6.950872753084886867e-68
1.803967620073096324e-20
6.094386292341870314e-38
1.111419579364486928e-45
1.287428189464442746e-42
9.997077639345621232e-38
1.738115075589432713e-20
2.268202519267794021e-22
0.000000000000000000e+00
1.602359890236530304e-40
0.000000000000000000e+00
1.711108206910358833e-18
0.000000000000000000e+00
1.479890626830855259e-13
3.229780014681038899e-30
3.774822718942400465e-19
7.880929795308263995e-38
4.047270947775833351e-28
1.570030785414965791e-46
5.094999289160039103e-28
0.000000000000000000e+00
9.021033610119991138e-22
5.853856684163524077e-37
2.017398034031644441e-55
2.406355185252452459e-36
0.000000000000000000e+00
4.226530930744490373e-30
5.509251567915265508e-37
2.561409079566966464e-45
5.093121566109274812e-64
1.349146726494714455e-16
4.535473391001654157e-34
8.188446360123388586e-42
9.469119775750640480e-39
7.430524267759179962e-34
1.292097535762808017e-16
8.892231283716306544e-18
0.000000000000000000e+00
5.875442138956016936e-36
0.000000000000000000e+00
1.712623002854785523e-18
0.000000000000000000e+00
1.481177033643420302e-13
3.232622895907371294e-30
3.778167874083649213e-19
7.887998633631062358e-38
4.050892657000737712e-28
1.571453473546752462e-46
5.102253982031875506e-28
0.000000000000000000e+00
9.028987555789610308e-22
5.862263387314958299e-37
2.020321250843269136e-55
2.409812553607669905e-36
0.000000000000000000e+00
4.230313720971707291e-30
5.517171713942160773e-37
2.565120229773157206e-45
5.100563833725890669e-64
1.351069622723885283e-16
4.541992657130319297e-34
8.200272399852551443e-42
9.482851319171056574e-39
7.441218022806514476e-34
1.293956161181321057e-16
8.892820503451228886e-18
0.000000000000000000e+00
5.875851790783353970e-36
0.000000000000000000e+00
1.120682707043290075e-17
0.000000000000000000e+00
7.402243903257276349e-36
0.000000000000000000e+00
1.133910617060953487e-22
0.000000000000000000e+00
3.888386752892675100e-18
8.687908595014229194e-35
2.228020895533791075e-23
4.757921811455735337e-42
3.345022852960602039e-32
1.328439940891496040e-50
3.315474806258709946e-31
0.000000000000000000e+00
5.273305374309299587e-26
4.978576387078416017e-40
1.745243174477417623e-58
2.275965111311377564e-39
0.000000000000000000e+00
3.493845542754838145e-34
4.694631761239002962e-40
2.953845089564103291e-48
5.968562213353711826e-67
2.513220295998139505e-20
8.587703675676203709e-38
7.820986744046592806e-46
9.114718138028907353e-43
5.641178575164789167e-37
9.800394115452023035e-20
9.342564607569127180e-22
0.000000000000000000e+00
6.599965631793271512e-40
0.000000000000000000e+00
7.582082525157253460e-22
0.000000000000000000e+00
7.286041992805008037e-17
1.590138285386785784e-33
1.486816676815121869e-22
3.104118016932771168e-41
2.191913448557678710e-31
8.502987660821459966e-50
1.756908232976164158e-31
0.000000000000000000e+00
3.553179967653964730e-25
2.595308747140876555e-40
8.944185119890514028e-59
1.185404362747747585e-39
0.000000000000000000e+00
2.289009173831451675e-33
2.442541188309985750e-40
1.514142914394059407e-48
3.010730286244690930e-67
1.329217581362496072e-20
4.468475731693161241e-38
4.033544126667672288e-46
4.664390044015812035e-43
2.928159943049981163e-37
5.091791867678957019e-20
2.756401845736821048e-21
0.000000000000000000e+00
1.820637445106492657e-39
0.000000000000000000e+00
4.151758222405787256e-20
0.000000000000000000e+00
1.280246974202161068e-15
2.863136118135662891e-32
6.882279097203486069e-21
1.469614375479132087e-39
7.516514426345358119e-30
2.985617916849312916e-48
1.170355705130711443e-28
0.000000000000000000e+00
1.628960516723585097e-23
9.113748340257232236e-38
3.195385142480366641e-56
5.625345789222758114e-37
0.000000000000000000e+00
7.853040570945591324e-32
8.595648147699010229e-38
4.056850134631787656e-46
8.198521726175963448e-65
4.141049064499236871e-17
1.415144581573182385e-34
3.222230788303935198e-42
3.754979439110334468e-39
1.161863838725329283e-34
6.055501165325593538e-17
2.308490446353454244e-19
0.000000000000000000e+00
1.630494424397140108e-37
0.000000000000000000e+00
7.245958510053456519e-20
0.000000000000000000e+00
1.118274622978135578e-15
2.496650694920099223e-32
4.005727234518402324e-20
8.545065798980529973e-39
1.746344296449205110e-29
6.926842715289922024e-48
8.172652862901965580e-28
0.000000000000000000e+00
9.449496112929838889e-23
9.530129988873425566e-37
3.336054087495284841e-55
1.960637665983703601e-36
0.000000000000000000e+00
1.826218591569359192e-31
8.992076656862061138e-37
2.115883529963471785e-45
4.278106026798635999e-64
1.085564460610929772e-16
3.703677413911298846e-34
6.677983291137330009e-42
7.775366293204222282e-39
1.416678226031375660e-33
2.812982051354515424e-16
2.805569899047778540e-18
0.000000000000000000e+00
1.981415326117951211e-36
0.000000000000000000e+00
4.107380308934587553e-20
0.000000000000000000e+00
6.337090158481367781e-16
1.416468014001282573e-32
2.270028675547532130e-20
4.849669617026983395e-39
9.916804376233924197e-30
3.939713564151088035e-48
4.632196191556509147e-28
0.000000000000000000e+00
5.372500557548929208e-23
5.410646924547511930e-37
1.897432324054823894e-55
1.113251347712556964e-36
0.000000000000000000e+00
1.036062310211093960e-31
5.103138762216567758e-37
1.204349884735563484e-45
2.434055064255114035e-64
6.145801983359150861e-17
2.100376326360381435e-34
3.823484271095600489e-42
4.456255250757546889e-39
8.042900801551215200e-34
1.596856433666170591e-16
1.598599442211150218e-18
0.000000000000000000e+00
1.129163640293356803e-36
0.000000000000000000e+00
1.252621327759158531e-21
0.000000000000000000e+00
1.203714318506520893e-16
2.627011306436230692e-33
2.456354119568297263e-22
5.128225841453994423e-41
3.621183866645573173e-31
1.404741820748664563e-49
2.902587552941097355e-31
0.000000000000000000e+00
5.870197023833149747e-25
4.287630814073465916e-40
1.477631801275394582e-58
1.958381208935877902e-39
0.000000000000000000e+00
3.781614787432072258e-33
4.035266719484205649e-40
2.501453163669956722e-48
4.973842630995327558e-67
2.195996950962933290e-20
7.382268643130375330e-38
6.663358320812713450e-46
7.705461891698769179e-43
4.837303438616658557e-37
8.411616883607281828e-20
4.553862753275380603e-21
0.000000000000000000e+00
3.007891183682042257e-39
0.000000000000000000e+00
9.460543833478337912e-21
0.000000000000000000e+00
3.244194359458879649e-16
7.248569224022030494e-33
1.858902345848592395e-21
3.969668418352850211e-40
2.790847252833953299e-30
1.108354430233555172e-48
2.766197373880371446e-29
0.000000000000000000e+00
4.399672011523386046e-24
4.153768833497610471e-38
1.456105409468893097e-56
1.898902777028656176e-37
0.000000000000000000e+00
2.915013586484553419e-32
3.916865017007534666e-38
2.464475740846533688e-46
4.979735702992243386e-65
2.096852358212560701e-18
7.164965740866820200e-36
6.525270006283538411e-44
7.604664674070050205e-41
4.706595515252910984e-35
8.176747667262670488e-18
7.794777233667017691e-20
0.000000000000000000e+00
5.506547041323714827e-38
0.000000000000000000e+00
3.772863976948774373e-19
0.000000000000000000e+00
1.163370635536743497e-14
2.601808790756788539e-31
6.254170654794945228e-20
1.335448798985333794e-38
6.830440902432181584e-29
2.713080608310756149e-47
1.063548473602573492e-27
0.000000000000000000e+00
1.480303327570403598e-22
8.281909443427600871e-37
2.903699406286174661e-55
5.111930458820411441e-36
0.000000000000000000e+00
7.136295168397916850e-31
7.811130487951859657e-37
3.686548625846164705e-45
7.450092228101575181e-64
3.763140601559041622e-16
1.285985702430539480e-33
2.928134603437850745e-41
3.412219667755445871e-38
1.055816545588005540e-33
5.502805252099004490e-16
2.097839245484707918e-18
0.000000000000000000e+00
1.481705323980354018e-36
0.000000000000000000e+00
7.171359498572404969e-19
0.000000000000000000e+00
1.106763982271524282e-14
2.470931815010068095e-31
3.964495457395664818e-19
8.457021030667657613e-38
1.728343573130467544e-28
6.855367622583451100e-47
8.088520365404663008e-27
0.000000000000000000e+00
9.352015490796567294e-22
9.431910646520498983e-36
3.301630580433678318e-54
1.940429809810768068e-35
0.000000000000000000e+00
1.807406535531769140e-30
8.899427604553684367e-36
2.094039352942318024e-44
4.233951781169553683e-63
1.074397788493049927e-15
3.665535514658483138e-33
6.608763842090826548e-41
7.694717303577144256e-38
1.402077839299347395e-32
2.783993182631847374e-15
2.776724331806252344e-17
0.000000000000000000e+00
1.961042933313257875e-35
0.000000000000000000e+00
0.000000000000000000e+00
0.000000000000000000e+00
0.000000000000000000e+00
0.000000000000000000e+00
0.000000000000000000e+00
0.000000000000000000e+00
0.000000000000000000e+00
0.000000000000000000e+00
0.000000000000000000e+00
0.000000000000000000e+00
0.000000000000000000e+00
0.000000000000000000e+00
0.000000000000000000e+00
0.000000000000000000e+00
0.000000000000000000e+00
0.000000000000000000e+00
0.000000000000000000e+00
0.000000000000000000e+00
0.000000000000000000e+00
0.000000000000000000e+00
0.000000000000000000e+00
0.000000000000000000e+00
0.000000000000000000e+00
0.000000000000000000e+00
0.000000000000000000e+00
0.000000000000000000e+00
0.000000000000000000e+00
0.000000000000000000e+00
0.000000000000000000e+00
1.578885266615371652e+00
7.183297656457277806e-05
7.157689949934436413e+00
7.312198014524759060e+01
1.279007673256699340e-01
2.415071389137706692e+00
2.066126973814397516e+01
3.643594999017273767e-02
1.506517779391823453e+01
4.968771556682133550e+00
1.241436766255990234e-10
2.805832229520038190e+00
4.178222119801600425e-10
2.796241962646682357e-11
0.000000000000000000e+00
0.000000000000000000e+00
1.161290438754422269e-12
4.200439374527627050e-03
4.877927613993570616e-17
1.573091628835039479e+01
1.668659571628374806e+03
1.944674602946267594e+00
0.000000000000000000e+00
2.283984826769182774e+01
1.208889449636635582e+00
1.882951062423390054e+00
2.435741044281024281e-02
7.005079398517406741e-02
4.894555898504816014e+02
1.153767275092434659e+02
2.719502453370949979e+02
1.734320955107879671e-11
7.626257723810579314e+00
1.372733361456986358e+02
1.136386438898770024e+02
2.148868081189170098e+01
5.452889546621867112e+01
2.174485748541517686e-13
3.365321585940885139e-11
1.128771885472573704e-09
1.961577002557727279e-09
2.400312366850580759e+01
4.648850970967454012e-09
6.467211974473172642e-01
1.621394101718489078e-01
8.108871110547205552e-02
2.223966445516733756e+02
1.550710860829162064e-13
9.996282395299860582e+03
3.563792717642726871e+00
4.371895806932647455e-01
8.106790471502720585e-01
2.506254599151811391e+01
8.241792075236496762e-02
8.242005677428759780e-01
9.602139091468972154e+00
3.421822497868530211e-01
1.000988522642874551e-01
5.455737670214394486e-02
4.538143743448229017e+00
2.473526109717530286e+00
8.538402708997730808e-03
1.933822314465760428e+02
1.448432349242897743e+01
3.538586006621553814e-02
5.575669420313200675e-01
8.090012702503680542e-01
1.972389491407685325e-01
2.085472179890102495e+01
2.421311789512701007e-13
7.364167234630615522e-11
3.393879503170335283e+02
0.000000000000000000e+00
4.159428229041525782e+01
3.366317552363739907e+01
2.080089097753797773e+02
2.133881175203472258e-01
7.765255262938751679e-01
7.234174001312646851e+01
0.000000000000000000e+00
1.156846235397565248e-11
2.552032726766385196e+01
2.161553408596722457e-10
3.689407434267877317e-01
9.350890425481377228e-11
6.799513216401798042e-04
2.418559107246893297e-02
2.285979625015722161e-01
7.399502090968551984e-17
5.098582690096434278e-02
0.000000000000000000e+00
5.714446177780500014e-01
1.347035818420162512e-01
5.655773107102460173e+00
4.577344195363790114e+00
2.148886218082997601e+01
1.077690069932960108e-14
2.713324633559988804e-14
5.594397487039793296e-11
1.408357460557952598e-10
7.470469665518152068e-14
1.416411697659148783e-03
9.246663156916780802e-04
8.253235243317204968e-04
1.448956564726133489e-01
2.297728962554802540e-03
5.798681046184663013e-02
0.000000000000000000e+00
9.378589166436481951e-14
6.487345962118285744e-13
7.994315257743586992e-04
1.263037067872588524e-13
5.306234267779220085e-13
0.000000000000000000e+00
4.196916562099189683e-12
3.725631158314744035e-02
1.387890477216759783e-04
6.175543303374441155e-04
1.455727664539267286e-04
1.180856485829296645e+02
4.346671281480802840e+00
3.544696363142982865e-01
8.674824708689898856e+00
2.044870697891883360e+00
6.401874796755439689e+00
0.000000000000000000e+00
0.000000000000000000e+00
0.000000000000000000e+00
0.000000000000000000e+00
5.784136288811615856e+01
6.830115208194631293e+01
0.000000000000000000e+00
0.000000000000000000e+00
0.000000000000000000e+00
0.000000000000000000e+00
0.000000000000000000e+00
7.702543731237469944e-03
1.825388996803186704e-03
3.162480333325427655e-04
1.815266064787042759e-03
2.289639852571557187e-03
5.376216566653199691e-03
5.376216566653199691e-03
5.376216566653199691e-03
5.376216566653199691e-03
2.366803749087921169e-02
3.794982358112791161e-06
1.294721332223092852e-02
5.376216566653199691e-03
5.376216566653199691e-03
5.376216566653199691e-03
5.376216566653199691e-03
5.376216566653199691e-03
5.376216566653199691e-03
5.376216566653199691e-03
5.376216566653199691e-03
5.376216566653199691e-03
5.376216566653199691e-03
5.376216566653199691e-03
5.376216566653199691e-03
5.376216566653199691e-03
5.717773419555999964e-04
9.420411206955300182e-03
4.703248135821100177e-03
1.498765032630679922e-02
2.770337121422000162e-04
2.087240296962000101e-04
1.361133672443100382e-03
1.506607996170699834e-03
4.631143471016900721e-03
3.081525674787600252e-03
0.000000000000000000e+00
4.762703355941659035e-03
3.363618370386886602e-03
3.712757740353599730e-03
1.397818005394642522e-03
1.263730118271915066e-03
2.037906171769824498e-02
4.083402010349714874e-03
7.589964716225612816e-06
5.172561450617856396e-03
1.534184768671028286e-02
6.629836662173985845e-03
4.612167764810128079e-02
5.961915795064627772e-03
3.744382593337000176e-04
0.000000000000000000e+00
1.153294890375381257e-02
3.630538087695571394e-04
0.000000000000000000e+00
2.417402769097384222e-03
1.836772454346914663e-03
2.023990590993499574e-05
4.662767330980886749e-03
4.311099422585138452e-01
1.114207167899050090e-02
1.264994119370919446e-06
0.000000000000000000e+00
3.825342216977700369e-03
2.529988238741870656e-06
1.264994119370919446e-06
3.288984710364431345e-05
1.287763517009342818e-03
3.162480333325427655e-04
1.727980974040285549e-03
5.116901709365556834e-03
2.761483155607114773e-03
4.667823335376427673e-04
8.627264859211575525e-04
3.024599946395484761e-03
0.000000000000000000e+00
1.138493217903228417e-03
1.120783796742185661e-03
3.364882371485871174e-03
7.474846279281238161e-03
3.192845157292201110e-03
2.207414738302200183e-03
5.059976477483741313e-06
0.000000000000000000e+00
3.275068782030884831e-03
1.085365947440614705e-03
1.349242777372055418e-02
1.927850541411042784e-03
5.352191608588972686e-03
2.013870141528242754e-03
2.155550972428414268e-03
6.424906125305312327e-03
3.162480333325427655e-04
6.324968610813871094e-03
1.855745876606942424e-03
1.668526746940042840e-03
6.717115794798456281e-03
1.581240166662715128e-03
1.264992133330172363e-03
2.585646490463527902e-03
1.786297302245345997e-02
9.219277141975295783e-03
1.080305474452957328e-03
2.453835940312880035e-02
5.119434180155241383e-03
2.894309027671585367e-03
0.000000000000000000e+00
3.783596914528243246e-03
5.102985284521885205e-03
5.452134584692143199e-04
9.059883414342882399e-03
1.635636403326185592e-03
1.264994119370919446e-06
1.011995295496748601e-05
1.628047928140586437e-02
1.433744781754191407e-02
8.522261410120442540e-03
9.425469197392066789e-03
4.288335029768572588e-04
2.212094670382746750e-02
1.631842910498657257e-03
1.263729621761757209e-03
8.219932780692711105e-03
2.455354578719314961e-03
5.433146763636956429e-03
3.185255689086157176e-03
5.237110409909009412e-04
3.453428980780743653e-04
2.578057518767742657e-03
0.000000000000000000e+00
5.059976477483741313e-06
2.024496538990224262e-02
3.162480333325427655e-04
6.324970596854693582e-06
5.059976477483741313e-06
0.000000000000000000e+00
9.550700636148428064e-04
5.582417559253327784e-03
1.125843773219685397e-03
8.032712658005000325e-04
3.364884357525999318e-04
0.000000000000000000e+00
