1.897392000000000053e+03
2.373354287005682863e+02
9.411515608537655453e+00
1.839651411942321886e+02
1.008850509707223964e+01
2.897924772940250558e-69
1.615237301544309897e-103
9.433300515943621178e+00
9.471279422664176550e+00
9.473599013852306072e+00
9.690379919439690681e+00
9.699056460928890289e+00
9.718915975809846231e+00
9.721640964312873834e+00
9.773270431234681865e+00
9.836648373554401914e+00
9.918722377902566834e+00
9.463468008965715939e+00
9.543522234626525602e+00
9.650763758174715434e+00
9.714445602299496940e+00
9.800060157202596045e+00
9.974625567938261383e+00
1.003902299036414014e+01
1.007931892385582451e+01
1.014676470667136954e+01
1.017258327214765856e+01
5.750825625990271250e-01
7.880017265761090073e+01
1.423565931597265433e+01
5.197655459390304687e-04
1.052495919381116843e-05
0.000000000000000000e+00
0.000000000000000000e+00
6.220703691086156795e+01
1.524960652066279181e+02
0.000000000000000000e+00
7.843316455094749173e+00
2.139286283292154867e+00
7.967808767053210431e+03
3.662558106929815427e+00
3.682851657703885284e-02
1.129098774795716736e+03
7.091457162570269368e-01
1.548122377631451663e+00
2.033662861291645996e+01
4.164644879707036118e+00
2.545612716140791543e-01
8.886429471589294415e-01
2.743057589391679763e+00
1.140858517840896447e+01
1.122627861520793413e+00
1.412781659626156170e+02
4.927775807144850262e+01
1.602745350216791209e+01
5.529830134685683873e+01
4.022723468493388133e+00
1.404594160026418059e+01
5.198818714068830893e+00
1.276792538320289161e+00
2.047254278120037441e+01
5.926997862199386846e-01
1.088145687675935847e+02
1.156174176907513029e+01
4.204568603223830081e+00
4.144724361449738126e+01
3.443616333874231827e+00
3.900546003559314912e+00
6.841830959082396690e-01
7.116751455249469416e+01
7.300447135573039370e-01
9.402884700219733105e+00
2.651895522384760895e+01
1.674039415558587507e+01
8.409341885321977572e-02
1.497720318032879916e-01
8.992169459172628194e+03
2.067143725730242743e+00
2.898063294109358257e+00
3.548763421821938824e-01
3.181225990233566697e-02
3.624562304038868310e-02
2.372230147371374564e-03
0.000000000000000000e+00
5.028438250739391435e+00
0.000000000000000000e+00
0.000000000000000000e+00
1.007072071535728419e+00
0.000000000000000000e+00
1.556229569520091971e+01
0.000000000000000000e+00
5.994121773410289195e-04
2.861862637370501169e-03
5.414642109820452178e-06
8.689522598249018870e+01
8.224863971460275730e-03
1.289737578930861802e-04
4.761620172916559923e+00
1.938698278701121840e-09
3.359390894512249206e-05
4.956363332943136931e-09
1.016369055569580127e+01
8.205596974873517041e-05
3.266923592294597825e+02
1.318276714772932137e-06
3.941256178334854865e-01
6.348643725830670803e+01
1.090164411050488508e-04
2.736945241226495024e-06
3.830453103657909963e+01
3.213706850847988621e-04
1.168211821780270157e+02
1.010011852801077490e-07
1.308576284955655523e-04
1.770608079177739356e-03
5.470206901162718793e+00
2.972290308134354839e-02
9.912840432782040097e-05
1.671040446920744275e-03
3.107138894155859489e-07
5.282141489140899534e-06
2.259970608113880644e+03
2.218237449790363055e-06
2.546053864359350423e-04
1.735162037280111690e+04
2.539929646805190455e-02
2.545125528357139455e-01
1.868949598143249659e+03
2.735766085290546046e-03
2.086488738175633351e-02
1.783403894524832403e-02
1.276518380449210843e-01
3.595704447658135576e-06
4.999821361632929007e-01
6.161297795512781166e-11
2.551567517693577855e-12
3.232541782619708803e-12
1.004712894057328875e-03
1.616069351973870524e-10
2.214606412318436413e-01
6.090412684636962837e+00
2.526999258740546687e-11
2.118253578314837680e-12
1.196514258184087365e-12
2.943644580017774574e-09
2.525723133154828832e-10
1.404685922444592412e-10
3.583548450367183300e-12
1.321573576576226439e-18
4.238800524414799335e-10
6.302626567036536370e-13
1.262554594633970558e-10
2.042926966983404734e-14
4.432248406529941784e-09
4.444340851250250890e-12
4.129813818188289178e-16
4.929398057456017228e-18
6.159225315269924062e-19
1.699033306549704544e-16
4.159074135757777862e-17
1.324772794530455506e-17
0.000000000000000000e+00
3.687848386140420587e+01
6.484714369416153090e+01
2.225524019884652402e-04
3.914133890547629216e-04
4.880562072781383966e-05
2.407454903759493987e-13
4.233560989619691064e-13
0.000000000000000000e+00
1.352989771269585262e+01
2.160542441678373450e-04
8.191697958855938211e+00
2.939780035416468193e-02
1.294849199343091513e-02
1.359998312756002692e+00
8.207274970178316331e-06
1.799848663559180163e-06
8.878094231989455034e-15
4.952975472127480722e-11
1.086183455085304392e-11
5.357805498240534289e-20
1.174962347499924272e-20
5.795724190941341413e-29
1.830572148956653156e-01
6.710218191548442124e-02
1.412308951258824274e+00
8.885442238195799536e-02
2.350974393618168836e-16
4.314492739200551715e-24
2.132565493945734838e-32
1.971291868743443298e-17
3.670035024936358232e-20
9.677910609384313061e-18
2.123077075596968588e-19
0.000000000000000000e+00
7.171119666941535507e-15
4.549433256647318223e-20
4.871587919967944549e-29
8.595875949387887773e-28
1.354903265579211673e-22
2.103359148968971999e-28
0.000000000000000000e+00
9.993278838154395096e-37
4.242884396906542442e-36
0.000000000000000000e+00
6.699686830067474113e-31
9.260389286811278141e-37
4.570795623446254896e-45
2.282376289725594734e-16
8.831058995123059483e-39
4.525091858427713436e-16
1.211505820181517290e-17
0.000000000000000000e+00
1.119404637028032928e-31
9.418221939480583778e-39
1.834109283181088034e-47
4.073482227745134404e-47
3.408904378629723354e-55
8.907446284749949157e-64
8.117738371452663439e-34
6.732551574269405690e-42
3.408508546344845849e-33
1.531398199213350906e-35
0.000000000000000000e+00
6.485928372891289762e+00
3.914148723349111238e-05
4.234075071827646183e-14
2.109053898304730212e-19
0.000000000000000000e+00
7.042993384636273461e-15
1.099433715573251496e-31
4.519172821291222895e-20
9.354370879776356464e-39
4.839101260650390212e-29
1.821780956512165617e-47
8.587240512772951304e-28
0.000000000000000000e+00
1.345613522397532731e-22
9.981879229747715096e-37
3.404604221413393449e-55
4.238663732457939308e-36
0.000000000000000000e+00
6.654964508397108024e-31
9.250125934873093161e-37
4.565861165477948793e-45
8.897663363452190438e-64
2.280326341318746454e-16
8.109760269055744931e-34
6.724135134991940718e-42
8.819846015913452905e-39
3.403420498253463280e-33
4.518457114599263580e-16
1.210912707950490151e-17
0.000000000000000000e+00
1.530618036360153195e-35
0.000000000000000000e+00
8.802308276014848059e-19
0.000000000000000000e+00
1.100213111444851503e-36
0.000000000000000000e+00
1.489772639153201300e-23
0.000000000000000000e+00
5.022516576088943521e-19
7.804770348938476311e-36
3.189521618811408629e-24
6.531123729374222113e-43
3.384053911482526574e-33
1.259518543083259668e-51
6.109023223969370065e-32
0.000000000000000000e+00
9.458201532393699492e-27
7.018176466210423362e-41
2.364580876451051535e-59
2.979260334649923627e-40
0.000000000000000000e+00
4.621164548480851195e-35
6.494208817656744251e-41
3.172411716379390397e-49
6.109667271309812935e-68
1.610112493557492029e-20
5.656759691413762685e-38
4.732088500149030229e-46
6.197637536788322068e-43
2.329846441564613026e-37
3.131035328283814450e-20
8.552606791322869087e-22
0.000000000000000000e+00
1.068556403456077540e-39
0.000000000000000000e+00
1.531942311741453579e-18
0.000000000000000000e+00
1.425954760516277528e-13
2.203329897588688122e-30
3.276921626535362913e-19
6.616121095798929932e-38
3.435563853609297685e-28
1.260362277229753172e-46
4.801931031995697002e-28
0.000000000000000000e+00
9.661981626623658914e-22
5.489084551782656388e-37
1.840069617471491265e-55
2.330216414932515638e-36
0.000000000000000000e+00
4.648740765574381130e-30
5.076521559093085245e-37
2.469532576407371172e-45
4.734029075359133798e-64
1.273034171114098483e-16
4.449269201761841809e-34
3.701604977546075181e-42
4.845409880073499966e-39
1.817400011658739615e-33
2.454478803542154693e-16
3.682518849177551238e-17
0.000000000000000000e+00
3.955038602699891038e-35
0.000000000000000000e+00
1.533286951523023990e-18
0.000000000000000000e+00
1.427187989540632205e-13
2.205245525808390399e-30
3.279800455362871531e-19
6.622008912926845753e-38
3.438615186954540496e-28
1.261496934074914776e-46
4.808765431613108993e-28
0.000000000000000000e+00
9.670512906679996174e-22
5.496963678699922400e-37
1.842734418485101394e-55
2.333561722987019193e-36
0.000000000000000000e+00
4.652904703534261486e-30
5.083815942973270863e-37
2.473107580290565755e-45
4.740940638947284364e-64
1.274847345752626091e-16
4.455662648245191960e-34
3.706915462297437991e-42
4.852368541646675946e-39
1.820048059735011289e-33
2.458023701661019978e-16
3.682808504229705632e-17
0.000000000000000000e+00
3.955401953700280166e-35
0.000000000000000000e+00
2.688587896992883551e-18
0.000000000000000000e+00
2.883764694003996828e-36
0.000000000000000000e+00
7.161327790907123844e-23
0.000000000000000000e+00
2.657463952390624823e-18
4.146775531188931753e-35
1.364084750756678016e-23
2.821750579994559755e-42
2.007225640172241544e-32
7.553506245155319668e-51
2.267925696625195397e-31
0.000000000000000000e+00
4.060913967177585806e-26
3.387906798012882309e-40
1.155020755652721533e-58
1.598457203518578408e-39
0.000000000000000000e+00
2.759376393156785803e-34
3.139171382812549800e-40
2.065231918831871718e-48
4.022871743104674587e-67
1.720342553708943681e-20
6.115943978245120538e-38
2.535441213530836744e-46
3.325715247907195563e-43
1.025912466707206397e-36
1.362650905589392371e-19
1.663714980020386959e-22
0.000000000000000000e+00
2.078970814401167742e-40
0.000000000000000000e+00
5.207791821695069916e-22
0.000000000000000000e+00
5.386019132607041583e-17
8.322264634023424530e-34
9.902097953569953506e-23
1.999236786781259583e-41
1.427443941940607484e-31
5.236710232769885703e-50
1.270343256659963433e-31
0.000000000000000000e+00
2.919626012499719718e-25
1.867010017786592516e-40
6.258684606730677775e-59
8.806492640814335513e-40
0.000000000000000000e+00
1.931517402074825220e-33
1.726694166311605797e-40
1.119959523007537459e-48
2.146930968138482380e-67
9.622261405912813542e-21
3.362988280122038539e-38
1.398859946687878187e-46
1.831110850197065056e-43
5.494446360601394059e-37
7.420499156861767741e-20
5.073479813119667378e-22
0.000000000000000000e+00
5.441733258988099601e-40
0.000000000000000000e+00
3.042954378412658099e-20
0.000000000000000000e+00
1.015434731802084059e-15
1.585916046362961243e-32
4.889898706059504779e-21
1.011521955104876135e-39
5.234611789883291739e-30
1.970288777882956869e-48
9.291437145018591026e-29
0.000000000000000000e+00
1.455954749659012216e-23
7.198142951690227443e-38
2.454537253114187288e-56
4.585425864327791070e-37
0.000000000000000000e+00
7.198885995435239062e-32
6.671039282792827581e-38
3.292158652303378209e-46
6.413977737821564379e-65
3.289885950995803811e-17
1.169734034229730199e-34
1.212314464505659684e-42
1.589953953146295999e-39
2.453141927945302519e-34
9.773206657112202551e-17
4.767577606501512678e-20
0.000000000000000000e+00
5.957332268089898626e-38
0.000000000000000000e+00
5.374511533115225269e-20
0.000000000000000000e+00
8.972702871901331009e-16
1.400042197306025427e-32
2.880305725968903865e-20
5.951710688828584797e-39
1.230626655930215056e-29
4.625054060818159552e-48
6.560491261115058794e-28
0.000000000000000000e+00
8.537970838960644392e-23
7.610867632370218392e-37
2.591149048572725740e-55
1.616097716899426002e-36
0.000000000000000000e+00
1.692482019146379294e-31
7.056466347170623577e-37
1.736317859848602576e-45
3.384440768943085751e-64
8.721052417721176029e-17
3.095629019329078127e-34
2.542645101031344373e-42
3.334339840291555617e-39
3.016998171881745898e-33
4.586557493697986636e-16
5.895965473375302296e-19
0.000000000000000000e+00
7.355778361124641780e-37
0.000000000000000000e+00
4.035255375346600043e-20
0.000000000000000000e+00
6.737482297704309017e-16
1.051673935361500677e-32
2.161927999300649094e-20
4.474327341356328389e-39
9.257301349495241391e-30
3.485031149418429680e-48
4.929574871058910768e-28
0.000000000000000000e+00
6.436880467716915994e-23
5.728355235532820764e-37
1.953754410212258475e-55
1.216409704663283317e-36
0.000000000000000000e+00
1.273132593032853257e-31
5.308961434229943876e-37
1.310087690562511680e-45
2.552573446559163493e-64
6.544934558258258232e-17
2.327234428381088061e-34
1.928236304427146920e-42
2.529157977442439269e-39
2.276571433631462548e-33
3.454821898548502297e-16
4.424402616901534878e-19
0.000000000000000000e+00
5.529181144725220545e-37
0.000000000000000000e+00
9.345508015820574045e-22
0.000000000000000000e+00
9.665321614667856374e-17
1.493440657101476191e-33
1.776964813837740727e-22
3.587657212610062432e-41
2.561556137208632904e-31
9.397250479131164823e-50
2.279672020557121795e-31
0.000000000000000000e+00
5.239344045356805186e-25
3.350349057587668871e-40
1.123113435697751046e-58
1.580334218975109518e-39
0.000000000000000000e+00
3.466113987728237328e-33
3.098566671708598018e-40
2.009755032195787496e-48
3.852596948018106006e-67
1.726744133989209820e-20
6.034909242385840370e-38
2.510148867674953499e-46
3.285785723838004255e-43
9.859151634108101017e-37
1.331540038898697652e-19
9.104958676887437142e-22
0.000000000000000000e+00
9.765766614212271375e-40
0.000000000000000000e+00
6.489975729872470099e-21
0.000000000000000000e+00
2.408335400942467055e-16
3.758026807140306996e-33
1.236206187985251839e-21
2.557218192185806139e-40
1.819053180532946998e-30
6.845379593214953773e-49
2.055314846889724152e-29
0.000000000000000000e+00
3.680215378677419781e-24
3.070299271082485806e-38
1.046739860989598642e-56
1.448605932040833700e-37
0.000000000000000000e+00
2.500690276392555481e-32
2.844881661726997695e-38
1.871620442754653353e-46
3.645733123101460286e-65
1.559065431775557146e-18
5.542589040568447618e-36
2.297749738955363211e-44
3.013937567752827813e-41
9.297347076842758077e-35
1.234905228967499717e-17
1.507751088011920362e-20
0.000000000000000000e+00
1.884078355044976603e-38
0.000000000000000000e+00
2.765260940460988286e-19
0.000000000000000000e+00
9.227345920871297156e-15
1.441173370168824194e-31
4.443641053445283481e-20
9.191800746904319307e-39
4.756833877371602099e-29
1.790438211329152599e-47
8.443479644354182998e-28
0.000000000000000000e+00
1.323081182389149042e-22
6.541134782059247462e-37
2.230474519222198841e-55
4.166916128500790343e-36
0.000000000000000000e+00
6.541825188344625025e-31
6.062167670638074520e-37
2.991652703475905784e-45
5.828448369347238191e-64
2.989649430733840697e-16
1.062971785955933407e-33
1.101669517004415158e-41
1.444833595646664190e-38
2.229193831083269773e-33
8.881120238745854728e-16
4.332709813447975548e-19
0.000000000000000000e+00
5.413868964820611682e-37
0.000000000000000000e+00
5.319226234101684879e-19
0.000000000000000000e+00
8.880398321791029804e-15
1.385635885674309321e-31
2.850683631156540402e-19
5.890436073698582009e-38
1.217951446563024480e-28
4.577363274852370560e-47
6.492971495706639169e-27
0.000000000000000000e+00
8.449900810705466092e-22
7.532448281423316887e-36
2.564418720717061459e-54
1.599445892780313260e-35
0.000000000000000000e+00
1.675050021035335741e-30
6.983778978958964467e-36
1.718397787076530801e-44
3.349520630624300529e-63
8.631370016235774146e-16
3.063757917956347841e-33
2.516312300505115334e-41
3.299802965257774895e-38
2.985858281502935861e-32
4.539274046918541435e-15
5.835389285495196274e-18
0.000000000000000000e+00
7.280186565641223991e-36
0.000000000000000000e+00
0.000000000000000000e+00
0.000000000000000000e+00
0.000000000000000000e+00
0.000000000000000000e+00
0.000000000000000000e+00
0.000000000000000000e+00
0.000000000000000000e+00
0.000000000000000000e+00
0.000000000000000000e+00
0.000000000000000000e+00
0.000000000000000000e+00
0.000000000000000000e+00
0.000000000000000000e+00
0.000000000000000000e+00
0.000000000000000000e+00
0.000000000000000000e+00
0.000000000000000000e+00
0.000000000000000000e+00
0.000000000000000000e+00
0.000000000000000000e+00
0.000000000000000000e+00
0.000000000000000000e+00
0.000000000000000000e+00
0.000000000000000000e+00
0.000000000000000000e+00
0.000000000000000000e+00
0.000000000000000000e+00
0.000000000000000000e+00
0.000000000000000000e+00
9.104245400783095299e-02
7.183298281630163542e-05
7.673372255439052658e+00
7.841172443636710909e+01
9.812294206866412072e-02
1.724492059382439324e+00
1.839975740929237702e+01
3.324373714696553933e-02
1.415594930881521663e+01
4.470406033613373964e+00
1.167097229673826708e-10
3.349158976542789379e+00
4.059176257360633057e-10
2.881194017470880477e-11
0.000000000000000000e+00
0.000000000000000000e+00
9.630998151724926234e-13
4.200439371774853346e-03
4.045440442639002187e-17
1.690267413344338721e+01
1.812507045551134297e+03
1.971941868292017563e+00
0.000000000000000000e+00
1.903595930345555942e+01
1.083701536182672953e+00
1.801324475966891381e+00
2.133639695398615796e-02
6.308396042099077838e-02
5.277258968295267323e+02
1.133537990582096455e+02
2.433081181648463769e+02
1.416797549978928443e-11
7.092816001360580991e+00
1.276714911567766109e+02
1.196311067550351339e+02
2.104000093486262202e+01
5.339282570146000495e+01
1.191139395046314315e-13
1.376568286421788611e-11
3.053535683327371208e-09
5.025119921425347348e-09
7.962798008695667562e+00
4.059458424385454720e-09
6.467211982289656769e-01
1.200893038438525795e-01
6.010180037376572360e-02
2.019449657950636094e+02
1.285660342593097333e-13
9.996252698377582419e+03
3.576540945184832232e+00
4.316373284855006820e-01
8.284529930497043226e-01
2.565382632591084544e+01
8.892312686568172586e-02
8.892933907513632663e-01
9.840318948861748183e+00
3.519229114914200207e-01
8.179851479427222016e-02
1.270210896243919030e-01
2.989827350024500952e+00
3.267701553047722030e+00
9.218542043094860722e-03
2.150181208055842319e+02
1.736978502002800795e+01
3.606772749498571295e-02
5.391052092144761332e-01
7.607264131189085399e-01
1.943405475943875138e-01
2.187311842099881432e+01
2.106224709913572206e-13
6.532067668788850550e-11
3.451149525527350761e+02
0.000000000000000000e+00
4.627111075539701091e+01
3.499691415742069012e+01
1.934635558913955720e+02
1.735931702614000316e-01
6.807775906841011526e-01
5.856810743250199636e+01
0.000000000000000000e+00
1.702427872225713079e-11
2.528175259405681530e+01
2.206995997481417527e-10
3.563625596421246544e-01
9.295322910532186602e-11
2.915224499875833874e-04
1.725735349424109555e-02
1.905949026817888303e-01
6.665695020904631747e-17
5.555177927813818861e-02
0.000000000000000000e+00
5.548495698632394113e-01
1.191797761118826710e-01
5.629065226100497199e+00
4.257504648823638327e+00
2.104015578098414707e+01
5.779537476153778195e-15
1.382240705590818820e-14
1.481727732586360439e-10
3.543062845801098183e-10
6.608005805437427308e-14
1.403425852697086579e-03
9.718381451828058152e-04
8.909766063493542191e-04
1.738298828014314956e-01
2.397106705363050063e-03
5.214697505477641076e-02
0.000000000000000000e+00
9.334052622013623278e-14
6.621952628525954671e-13
7.017089973634975603e-04
1.170892845108496479e-13
4.506595356797456996e-13
0.000000000000000000e+00
1.595663465291923256e-12
3.507340192038513327e-02
1.230034790389167710e-04
5.901095616431242721e-04
1.267535488910332764e-04
1.135658480112201119e+02
4.029743647787592309e+00
3.243405182396032482e-01
8.558094107260881600e+00
1.838246066843490123e+00
5.211954197977663128e+00
0.000000000000000000e+00
0.000000000000000000e+00
0.000000000000000000e+00
0.000000000000000000e+00
5.906541402786437800e+01
6.707710094219369523e+01
0.000000000000000000e+00
0.000000000000000000e+00
0.000000000000000000e+00
0.000000000000000000e+00
0.000000000000000000e+00
4.223815364579499090e-03
3.722877196798442864e-03
1.581240166662713827e-03
2.131514098119585525e-03
3.238383952569186784e-03
5.376216566653199691e-03
5.376216566653199691e-03
5.376216566653199691e-03
5.376216566653199691e-03
1.987306109088870024e-02
3.794982358112791161e-06
1.516094955555872745e-02
5.376216566653199691e-03
5.376216566653199691e-03
5.376216566653199691e-03
5.376216566653199691e-03
5.376216566653199691e-03
5.376216566653199691e-03
5.376216566653199691e-03
5.376216566653199691e-03
5.376216566653199691e-03
5.376216566653199691e-03
5.376216566653199691e-03
5.376216566653199691e-03
5.376216566653199691e-03
5.717773419555999964e-04
9.420411206955300182e-03
4.703248135821100177e-03
1.498765032630679922e-02
2.770337121422000162e-04
2.087240296962000101e-04
1.993629739108185913e-03
5.578638961730717546e-04
6.844879704344699646e-03
3.714021741452685783e-03
3.162480333325427655e-04
4.130207289276573504e-03
3.996114437051972133e-03
5.293997907016314425e-03
7.653219387295572083e-04
1.579978151604456097e-03
2.480653418435384283e-02
5.980890210344972334e-03
7.589964716225612816e-06
3.591321283955141701e-03
1.882057605336825631e-02
6.946084695506529044e-03
4.295919731477585574e-02
6.910659895062255635e-03
6.906862926662428372e-04
3.162480333325427655e-04
1.374668513708161149e-02
3.630538087695571394e-04
4.085931005567999840e-04
8.361626024346715874e-04
5.717803210167436007e-04
2.023990590993499574e-05
5.927759464311057810e-03
4.102375720585659802e-01
1.398830397898338795e-02
1.264994119370919446e-06
0.000000000000000000e+00
3.192846150312614404e-03
2.529988238741870656e-06
1.264994119370919446e-06
0.000000000000000000e+00
6.552674503442572872e-04
3.162480333325427655e-04
1.411732940707742783e-03
4.800653676033013635e-03
2.128987088942029243e-03
0.000000000000000000e+00
2.127718619251328398e-03
2.708351913062943296e-03
2.656487650678970711e-05
1.897491179056000397e-04
1.264992133330171062e-03
2.416138271488242877e-03
9.056086445943958493e-03
2.560349090627114712e-03
9.424226049720290125e-04
5.059976477483741313e-06
6.957467656540153029e-05
2.010076648700713769e-03
2.666606114103327665e-03
1.823614827370870217e-02
1.611602508078500019e-03
7.565927841916771611e-03
2.013870141528242754e-03
2.471799005760956600e-03
8.954890391965654450e-03
0.000000000000000000e+00
4.111232377486072169e-03
1.223249809941856893e-03
7.197826469424144355e-04
5.135875628135742020e-03
2.213736233327800659e-03
6.324960666650869404e-04
0.000000000000000000e+00
1.153801235580261333e-02
8.903029108642754319e-03
7.640574411204146708e-04
3.592328860310034511e-02
9.230658613478296901e-03
3.210557061004128132e-03
2.369331503030713566e-03
3.151100847863157715e-03
5.735481351186969001e-03
1.177709525134300068e-03
6.213651114349999678e-03
1.319388369993642826e-03
1.264994119370919446e-06
1.011995295496748601e-05
1.912671158139875316e-02
2.002991241752768992e-02
5.359781076795014018e-03
1.322044559738258171e-02
1.125854696443139377e-04
1.389849783718135820e-02
1.631842910498657257e-03
1.263729621761757209e-03
1.011742098068796857e-02
4.352842778714571988e-03
1.954418396978986009e-03
6.347736022411585265e-03
2.737447274318700191e-03
3.453428980780742568e-04
4.475545718762999683e-03
1.657142296375000074e-04
5.059976477483741313e-06
2.056121342323478582e-02
0.000000000000000000e+00
0.000000000000000000e+00
5.059976477483741313e-06
4.933477065546644307e-05
6.388220302823000409e-04
6.531161659250957381e-03
8.095957398871427404e-04
8.032712658005000325e-04
3.364884357525999318e-04
0.000000000000000000e+00
