1.897392000000000053e+03
2.119150471564013287e+02
8.371556162483388519e+00
1.248141313109916553e+02
3.528345567446793396e+00
2.793315290995224971e-81
2.857139867121312158e-102
8.359985562033267925e+00
8.339134139496998444e+00
8.337858103080874272e+00
8.200866471999493257e+00
8.195355046621427775e+00
8.182594986222232691e+00
8.180841410752238474e+00
8.146774243037713248e+00
8.104070750479085206e+00
8.048202654320476768e+00
8.343203897737213381e+00
8.296305704135686909e+00
8.228376447368775715e+00
8.186533444181367969e+00
8.128732374215797307e+00
8.010532768563466632e+00
7.967049411790172009e+00
7.939900821986044299e+00
7.894485946288924083e+00
7.877092471914703964e+00
2.017439484788134507e+00
6.967249396474029766e+01
1.284223677675749187e+01
1.292526960957436839e-04
1.217222583175201735e-05
0.000000000000000000e+00
0.000000000000000000e+00
6.240040076482600284e+01
1.525566178760282128e+02
0.000000000000000000e+00
8.072736059706533851e+00
2.102623215783877342e+00
7.977464644163385856e+03
2.493259902108344139e+00
2.748151407481798023e-02
1.126781189401989195e+03
5.513057384903625735e-01
1.367986362101145437e+00
1.513842222716846386e+01
3.094308478398777318e+00
2.552203623923559594e-01
8.909437287681462037e-01
2.751981942955146643e+00
1.140900515956984940e+01
1.121260905759086102e+00
1.413025505917991893e+02
4.916755555274545486e+01
1.601533654716637400e+01
5.529827727090143696e+01
4.021798243210940704e+00
1.403759558398710183e+01
5.237712202089825020e+00
1.280228593778837576e+00
2.038150379727969863e+01
5.989592686584833681e-01
1.088023281085849305e+02
1.164084024667316619e+01
4.204967410609150136e+00
4.166120902361908662e+01
3.443799726802470040e+00
3.900753112774699716e+00
6.842148378437453715e-01
7.116750109527814061e+01
7.300810025798322167e-01
9.402932154723851355e+00
2.651893670467132225e+01
1.674040355559391458e+01
8.372031054740060318e-02
1.497720318032879916e-01
8.984721749915543114e+03
1.405794757693785035e+00
2.900514378917185887e+00
2.670317195296701418e-01
3.194849345378559385e-02
3.654216779091073314e-02
2.374515262633186252e-03
0.000000000000000000e+00
4.828304924968527700e+00
0.000000000000000000e+00
0.000000000000000000e+00
1.055213344270934384e+00
0.000000000000000000e+00
1.602383945424917400e+01
0.000000000000000000e+00
6.098920909820991412e-04
2.861778987502440214e-03
5.502574571006943794e-06
8.765696601717806402e+01
8.442271505776578061e-03
7.668190980532457713e-05
4.870057092884113814e+00
1.178908144817500717e-09
2.307823896402753943e-05
3.505913489190335330e-09
1.756129051377135752e+01
8.429600839515767759e-05
3.261358311611473937e+02
7.824500075048083903e-07
3.754792449938356702e-01
6.293663647133793404e+01
1.100103934920159743e-04
3.182148431546332462e-06
3.297995808914387794e+01
3.217139566644538736e-04
1.144218662427093136e+02
1.150196423313034165e-07
1.613234955909865435e-04
2.195230835637333039e-03
4.709393186600006054e+00
3.168448217275853657e-02
1.523764051823409593e-04
2.214262177159545542e-03
7.341997991766443888e-07
1.081613481253210202e-05
2.259931028852654890e+03
5.241605496397939000e-06
6.046406334473702253e-04
1.756091723933021785e+04
6.104620179543197162e-02
6.116949089460743672e-01
1.816627774301916361e+03
6.315063414754904132e-03
4.072733865899134248e-02
4.286152028567815492e-02
5.853649278538088779e-02
3.962917898014155738e-06
5.502352234423634192e-01
6.121712640222726623e-11
8.911763560250815561e-13
1.100942966409803305e-12
1.279261249116180879e-03
9.458495567808697667e-11
4.815516642687823201e-01
6.098356260448381860e+00
2.364539457734046099e-11
2.136634538667336979e-12
1.747900154872921534e-12
2.371353998220111758e-09
2.222199021068274206e-10
1.812024597477989418e-10
5.876837454295338865e-12
2.122746651905010636e-18
5.796516020930511405e-10
1.138562693898322094e-12
2.269909409879485761e-10
1.678702569200262531e-14
4.593581601956882129e-09
4.581059463858707127e-12
4.550622171374657950e-16
4.934472012060423691e-18
6.165340506201667092e-19
7.069606924329451984e-17
5.819836291644281552e-17
8.102424336502387169e-18
0.000000000000000000e+00
2.486533922520400708e+01
4.816665465493026943e+01
2.100222715420623030e-04
4.068989239723127161e-04
4.969141193464604415e-05
2.272770176554928419e-13
4.402716797368414562e-13
0.000000000000000000e+00
1.482789237000791438e+01
2.160542763391238945e-04
1.462499547935579569e+00
3.284988211470855901e-02
1.261564911712593703e-02
6.182761550082355173e-01
5.222197999083036119e-06
1.235575964433906948e-06
5.651170040272901574e-15
4.410935930205013340e-11
1.043630750308727166e-11
4.773267688881277305e-20
1.129358716240118474e-20
5.165362814924744738e-29
2.198654955401607436e-01
2.138909822224049732e-03
1.311295756386207545e+00
1.121214618102813754e-01
2.435247764136715184e-16
6.430126053858122469e-24
2.906034570861350243e-32
1.988390616475378142e-17
1.527002848443207236e-20
1.505252272093021361e-17
1.981723224975000970e-19
0.000000000000000000e+00
4.948852115124982739e-15
4.585248003051482271e-20
4.705714317376464519e-29
1.204180547773144865e-27
1.360192128242694161e-22
3.190886111224748409e-28
0.000000000000000000e+00
1.403800130129426029e-36
5.436183960673204979e-36
0.000000000000000000e+00
6.134285324206058980e-31
1.280343899359143992e-36
5.852643886380290432e-45
2.523472852860519532e-16
1.513315781283895760e-39
1.358340271099774999e-16
3.375100484983574298e-18
0.000000000000000000e+00
8.937281736295695844e-32
9.811473106989325889e-39
1.873995411151791147e-47
6.620972970623294772e-47
4.947780765789881102e-55
1.226987934219997623e-63
8.722140441863918880e-34
1.165501081159945889e-42
1.737071793739167652e-33
2.263730154472453860e-36
0.000000000000000000e+00
4.817359733637462504e+00
4.068971172295895246e-05
4.403217318521506436e-14
1.967959854482956442e-19
0.000000000000000000e+00
4.856097483451172411e-15
8.769796182563822097e-32
4.553178068733158650e-20
9.741532976937643246e-39
4.672739475057176688e-29
1.860754683867282631e-47
1.202913157409482476e-27
0.000000000000000000e+00
1.350476120621975094e-22
1.402143967473505626e-36
4.941400021629296500e-55
5.430531325564164588e-36
0.000000000000000000e+00
6.091421004191657962e-31
1.278890999144471134e-36
5.846108502141247922e-45
1.225590543253461567e-63
2.521125739444029357e-16
8.713269737229036109e-34
1.163987913579479410e-42
1.511335698418034716e-39
1.734352482523484647e-33
1.356480757429765857e-16
3.371553488429139820e-18
0.000000000000000000e+00
2.261287344082544477e-36
0.000000000000000000e+00
3.997280273833906449e-18
0.000000000000000000e+00
2.675115329864904675e-36
0.000000000000000000e+00
1.383660608904366572e-23
0.000000000000000000e+00
3.460722439538283141e-19
6.176471794461138335e-36
3.199492245216856250e-24
6.766959971142747737e-43
3.251236574369536152e-33
1.278502933336471892e-51
8.526129681035622410e-32
0.000000000000000000e+00
9.491875651883400848e-27
9.821822384269989248e-41
3.420335611914641436e-59
3.803282281590085572e-40
0.000000000000000000e+00
4.230253985765894975e-35
8.956733409680742013e-41
4.047300293288919735e-49
8.383505775195262369e-68
1.778911619523268041e-20
6.071346313556366808e-38
8.147177006046574637e-47
1.058418196827475832e-43
1.178523055954782940e-37
9.462269084337367422e-21
2.394919533366123841e-22
0.000000000000000000e+00
1.602473392674412910e-40
0.000000000000000000e+00
1.484051719866854180e-18
0.000000000000000000e+00
1.029847742910859559e-13
1.809134091713711044e-30
3.428922888411790092e-19
7.144186550035821745e-38
3.440853470105977017e-28
1.331688738429401998e-46
6.958849727319715430e-28
0.000000000000000000e+00
1.017296387358473005e-21
7.976592069821975233e-37
2.764098518117880104e-55
3.089029338565805038e-36
0.000000000000000000e+00
4.466382947236442843e-30
7.273806065989220516e-37
3.271720557605660988e-45
6.744661192605508094e-64
1.462269543654821395e-16
4.964196463331843948e-34
6.613800104218885298e-43
8.596990367284078246e-40
9.531674249989966775e-34
7.737800645217160353e-17
9.301103873584109445e-18
0.000000000000000000e+00
5.809195554328714445e-36
0.000000000000000000e+00
1.485360986175902099e-18
0.000000000000000000e+00
1.030739218173355564e-13
1.810722793607476965e-30
3.431950105804653179e-19
7.150581413502648643e-38
3.443926836521870865e-28
1.332896178627695416e-46
6.968778054538191002e-28
0.000000000000000000e+00
1.018194379701594812e-21
7.988069895471554271e-37
2.768110459444443209e-55
3.093474499355434226e-36
0.000000000000000000e+00
4.470381264212656491e-30
7.284273836757802952e-37
3.276468095828089452e-45
6.754533661477232543e-64
1.464352813392199522e-16
4.971333507057380385e-34
6.623322932466558697e-43
8.609361634608805898e-40
9.545634283602741705e-34
7.748918015356298212e-17
9.301767746073234554e-18
0.000000000000000000e+00
5.809633537884395556e-36
0.000000000000000000e+00
1.151124191459167872e-17
0.000000000000000000e+00
7.186722523027411428e-36
0.000000000000000000e+00
8.433528366492997009e-23
0.000000000000000000e+00
2.312717484556905277e-18
4.174338971295283043e-35
1.734535019208583628e-23
3.708958335992643133e-42
2.446351919154095762e-32
9.738024493651748736e-51
4.009683611437735633e-31
0.000000000000000000e+00
5.144527434826765805e-26
6.006799602984877463e-40
2.116125267015376707e-58
2.584924965299757266e-39
0.000000000000000000e+00
3.188565799106175939e-34
5.478464133315380772e-40
3.337941567265398950e-48
6.995170592010698693e-67
2.400869244084061005e-20
8.294909264924567732e-38
5.539702258243449497e-47
7.193220116542573274e-44
6.598875962162454650e-37
5.165352244538569348e-20
9.518697850299773417e-22
0.000000000000000000e+00
6.370664710722730656e-40
0.000000000000000000e+00
6.368734699806987622e-22
0.000000000000000000e+00
4.910527247369459390e-17
8.626329767658402429e-34
1.308011423611544447e-22
2.725252807793932300e-41
1.804764943817850936e-31
6.984890707204255194e-50
2.323995613645426433e-31
0.000000000000000000e+00
3.880621796733842506e-25
3.424977126029524508e-40
1.186851034214734320e-58
1.473743923470729028e-39
0.000000000000000000e+00
2.342678358753170794e-33
3.123231835628874963e-40
1.873085614109103669e-48
3.861373024275600422e-67
1.395266621053310785e-20
4.736733278851445290e-38
3.155228864759993627e-47
4.101344302958958702e-44
3.637804544845768605e-37
2.953162042947529282e-20
2.742034307346985457e-21
0.000000000000000000e+00
1.711912232789340954e-39
0.000000000000000000e+00
3.255496314077658039e-20
0.000000000000000000e+00
8.027974414235124374e-16
1.450309529008182934e-32
5.648732159092484707e-21
1.207749174771594569e-39
5.795349962903368583e-30
2.307282912571842417e-48
1.492337258876485474e-28
0.000000000000000000e+00
1.675512174651977976e-23
1.159320518039303449e-37
4.084691438051846344e-56
6.735913650673880212e-37
0.000000000000000000e+00
7.555661023302202513e-32
1.057533527347840961e-37
4.833121961099573147e-46
1.012973001629947239e-64
4.170702794559065505e-17
1.441074667232529843e-34
2.406120468373708698e-43
3.123826934905177154e-40
1.433219135064310301e-34
3.364750361759434546e-17
2.479957936075125691e-19
0.000000000000000000e+00
1.659502355129643170e-37
0.000000000000000000e+00
4.585713133680661738e-20
0.000000000000000000e+00
5.660145051918894080e-16
1.020550865440182015e-32
2.653687084590953778e-20
5.667051888059006625e-39
1.086514875194258915e-29
4.318480957063167722e-48
8.405052589822868779e-28
0.000000000000000000e+00
7.841025305033792446e-23
9.777601926407507529e-37
3.439698653733837005e-55
1.893680587651728791e-36
0.000000000000000000e+00
1.417615209179168994e-31
8.924507486459764471e-37
2.033265817583514082e-45
4.263473923732234460e-64
8.822721504369008938e-17
3.043143168616162262e-34
4.024504349382863170e-43
5.225506590980000218e-40
1.405213430320246898e-33
1.261338418552638973e-16
2.430062977705403604e-18
0.000000000000000000e+00
1.625672354032325271e-36
0.000000000000000000e+00
4.176754684754884771e-20
0.000000000000000000e+00
5.153346535957881300e-16
9.305015450876416113e-33
2.416228081534400294e-20
5.168643867615769937e-39
9.915785332018946692e-30
3.948462463481260963e-48
7.660142752566478204e-28
0.000000000000000000e+00
7.166552136207271132e-23
8.925992168536035355e-37
3.145590090758250373e-55
1.728780983866726471e-36
0.000000000000000000e+00
1.292753052387616260e-31
8.142361725736370744e-37
1.860761928691617780e-45
3.900251573199650387e-64
8.027297814725300390e-17
2.773808356232805041e-34
3.702621739123969670e-43
4.807529202130779302e-40
1.286839412354517659e-33
1.150694514386123919e-16
2.227217384220219523e-18
0.000000000000000000e+00
1.490477804353588931e-36
0.000000000000000000e+00
9.582275938949209023e-22
0.000000000000000000e+00
7.388297048892098806e-17
1.297887042409373052e-33
1.968019650899823491e-22
4.100335705438313827e-41
2.715385175183525629e-31
1.050914183224851980e-49
3.496658710628698713e-31
0.000000000000000000e+00
5.838741734262778684e-25
5.153089860661062285e-40
1.785679536050924174e-58
2.217352202938154021e-39
0.000000000000000000e+00
3.524725066073729064e-33
4.699123277686396405e-40
2.818156413881011897e-48
5.809567191364726519e-67
2.099307328934592260e-20
7.126760248306176020e-38
4.747030485878873641e-47
6.170462769147618330e-44
5.472929747311817683e-37
4.443035232918110126e-20
4.125638782104794320e-21
0.000000000000000000e+00
2.575732857831560225e-39
0.000000000000000000e+00
6.408093404537908316e-21
0.000000000000000000e+00
1.757285200630495531e-16
3.171808641170213253e-33
1.317961247519449097e-21
2.818195448035056165e-40
1.858823368110019880e-30
7.399285259691635644e-49
3.046699861075751754e-29
0.000000000000000000e+00
3.908994316802499340e-24
4.564176456551563771e-38
1.607904992734004028e-56
1.964116377498770086e-37
0.000000000000000000e+00
2.422782632170615733e-32
4.162728247747584303e-38
2.536282992269923114e-46
5.315168304066962205e-65
1.824265384843236263e-18
6.302761987367030428e-36
4.209258513709068660e-45
5.465659438920822690e-42
5.014049783334413728e-35
3.924815245275152249e-18
7.232646191908008679e-20
0.000000000000000000e+00
4.840658877677987246e-38
0.000000000000000000e+00
2.958415058858016259e-19
0.000000000000000000e+00
7.295136017641988631e-15
1.317942395867271119e-31
5.133238120841382911e-20
1.097496254362517637e-38
5.266403922060920953e-29
2.096673572144048326e-47
1.356148469329713752e-27
0.000000000000000000e+00
1.522612032158321406e-22
1.053507930987248339e-36
3.711835403718960776e-55
6.121153688078676069e-36
0.000000000000000000e+00
6.866085565384588515e-31
9.610164014168086318e-37
4.391974736056148318e-45
9.205024528773585463e-64
3.790108275286371976e-16
1.309555263477892767e-33
2.186525191247713427e-42
2.838715658673512185e-39
1.302380299994508017e-33
3.057660697054054705e-16
2.253659564033337209e-18
0.000000000000000000e+00
1.508063791212792936e-36
0.000000000000000000e+00
4.538576783919498838e-19
0.000000000000000000e+00
5.601980067511176536e-15
1.010053302868542196e-31
2.626416447368964149e-19
5.608748027735686313e-38
1.075331673356403914e-28
4.273976770155105707e-47
8.318623093658271844e-27
0.000000000000000000e+00
7.760239689683165257e-22
9.676942988130696036e-36
3.404246117420553823e-54
1.874185418498650793e-35
0.000000000000000000e+00
1.403031682279623137e-30
8.832668001743472394e-36
2.012298899275023545e-44
4.219520699308475868e-63
8.732098821334174860e-16
3.011847155191866533e-33
3.982853808337418487e-42
5.171426866592531222e-39
1.390716240295267174e-32
1.248359083775200756e-15
2.405096444619630177e-17
0.000000000000000000e+00
1.608969379638435988e-35
0.000000000000000000e+00
0.000000000000000000e+00
0.000000000000000000e+00
0.000000000000000000e+00
0.000000000000000000e+00
0.000000000000000000e+00
0.000000000000000000e+00
0.000000000000000000e+00
0.000000000000000000e+00
0.000000000000000000e+00
0.000000000000000000e+00
0.000000000000000000e+00
0.000000000000000000e+00
0.000000000000000000e+00
0.000000000000000000e+00
0.000000000000000000e+00
0.000000000000000000e+00
0.000000000000000000e+00
0.000000000000000000e+00
0.000000000000000000e+00
0.000000000000000000e+00
0.000000000000000000e+00
0.000000000000000000e+00
0.000000000000000000e+00
0.000000000000000000e+00
0.000000000000000000e+00
0.000000000000000000e+00
0.000000000000000000e+00
0.000000000000000000e+00
0.000000000000000000e+00
1.551191729369122640e+00
7.183298159475054977e-05
8.055474318439156178e+00
7.817655871269266754e+01
1.238696614124140671e-01
2.396794896673827502e+00
2.109964795644290447e+01
2.872660400429581304e-02
1.457653801448073239e+01
4.089379154968396435e+00
1.759404192092572868e-10
3.715580234325071896e+00
3.855604287396997221e-10
4.834718227489883444e-11
0.000000000000000000e+00
0.000000000000000000e+00
7.378788439775987871e-13
4.200439229056257724e-03
3.099413801950749224e-17
1.514197319870659797e+01
1.519672214252350386e+03
1.807496846512335775e+00
0.000000000000000000e+00
2.680410760143589144e+01
1.384705734930034238e+00
2.074876361050986606e+00
2.725867903224505132e-02
8.344573905995505969e-02
4.236302290171182676e+02
1.206893668924097085e+02
3.438757159665869949e+02
1.615282852282870330e-11
7.813696343607849926e+00
1.406470109746304615e+02
1.173143693580878733e+02
2.272833009299970897e+01
5.768049501010913360e+01
9.739777080769254640e-14
1.755144316931537289e-11
9.614941874728724534e-10
1.731541183622509779e-09
1.879829193860820169e+01
3.237734735689145515e-09
6.467211913076984509e-01
1.966934330165951983e-01
9.841020240504751160e-02
3.060777732530555113e+02
9.853293022451880061e-14
9.996354717305375743e+03
3.499358172252915455e+00
4.656294862548919222e-01
8.121930174803004832e-01
2.544406375321337421e+01
7.809141709018127542e-02
7.809463690011144710e-01
9.144345631922321971e+00
3.199782257888406090e-01
8.492142581765940723e-02
9.508104780362940101e-02
3.194664936605668970e+00
2.763100427205271270e+00
8.086705612993166231e-03
2.056363182061422208e+02
1.459188934300092555e+01
3.095636167693873939e-02
5.431861373048785246e-01
7.905112423072608863e-01
1.681260897697058887e-01
2.110894541996345097e+01
1.557251827664960098e-13
4.817722977989817237e-11
3.450991580438777646e+02
0.000000000000000000e+00
2.950253909499070559e+01
2.727338321254477194e+01
2.131145320178959821e+02
1.492053176451801355e-01
5.068829917169305199e-01
7.014608507311466212e+01
0.000000000000000000e+00
1.658198754578062713e-11
2.734465598784654716e+01
4.002298510196061662e-10
3.610648593710344967e-01
1.577440987546482627e-10
5.711421451103633560e-04
2.399829203269161076e-02
2.682714580123725656e-01
4.281829449377123443e-17
4.561509427967665176e-02
0.000000000000000000e+00
5.891676998864021630e-01
1.678499836770665499e-01
5.072590949795554138e+00
4.689320054779519964e+00
2.272846918259750026e+01
5.106525397342161764e-15
1.245251325371477310e-14
5.040834504720100473e-11
1.229147866085927869e-10
4.885439146449788568e-14
1.481276459691199289e-03
8.662799724098393548e-04
7.821544663014208358e-04
1.459911001351417159e-01
2.120991693355295075e-03
5.787895611088871017e-02
0.000000000000000000e+00
1.586943005157953893e-13
1.201846638493913699e-12
5.296380931972286075e-04
1.797290873650159641e-13
4.004006939260874734e-13
0.000000000000000000e+00
2.243220836803742011e-12
4.026382256355429123e-02
1.621040151911351524e-04
6.242914878898104918e-04
1.778564615117884744e-04
1.152305595367471653e+02
4.144371408116533928e+00
4.304140696332761085e-01
9.116779188562402325e+00
2.597313810413072410e+00
4.472046256691951882e+00
0.000000000000000000e+00
0.000000000000000000e+00
0.000000000000000000e+00
0.000000000000000000e+00
5.860862449554887377e+01
6.753389047451345562e+01
0.000000000000000000e+00
0.000000000000000000e+00
0.000000000000000000e+00
0.000000000000000000e+00
0.000000000000000000e+00
2.958823231249327595e-03
2.774133096800814567e-03
9.487440999976282964e-04
1.182769998121957229e-03
3.554631985901728249e-03
5.376216566653199691e-03
5.376216566653199691e-03
5.376216566653199691e-03
5.376216566653199691e-03
1.829182092422598424e-02
3.794982358112791161e-06
9.152236922240415337e-03
5.376216566653199691e-03
5.376216566653199691e-03
5.376216566653199691e-03
5.376216566653199691e-03
5.376216566653199691e-03
5.376216566653199691e-03
5.376216566653199691e-03
5.376216566653199691e-03
5.376216566653199691e-03
5.376216566653199691e-03
5.376216566653199691e-03
5.376216566653199691e-03
5.376216566653199691e-03
5.717773419555999964e-04
9.420411206955300182e-03
4.703248135821100177e-03
1.498765032630679922e-02
2.770337121422000162e-04
2.087240296962000101e-04
4.123895724454720857e-04
2.771600129500870896e-03
6.844879704344699646e-03
3.397773708120143017e-03
1.846891414281000049e-04
5.395199422606744566e-03
1.466130170391630226e-03
3.396509707021056965e-03
7.653219387295570999e-04
2.528722251602084393e-03
2.385779008435621323e-02
3.134657910352087011e-03
7.589964716225612816e-06
5.805057517282941927e-03
1.850432802003571658e-02
7.262332728839071376e-03
4.738666978143145359e-02
3.748179561736827547e-03
3.744382593337000176e-04
8.209806869615427893e-04
9.002964637093468711e-03
4.680577543701436034e-05
9.234506722425720501e-05
3.366146869095012952e-03
1.836772454346914663e-03
2.023990590993499574e-05
3.397775197650715687e-03
4.358536627585019585e-01
1.367205594565084475e-02
1.264994119370919446e-06
0.000000000000000000e+00
3.192846150312614838e-03
2.529988238741870656e-06
1.264994119370919446e-06
3.288984710364429312e-05
3.390194170117145759e-04
0.000000000000000000e+00
1.727980974040285549e-03
4.800653676033014502e-03
4.026475288937285402e-03
1.505343002051000019e-04
5.464784525886147871e-04
1.759607813065314783e-03
0.000000000000000000e+00
0.000000000000000000e+00
3.162480333325427655e-04
2.099890238155700112e-03
9.688582512609044892e-03
2.560349090627115579e-03
1.891166704969657201e-03
5.059976477483741313e-06
0.000000000000000000e+00
2.642572715365800167e-03
7.691179141080719400e-04
9.697451373730042734e-03
1.927850541411042784e-03
6.300935708586600549e-03
2.013870141528244489e-03
2.471799005760956600e-03
9.903634491963284048e-03
0.000000000000000000e+00
5.376224510816243231e-03
9.070017766093141278e-04
1.668526746940042840e-03
5.135875628135742020e-03
5.617693569571407250e-19
3.162480333325427655e-04
1.636902390465901341e-03
1.912796515578363277e-02
1.143301337530309644e-02
1.712801541118042425e-03
3.054707203644711419e-02
7.016922380150497976e-03
2.578060994339042601e-03
1.104339369700542721e-03
1.569860681200444105e-03
5.419233317854428404e-03
2.289654251366715816e-04
5.581155047684914147e-03
1.003140336661100061e-03
1.264994119370919446e-06
1.011995295496748601e-05
1.438299108141060691e-02
2.066240848419277631e-02
6.624773210125185080e-03
5.946740830734097670e-03
7.450815363094000785e-04
2.180469867049492430e-02
2.264338977163743005e-03
1.579977655094299974e-03
1.675862968067136707e-02
4.036594745382028789e-03
4.800650696971871766e-03
4.766495855748871004e-03
8.399590743234437067e-04
0.000000000000000000e+00
2.894305552100285422e-03
4.819622629700427729e-04
5.059976477483741313e-06
2.245870162323004154e-02
0.000000000000000000e+00
6.324970596854693582e-06
5.059976477483741313e-06
0.000000000000000000e+00
6.388220302823000409e-04
2.419937225927900129e-03
2.074587873217313694e-03
8.032712658005000325e-04
3.364884357525999318e-04
0.000000000000000000e+00
