1.897392000000000053e+03
2.084292093494788674e+02
5.732542803964276956e+00
2.616838451771183713e+02
3.686415183118964212e+00
6.156152862463203489e-72
2.980758608074492686e-102
5.743078600117171639e+00
5.761752237002123245e+00
5.762893831558770330e+00
5.873549575031261405e+00
5.877984642364668666e+00
5.888165558543479783e+00
5.889563067057390633e+00
5.916157583554638499e+00
5.948660895503310009e+00
5.989405629962757160e+00
5.757982269613350468e+00
5.798363483772286386e+00
5.854428680295769460e+00
5.888304327726909371e+00
5.933955762911341303e+00
6.016617522976646093e+00
6.045160523271306374e+00
6.062151923673352982e+00
6.087912726051507128e+00
6.097374032985150016e+00
6.309272927443112522e-01
6.789861338501383159e+01
1.201439885553964615e+01
3.826869027756327614e-04
1.217580267569436037e-05
0.000000000000000000e+00
0.000000000000000000e+00
7.585596261317454037e+01
1.523956959900699815e+02
0.000000000000000000e+00
7.918719475722928891e+00
2.278708004067953929e+00
7.964500204484955248e+03
3.830963915139699250e+00
3.806750532605528842e-02
1.130204943071186108e+03
6.773565584150597063e-01
1.565719298036334806e+00
2.100325046730479528e+01
4.312278364663107766e+00
2.546891969993354543e-01
8.888181756616219120e-01
2.743719554715439379e+00
1.140845419962285057e+01
1.122600486861643043e+00
1.412794992355110253e+02
4.931028118315833808e+01
1.602656453743388809e+01
5.529830727168545934e+01
4.023500225798150254e+00
1.404934829939745633e+01
5.187072392891870720e+00
1.273615563258551298e+00
2.046654131489482253e+01
5.908189384378729203e-01
1.088183640683963489e+02
1.153897465401049871e+01
4.204798147991656521e+00
4.138142434308343098e+01
3.443556971747748996e+00
3.900493224816226512e+00
6.841750691304855359e-01
7.116751770748095396e+01
7.300355258750124143e-01
9.402872661035912571e+00
2.651895999422650618e+01
1.674039180464132315e+01
8.407305838607723181e-02
1.497720318032879916e-01
8.997197579563919135e+03
2.166839986725484835e+00
2.899284865251232635e+00
3.689770862126739992e-01
3.182748221329079891e-02
3.617490336137610396e-02
2.373070112146415112e-03
0.000000000000000000e+00
4.924076081439412889e+00
0.000000000000000000e+00
0.000000000000000000e+00
9.270295284781094880e-01
0.000000000000000000e+00
1.610695322840324906e+01
0.000000000000000000e+00
6.149778387171521031e-04
2.861720849027602018e-03
5.550959332184516124e-06
8.635987078069614142e+01
8.386746663829620224e-03
8.278911900191087434e-05
4.767571376052178067e+00
1.246014161556453072e-09
2.414696349346457622e-05
3.687293112548162955e-09
1.615696021107027391e+01
8.373183879521425062e-05
3.213866748847605663e+02
8.324644959741889290e-07
3.856866016008346776e-01
6.742202930441521858e+01
1.185487815182822085e-04
3.138729696117570983e-06
3.474291380444645227e+01
3.338803663713460707e-04
1.132154840159601150e+02
1.122519971785211741e-07
1.398446598544935532e-04
1.888442413080547574e-03
4.962033124466463718e+00
2.869984949758229084e-02
1.127592286968575626e-04
1.700639956031457225e-03
4.020023904657303862e-07
5.971946144590552263e-06
2.259972940172634935e+03
2.869828972168764214e-06
2.346070429266431821e-04
1.727374165600203560e+04
2.329855718855792027e-02
2.320131086002019671e-01
1.871162077294242863e+03
2.523793421962300908e-03
1.611898056863370413e-02
1.620704010524958230e-02
1.696447822946798856e-01
4.342451650871251399e-06
3.630109327115877416e-01
1.292018687913806714e-10
1.826252449705846435e-12
2.246783800797070125e-12
4.922775740512779245e-04
1.810489687507297205e-10
1.696967285312460938e-01
6.095271600455324013e+00
1.741335537532347627e-11
1.412061488052557047e-12
1.221436692332962066e-12
1.850039913452801561e-09
1.443136526544343123e-10
1.273076788461605188e-10
6.086479473767982566e-12
2.175307540482500168e-18
6.476782023114364108e-10
1.190196927690722566e-12
2.376547822396525595e-10
1.383767879668167305e-14
3.387220176158657390e-09
3.405137021309568905e-12
6.691976738492361700e-16
1.629847588743401019e-17
6.147174656419488787e-19
1.725265295777031578e-16
4.151359205952262293e-17
1.322293883624608718e-17
0.000000000000000000e+00
2.551098769631724394e+01
4.987766262638181303e+01
2.087675025822650595e-04
4.082448163723416791e-04
4.973206092592335472e-05
2.251964660008731817e-13
4.403149719763285762e-13
0.000000000000000000e+00
1.595255809379449907e+01
2.160542762319334336e-04
2.027176001813853379e+00
6.118513814715222793e-02
1.239418597348361170e-02
6.507984803982168609e-01
5.325776428151573523e-06
1.268693203707425651e-06
5.744820747929986385e-15
4.358388210074000502e-11
1.038244390439928513e-11
4.701316202349884370e-20
1.119935843134814491e-20
5.071226557209086804e-29
2.544825535077264167e-01
4.109412162069397620e-03
1.528128749890144356e+00
4.717790832805231205e-02
3.687836322361339511e-16
2.409206658177217805e-23
1.102282060381997731e-31
1.986654490979646659e-17
3.726321959268158467e-20
1.105146294737579588e-17
2.995172019557810547e-19
0.000000000000000000e+00
7.739096797558471214e-15
6.874796112474014067e-20
7.094240287741895168e-29
4.533640273369481936e-27
5.359760309666547505e-22
1.197719257660336524e-27
0.000000000000000000e+00
5.267668776956589011e-36
2.065278277421609146e-35
0.000000000000000000e+00
2.456190187356668899e-30
4.910876300158188226e-36
2.212966089247743582e-44
2.711084212095398368e-16
8.483598017280215379e-39
1.403594315150376963e-16
5.526111054657796519e-18
0.000000000000000000e+00
2.058368459551671724e-31
5.104638897463557286e-38
1.041812964433739323e-46
8.440466632193536343e-46
6.354204108362217740e-54
1.594441084146643067e-62
9.120747920310367669e-34
6.940264035970029312e-42
1.245614643653089168e-33
5.648815442272659298e-36
0.000000000000000000e+00
4.988589746079031606e+00
4.082430562204691042e-05
4.403650296499357101e-14
2.979184956092988487e-19
0.000000000000000000e+00
7.629014544038696922e-15
2.029054439356807238e-31
6.837486091905841206e-20
5.076774314887379629e-38
7.055939705552296276e-29
1.036188799100448737e-46
4.530070355294686948e-27
0.000000000000000000e+00
5.330618634983043538e-22
5.262757810251080310e-36
6.348360122213480196e-54
2.063597335244931435e-35
0.000000000000000000e+00
2.443203940270849663e-30
4.906595520113826121e-36
2.210966606600078945e-44
1.593083399198669425e-62
2.708973492442107156e-16
9.112808736935829717e-34
6.931832277663468808e-42
8.473110115317391629e-39
1.244057370372978095e-33
1.401916920607327220e-16
5.519424708333459306e-18
0.000000000000000000e+00
5.641194077584738756e-36
0.000000000000000000e+00
6.387963361736230819e-18
0.000000000000000000e+00
6.456666380863048248e-36
0.000000000000000000e+00
2.074826339611871979e-23
0.000000000000000000e+00
5.356694083166581537e-19
1.402043481293441017e-35
4.759978561966814957e-24
3.532895661406622272e-42
4.865284614497916654e-33
7.135094071948820109e-51
3.244389230646866840e-31
0.000000000000000000e+00
3.768500025937115946e-26
3.724537236653589024e-40
4.492313252155552729e-58
1.461643010506782031e-39
0.000000000000000000e+00
1.708214025456723706e-34
3.475769054192644454e-40
1.547809839901774655e-48
1.114215894141057055e-66
1.909135588711068016e-20
6.344075694467083108e-38
4.829058986636230844e-46
5.897701807083762704e-43
8.597229028862487111e-38
9.812259274287460329e-21
3.860174840838509608e-22
0.000000000000000000e+00
3.899556771439992079e-40
0.000000000000000000e+00
1.684738262957415720e-18
0.000000000000000000e+00
1.201247443457179774e-13
3.080648654504403740e-30
3.860541251516346444e-19
2.863352081701353163e-37
3.901585801628268453e-28
5.710144039469177862e-46
2.136802630150862238e-27
0.000000000000000000e+00
3.115696964571012889e-21
2.440329081369105242e-36
2.943273358423522490e-54
9.583461825785540328e-36
0.000000000000000000e+00
1.393288710919164315e-29
2.278596936772639218e-36
1.009839643752672491e-44
7.267218590251448075e-63
1.260159030421093781e-16
4.165522288233428451e-34
3.142656526769055970e-42
3.837972873952702042e-39
5.624931039488248212e-34
6.454651136049777653e-17
1.098658917346398390e-17
0.000000000000000000e+00
9.174791551599350175e-36
0.000000000000000000e+00
1.686229281090806421e-18
0.000000000000000000e+00
1.202293169159685161e-13
3.083382056755502863e-30
3.863960690091581348e-19
2.865889677903371529e-37
3.905079363475197826e-28
5.715266168966144901e-46
2.139819136533295072e-27
0.000000000000000000e+00
3.118407993679919123e-21
2.443803872279125369e-36
2.947464622025143490e-54
9.597097225420006560e-36
0.000000000000000000e+00
1.394516449201999434e-29
2.281838977875727104e-36
1.011288637327207045e-44
7.277652759926890475e-63
1.261950286669306218e-16
4.171496244978268347e-34
3.147183024204824819e-42
3.843503404226158613e-39
5.633042961927232960e-34
6.463873922039707391e-17
1.098746776357692118e-17
0.000000000000000000e+00
9.175654995216618695e-36
0.000000000000000000e+00
1.352062840870221954e-17
0.000000000000000000e+00
1.127518528198604315e-35
0.000000000000000000e+00
9.470513144651939373e-23
0.000000000000000000e+00
2.695027611011309164e-18
7.162145506774053370e-35
1.932218059238957065e-23
1.434291757570425385e-41
2.740057968753141822e-32
4.023716973484336697e-50
1.120874549931357875e-30
0.000000000000000000e+00
1.507177801642892501e-25
1.673452303833681823e-39
2.018629678257941340e-57
7.291037019717067678e-39
0.000000000000000000e+00
9.491433221963051793e-34
1.560143061807410875e-39
9.369672481059116621e-48
6.750976800049538113e-66
1.914155493946352649e-20
6.436701984681063846e-38
2.447374561581276753e-46
2.991596960595934487e-43
3.513774512924144966e-37
3.961485838560605764e-20
1.128151363655472504e-21
0.000000000000000000e+00
1.139991600231858896e-39
0.000000000000000000e+00
5.365830778172855328e-22
0.000000000000000000e+00
4.250969662929396087e-17
1.090177664120702952e-33
1.092955926515056053e-22
8.106421702176420415e-41
1.518782588947560056e-31
2.222818132311664580e-49
5.296187431535042833e-31
0.000000000000000000e+00
8.820842239197134819e-25
7.776586956384435871e-40
9.379370544080025110e-58
3.393306060121884002e-39
0.000000000000000000e+00
5.423734008972866849e-33
7.261237361727515514e-40
4.290757517167120042e-48
3.087804220556887146e-66
8.923926840064100647e-21
2.949849007735825326e-38
1.112691795108871444e-46
1.358876074322915010e-43
1.593254346298775873e-37
1.828272888158723734e-20
2.390255711381589847e-21
0.000000000000000000e+00
1.993271853145174642e-39
0.000000000000000000e+00
5.198493451619498260e-20
0.000000000000000000e+00
1.330285750200075580e-15
3.539012616198747643e-32
8.947755757353648333e-21
6.640765993359252919e-39
9.230929109128696622e-30
1.355609091142179419e-47
5.930389514365990654e-28
0.000000000000000000e+00
6.978420736034221444e-23
4.591661490340041390e-37
5.538855570099054516e-55
2.701036962921609220e-36
0.000000000000000000e+00
3.197715090297982023e-31
4.281484343179010315e-37
1.928831146183733634e-45
1.389761199558654409e-63
4.727874048016208694e-17
1.590035757465324834e-34
1.511587038587216775e-42
1.847451976712955991e-39
1.084985182874222073e-34
3.669019347389054211e-17
4.179844172005944821e-19
0.000000000000000000e+00
4.223551478232908549e-37
0.000000000000000000e+00
7.794666453089710751e-20
0.000000000000000000e+00
9.980373970613574610e-16
2.648259460450710680e-32
4.474666697394306297e-20
3.322222549528415665e-38
1.842278197674083541e-29
2.705274018801049871e-47
3.564751654625215107e-27
0.000000000000000000e+00
3.483922443132621860e-22
4.133047579057749818e-36
4.986132492261938630e-54
8.104977000267035274e-36
0.000000000000000000e+00
6.401204635903896306e-31
3.856676541437439684e-36
8.661008152662330715e-45
6.252974983028337687e-63
1.065728145484487063e-16
3.578078522372677729e-34
2.692829617120959501e-42
3.290906026946381284e-39
1.136449134403454770e-33
1.466576804028055910e-16
4.355723206473370496e-18
0.000000000000000000e+00
4.394262781857137735e-36
0.000000000000000000e+00
6.676341481340162113e-20
0.000000000000000000e+00
8.548175741126725863e-16
2.272976673441485434e-32
3.831242608002460002e-20
2.844651020268703148e-38
1.580997529323242074e-29
2.322051351927831991e-47
3.046815019360101360e-27
0.000000000000000000e+00
2.987584844164786030e-22
3.538472460667147281e-36
4.269009492502037496e-54
6.938496962621225635e-36
0.000000000000000000e+00
5.476225257922544196e-31
3.299448687683335085e-36
7.432736574789787917e-45
5.355489687031599049e-63
9.108494645291240667e-17
3.063491120389331780e-34
2.328381699239855890e-42
2.846036216333904273e-39
9.750145605242418806e-34
1.255931719740606229e-16
3.757807423608062274e-18
0.000000000000000000e+00
3.797561943057921738e-36
0.000000000000000000e+00
9.379108480300699941e-22
0.000000000000000000e+00
7.430403450091886049e-17
1.905524198153087311e-33
1.910423143739298220e-22
1.416954491261739181e-40
2.654701664551703128e-31
3.885312909654765859e-49
9.257591665621643681e-31
0.000000000000000000e+00
1.541855566015924637e-24
1.359301542528064186e-39
1.639468472767816724e-57
5.931341489993844608e-39
0.000000000000000000e+00
9.480413171768867212e-33
1.269230564093161339e-39
7.499955356343236808e-48
5.397269089435351468e-66
1.559863078864857274e-20
5.156141261094573319e-38
1.944805155316684616e-46
2.375093872598560311e-43
2.784745758635189238e-37
3.195561406969730523e-20
4.178007751313911651e-21
0.000000000000000000e+00
3.484079534141648693e-39
0.000000000000000000e+00
8.359964640664822182e-21
0.000000000000000000e+00
2.378998886921838918e-16
6.322278963379956475e-33
1.705638997335047384e-21
1.266100909367817853e-39
2.418746513821113609e-30
3.551877705575782504e-48
9.894375836357447906e-29
0.000000000000000000e+00
1.330441551721525886e-23
1.477217517856380091e-37
1.781918163802945711e-55
6.436064995383807922e-37
0.000000000000000000e+00
8.378429948277725453e-32
1.377195226982804842e-37
8.270946874931229576e-46
5.959329734570081409e-64
1.689694925512560413e-18
5.681908725125191073e-36
2.160384818793991625e-44
2.640789414141817335e-41
3.101734002023072023e-35
3.496947123293504122e-18
9.958600351654854600e-20
0.000000000000000000e+00
1.006311465978639699e-37
0.000000000000000000e+00
4.724025897973065282e-19
0.000000000000000000e+00
1.208827271161151247e-14
3.215939459105859084e-31
8.131066718096491994e-20
6.034510238990225850e-38
8.388280434833819820e-29
1.231862217336826064e-46
5.389196305687317047e-27
0.000000000000000000e+00
6.341589404516165842e-22
4.172580072539045920e-36
5.033322920963248795e-54
2.454528596447131310e-35
0.000000000000000000e+00
2.905869792672927305e-30
3.890737297329402621e-36
1.752778653142522882e-44
1.262910459413262417e-62
4.296395383308843149e-16
1.444908480526537253e-33
1.373614469302679242e-41
1.678812201090105110e-38
9.859444337472516698e-34
3.334143975192105629e-16
3.798342753568119150e-18
0.000000000000000000e+00
3.838007641388576800e-36
0.000000000000000000e+00
7.714417498882323416e-19
0.000000000000000000e+00
9.877624687650650447e-15
2.620956686308322283e-31
4.428610622934822515e-19
3.288027022958674552e-37
1.823286583803681821e-28
2.677382706351273640e-46
3.528104493682854683e-26
0.000000000000000000e+00
3.448026192084762337e-21
4.090509318069354905e-35
4.934813364898190313e-53
8.021563999606629718e-35
0.000000000000000000e+00
6.335355389099183257e-30
3.817002345736699026e-35
8.571724546262154895e-44
6.188602065557239431e-62
1.054772146446499717e-15
3.541250925564718840e-33
2.664927827238804068e-41
3.256802992013847019e-38
1.124735824385894022e-32
1.451479721989576546e-15
4.310925920248756184e-17
0.000000000000000000e+00
4.349058550027575437e-35
0.000000000000000000e+00
0.000000000000000000e+00
0.000000000000000000e+00
0.000000000000000000e+00
0.000000000000000000e+00
0.000000000000000000e+00
0.000000000000000000e+00
0.000000000000000000e+00
0.000000000000000000e+00
0.000000000000000000e+00
0.000000000000000000e+00
0.000000000000000000e+00
0.000000000000000000e+00
0.000000000000000000e+00
0.000000000000000000e+00
0.000000000000000000e+00
0.000000000000000000e+00
0.000000000000000000e+00
0.000000000000000000e+00
0.000000000000000000e+00
0.000000000000000000e+00
0.000000000000000000e+00
0.000000000000000000e+00
0.000000000000000000e+00
0.000000000000000000e+00
0.000000000000000000e+00
0.000000000000000000e+00
0.000000000000000000e+00
0.000000000000000000e+00
0.000000000000000000e+00
1.543767406160440947e+00
7.183297062872627786e-05
6.028641651214293518e+00
6.747031100511419766e+01
9.193221880361190923e-02
1.795281788118966881e+00
2.226063478209315250e+01
3.125529157557356552e-02
1.509916784905952980e+01
4.598097449348542476e+00
1.122944957026556001e-10
3.923729056952744987e+00
3.121266852349398231e-10
2.788040513402385099e-11
0.000000000000000000e+00
0.000000000000000000e+00
1.186740010800935941e-12
4.200438994335258143e-03
4.984824831177119488e-17
1.715097210448733023e+01
1.765475089908866266e+03
1.868938378790746313e+00
0.000000000000000000e+00
2.465462425884254571e+01
1.262181466160392507e+00
2.131096833762629927e+00
2.063716353350844232e-02
7.426347003572757177e-02
4.309457663891960806e+02
1.245210554727505325e+02
3.596920886328275060e+02
1.571282154952144549e-11
7.886646258009151644e+00
1.419601279690404283e+02
1.128608962444511548e+02
2.206967152686755540e+01
5.600648211323499481e+01
6.038026966055320858e-14
1.086090491191307689e-11
1.068127528516709104e-09
1.920520711011221641e-09
2.749104808114852005e+01
5.269774692413792124e-09
6.467211840174971194e-01
1.906415880235017846e-01
9.548201073403880801e-02
1.945042044400078112e+02
1.586632601839043496e-13
9.996278790920096071e+03
3.554676343894119128e+00
4.411730465193091644e-01
7.968588544168039300e-01
2.487871918741499044e+01
8.741066191776493410e-02
8.741345509173478190e-01
1.040501696329357806e+01
3.698478625313024182e-01
1.078694025110899235e-01
6.005993984855446943e-02
4.256238604999202479e+00
2.434514792749320478e+00
9.055294826465783153e-03
1.707130906370364869e+02
1.356177224584940255e+01
3.646471291037750584e-02
5.023632328861822316e-01
7.594197064044740930e-01
1.831763341000568479e-01
2.138987531239984108e+01
2.537492129543084072e-13
7.705970888157536610e-11
3.424157113050060275e+02
0.000000000000000000e+00
2.779499616278476992e+01
2.631783034323511217e+01
2.151046107173241069e+02
1.872059046391177373e-01
7.196930714251332795e-01
6.594609438342588703e+01
0.000000000000000000e+00
1.073105226730207193e-11
3.098734713512754624e+01
2.614364160711813504e-10
3.569153900307647231e-01
8.991021658754291061e-11
5.184507400204257412e-04
1.797709194835355254e-02
2.468166689308655959e-01
8.000294086069231769e-17
5.342348021854665535e-02
0.000000000000000000e+00
5.333915842674585850e-01
1.541225599888960962e-01
4.998815511391225819e+00
4.733150290744851496e+00
2.206982757216636770e+01
3.073837239488726993e-15
7.791822063883260193e-15
5.437231962389791036e-11
1.378181141252371664e-10
7.898682004972776358e-14
1.425661013946077091e-03
9.823881721419502715e-04
8.753652468100580871e-04
1.356598087760969573e-01
2.195660376161332871e-03
5.402861093318510333e-02
0.000000000000000000e+00
9.046263774645513703e-14
7.853954833316642132e-13
7.438339403525873065e-04
1.165364401499042828e-13
3.758492218650972729e-13
0.000000000000000000e+00
1.401075263725257057e-12
3.487114905855379782e-02
1.215986502504572223e-04
4.763856266544832553e-04
1.376508060753781971e-04
1.142965561161733774e+02
4.068336957186861724e+00
4.540032586125398173e-01
9.782483321473634419e+00
2.826629787555638984e+00
5.616843263271588782e+00
0.000000000000000000e+00
0.000000000000000000e+00
0.000000000000000000e+00
0.000000000000000000e+00
5.886410414774331912e+01
6.727841082232308167e+01
0.000000000000000000e+00
0.000000000000000000e+00
0.000000000000000000e+00
0.000000000000000000e+00
0.000000000000000000e+00
3.907567331246956759e-03
4.987869330128613492e-03
1.264992133330171062e-03
1.499018031454499994e-03
3.238383952569186784e-03
5.376216566653199691e-03
5.376216566653199691e-03
5.376216566653199691e-03
5.376216566653199691e-03
2.461678159087684128e-02
3.794982358112791161e-06
8.835988888907873873e-03
5.376216566653199691e-03
5.376216566653199691e-03
5.376216566653199691e-03
5.376216566653199691e-03
5.376216566653199691e-03
5.376216566653199691e-03
5.376216566653199691e-03
5.376216566653199691e-03
5.376216566653199691e-03
5.376216566653199691e-03
5.376216566653199691e-03
5.376216566653199691e-03
5.376216566653199691e-03
5.717773419555999964e-04
9.420411206955300182e-03
4.703248135821100177e-03
1.498765032630679922e-02
2.770337121422000162e-04
2.087240296962000101e-04
7.286376057780148512e-04
2.139104062835785365e-03
6.212383637679614115e-03
3.397773708120142584e-03
0.000000000000000000e+00
2.865215155946401141e-03
2.414874270389257005e-03
4.029005773686142496e-03
7.653219387295572083e-04
2.212474218269543363e-03
2.575527828435146896e-02
8.510874477005313590e-03
7.589964716225612816e-06
2.958825217290056171e-03
1.186311932005230940e-02
5.997340595508900314e-03
3.948046894811788055e-02
6.278163828397170104e-03
1.006934325998785603e-03
1.884846202964572583e-04
8.686716603760927247e-03
9.955498754346426161e-04
6.324960666650855309e-04
2.101154735764841890e-03
3.734260654342171689e-03
0.000000000000000000e+00
4.030271264315801218e-03
3.941089223586063395e-01
1.367205594565084129e-02
1.264994119370919446e-06
0.000000000000000000e+00
4.141590250310243568e-03
2.529988238741870656e-06
1.264994119370919446e-06
3.288984710364429312e-05
9.715154836768000526e-04
0.000000000000000000e+00
1.467408073775717484e-04
2.903165476037757476e-03
4.658971355602370933e-03
3.162480333325427655e-04
8.627264859211575525e-04
2.075855846397856464e-03
2.656487650678969017e-05
0.000000000000000000e+00
8.045357634096427868e-04
2.732386304820785643e-03
3.679869879290730179e-03
3.192845157292201110e-03
1.891166704969657201e-03
5.059976477483741313e-06
0.000000000000000000e+00
4.223812882028513127e-03
2.666606114103328533e-03
1.570616400704835658e-02
2.876594641408671080e-03
8.514671941914400341e-03
1.065126041530614458e-03
2.788047039093499366e-03
9.271138425298197649e-03
0.000000000000000000e+00
4.427480410818615368e-03
1.855745876606942424e-03
1.984774780272585606e-03
4.819627594803199688e-03
5.617693569571407250e-19
3.162480333325441749e-04
2.269398457130986438e-03
1.343550055579786906e-02
8.586781075310211120e-03
2.029049574450585407e-03
2.833333580311931527e-02
6.700674346817954777e-03
2.894309027671585367e-03
4.718433030354571354e-04
3.783596914528243246e-03
3.837993151191714577e-03
0.000000000000000000e+00
6.213651114349999678e-03
1.319388369993642826e-03
1.264994119370919446e-06
1.011995295496748601e-05
1.691297534807095423e-02
2.066240848419276591e-02
4.727285010129928487e-03
5.946740830734097670e-03
4.288335029768572588e-04
2.085595457049730164e-02
2.264338977163743005e-03
2.212473721759385288e-03
8.852428847357797503e-03
2.771602612051857727e-03
3.851906596974243036e-03
6.663984055744127596e-03
4.002439407648871253e-03
2.909486474553155913e-05
2.894305552100285422e-03
1.657142296375000074e-04
5.059976477483741313e-06
2.182620555656495515e-02
0.000000000000000000e+00
6.324970596854693582e-06
5.059976477483741313e-06
4.933477065546644307e-05
2.852558263610099291e-03
5.898665592585870983e-03
4.933477065545998665e-04
1.119519299133042798e-03
3.364884357525999318e-04
0.000000000000000000e+00
