1.897392000000000053e+03
1.773395365408149189e+02
8.994166808446125927e+00
1.749433821388228978e+02
2.209315538653962296e-01
4.518490324547036797e-69
2.999250749076373370e-102
9.007757353556762325e+00
9.030823921948535116e+00
9.032230408918577425e+00
9.143964519834248961e+00
9.148404758113766633e+00
9.158400863370307121e+00
9.159769311223357136e+00
9.184558847247750180e+00
9.213159231866887566e+00
9.246556527546514914e+00
9.025890649763139706e+00
9.072096870137187352e+00
9.129699849882980445e+00
9.162426844481545984e+00
9.203395681356811409e+00
9.267883085739992310e+00
9.288722277994187593e+00
9.300540283648510709e+00
9.316747726975400212e+00
9.322424406042161493e+00
2.563673529323887701e-01
6.592250073541374888e+01
1.461131217950574701e+01
5.353474317617770836e-04
1.218902607822835716e-05
0.000000000000000000e+00
0.000000000000000000e+00
6.760699994585912975e+01
1.524323492507740809e+02
0.000000000000000000e+00
7.295970898497476931e+00
2.746981124875981006e+00
7.968950348748038778e+03
3.656943421577165676e+00
3.679584678887151683e-02
1.128794153143704307e+03
8.188415703255388367e-01
1.551286897071899817e+00
2.034039223476696989e+01
4.136617277921359914e+00
2.544928385065521326e-01
8.888397060410769823e-01
2.743838479524862706e+00
1.140864480635084632e+01
1.122386436488432171e+00
1.412807711360067628e+02
4.926254813140157296e+01
1.602637756076153863e+01
5.529829891213278614e+01
4.022418957382660309e+00
1.404452082641449984e+01
5.204243187445436014e+00
1.277370189767246922e+00
2.046289339690899567e+01
5.935698074134970748e-01
1.088128377015688812e+02
1.157288811296053410e+01
4.204257392739295440e+00
4.147744082735618321e+01
3.443641609043631924e+00
3.900569214850796218e+00
6.841865675418891124e-01
7.116751335633603048e+01
7.300486991000648684e-01
9.402889946830383039e+00
2.651895309811712664e+01
1.674039515893681340e+01
8.404740282883410574e-02
1.497720318032879916e-01
8.991057937479274187e+03
2.058279016035596598e+00
2.895362236704792647e+00
3.493588016307291877e-01
3.180388760954588195e-02
3.625796764219733209e-02
2.370399193829298996e-03
0.000000000000000000e+00
5.618749520538755426e+00
0.000000000000000000e+00
0.000000000000000000e+00
8.283829301573970572e-01
0.000000000000000000e+00
1.520858529112367741e+01
0.000000000000000000e+00
5.876761016412545245e-04
2.861977075020469361e-03
5.309700784949761577e-06
8.948956571408041327e+01
8.305620744485913559e-03
9.437198174542754214e-05
4.916513247619841209e+00
1.464706584470103124e-09
2.583576668205941098e-05
3.725119170682655491e-09
1.403322512973858593e+01
8.290087107076282485e-05
3.282601673593796363e+02
9.692224926661609526e-07
3.843139680706851857e-01
6.409434873338035743e+01
1.080302931405760974e-04
2.843961759540443110e-06
3.699587679732064771e+01
3.226997630296572208e-04
1.147722268024265446e+02
1.031094555695753772e-07
1.331970363789086124e-04
1.802379806643106697e-03
5.283473892907181835e+00
2.921105511411142830e-02
1.027173004159260622e-04
1.666344122571488491e-03
3.336111465668671208e-07
5.422544127965545401e-06
2.259971899899161144e+03
2.381676973707938921e-06
2.417176932051010041e-04
1.741557906839159114e+04
2.420228493356608654e-02
2.420219195275681856e-01
1.909572990670441186e+03
2.653716673512842694e-03
1.857657091763798701e-02
1.694148712630355949e-02
6.919661203135286931e-02
1.851640882793319464e-06
3.343206008292167186e-01
1.438038798730606832e-10
2.558487650107048190e-12
3.284644435581202466e-12
7.433216886647208647e-04
2.220338207817564185e-10
2.253215907166777054e-01
6.093563477179179344e+00
2.170589771674970838e-11
1.591994583273346770e-12
6.713548836702049135e-13
2.441932195309559130e-09
1.827196873197427338e-10
7.157941892049432755e-11
4.536457471578283381e-12
1.643574199562188651e-18
4.976692726056844359e-10
8.883928760183503701e-13
1.761760510812714590e-10
1.607509483920213876e-14
4.229863590459618956e-09
4.250871057255659415e-12
4.588485390078723369e-16
4.929033848717885559e-18
6.158489803225787462e-19
3.133161631662450813e-16
8.990150653249288130e-17
1.120211055789369310e-17
0.000000000000000000e+00
2.984362466230218303e+01
5.843898702600930051e+01
2.078326809584514902e-04
4.070216038713093260e-04
4.920972479975067686e-05
2.247831576108936409e-13
4.401602580353989843e-13
0.000000000000000000e+00
1.600075055171141258e+01
2.160542762982991020e-04
4.866910615896398618e+00
3.627251584930126643e-02
2.545469611841437614e-03
8.906369227423409640e-01
6.202422118409464285e-06
1.468581740957320711e-06
6.708200937143902519e-15
4.319450713092593306e-11
1.022740201660306360e-11
4.671681927546135606e-20
1.106139931687943279e-20
5.052635968068665767e-29
2.560202451951492097e-01
2.368684042990758590e-02
1.947819540673599414e+00
1.400352708774051970e-02
2.767062976835870032e-16
5.739184590244687149e-24
2.650394383756067708e-32
1.957041678756665889e-17
6.768127534452718526e-20
2.489978525109135101e-17
2.281703228485541759e-19
0.000000000000000000e+00
6.917190780429825607e-15
5.215852166499782187e-20
5.334530926721869648e-29
1.059830416817865723e-27
1.476060019196489641e-22
2.819660091842652562e-28
0.000000000000000000e+00
1.234894891456719030e-36
4.898009753608605273e-36
0.000000000000000000e+00
6.829061931022588405e-31
1.151920444578067562e-36
5.275015959311267736e-45
2.670378534087779575e-16
3.114874772975378864e-38
7.753641502577693562e-16
7.277243360805494452e-18
0.000000000000000000e+00
1.249274827189043261e-31
1.103162443001037074e-38
2.101934320782107683e-47
5.725147133608096929e-47
4.344288623061749035e-55
1.084971368029306991e-63
8.944953373885618046e-34
2.289749863986909330e-41
1.368785487861486458e-32
6.832608946912669342e-36
0.000000000000000000e+00
5.844563749250807128e+00
4.070216969191094495e-05
4.402129103027981298e-14
2.270420859043249679e-19
0.000000000000000000e+00
6.826064498237655064e-15
1.232793807439010054e-31
5.189616650181749081e-20
1.097464264736161595e-38
5.307805351317878443e-29
2.091279814086428864e-47
1.058879118046341899e-27
0.000000000000000000e+00
1.468502037579070524e-22
1.233635239135773182e-36
4.339370357406927504e-55
4.893773588184710775e-36
0.000000000000000000e+00
6.795189744885246874e-31
1.150782142676433115e-36
5.270065820143837606e-45
1.083923717042130361e-63
2.668314791211793879e-16
8.937417432475012336e-34
2.287373436700440270e-41
3.111581279818262204e-38
1.367262081807182394e-32
7.744880519607266430e-16
7.269958672212785343e-18
0.000000000000000000e+00
6.825575337109829399e-36
0.000000000000000000e+00
8.847108471613804242e-18
0.000000000000000000e+00
8.288461874503717059e-36
0.000000000000000000e+00
1.587526974751438772e-23
0.000000000000000000e+00
4.828628422348756646e-19
8.574334542475546585e-36
3.627785272044951503e-24
7.584582945045673642e-43
3.670790695308250036e-33
1.428284505833641585e-51
7.503639411228307657e-32
0.000000000000000000e+00
1.032284839735272822e-26
8.639450483596549624e-41
3.001494497202444590e-59
3.423839287548453947e-40
0.000000000000000000e+00
4.715849554415119598e-35
8.050405237786260979e-41
3.644466655399961490e-49
7.403104500503728712e-68
1.876735967179072353e-20
6.222348217638204680e-38
1.615851519447544220e-45
2.195007932157018108e-42
9.516598547164532008e-37
5.431524427755449931e-20
5.168641475317814093e-22
0.000000000000000000e+00
4.841005594530252070e-40
0.000000000000000000e+00
1.190142339529777901e-18
0.000000000000000000e+00
1.003686247230660569e-13
1.746743667253016688e-30
2.717499443674918291e-19
5.601129796090963707e-38
2.715173061805767032e-28
1.041053118764019763e-46
4.619790761972609491e-28
0.000000000000000000e+00
7.786375240203728542e-22
5.292721890486008543e-37
1.829470882162098379e-55
2.097298939545722256e-36
0.000000000000000000e+00
3.501794412947472913e-30
4.930177608145321284e-37
2.221886777043710922e-45
4.491408392565507147e-64
1.162453958744141587e-16
3.837372607883413001e-34
9.934093394174234326e-42
1.348359524571680848e-38
5.862871823289934915e-33
3.356624081338613491e-16
1.483358598983672139e-17
0.000000000000000000e+00
1.231676457721896072e-35
0.000000000000000000e+00
1.191196353302835421e-18
0.000000000000000000e+00
1.004556515224337138e-13
1.748287759818201535e-30
2.719907443482879605e-19
5.606159962309412627e-38
2.717608496222330769e-28
1.042000433706425551e-46
4.626380889508634762e-28
0.000000000000000000e+00
7.793230366751517887e-22
5.300336663059160784e-37
1.832126723406448985e-55
2.100318068399865658e-36
0.000000000000000000e+00
3.504923315703506321e-30
4.937275994315928519e-37
2.225112244320015966e-45
4.497987191589564752e-64
1.164113248317722174e-16
3.842890816074618748e-34
9.948297338339487784e-42
1.350289616904091000e-38
5.871308151065810951e-33
3.361427877214598962e-16
1.483468648489712678e-17
0.000000000000000000e+00
1.231777180802105149e-35
0.000000000000000000e+00
1.888628799809862092e-17
0.000000000000000000e+00
1.567003947022380719e-35
0.000000000000000000e+00
7.980497073256829558e-23
0.000000000000000000e+00
2.666665590617530437e-18
4.812283323461254036e-35
1.621584304473705353e-23
3.427157722936369142e-42
2.279124438851107132e-32
8.976067612209055822e-51
2.895359790366838457e-31
0.000000000000000000e+00
4.589307093638684722e-26
4.335174610323158334e-40
1.524292783344821135e-58
1.910758104816386184e-39
0.000000000000000000e+00
2.917851394512292861e-34
4.043610038366049255e-40
2.468148771683037461e-48
5.074293407804502458e-67
2.084244141716582858e-20
6.979185133897201784e-38
8.932578277639137213e-46
1.215154440174889272e-42
4.270627938860726390e-36
2.419724402923612084e-19
1.728230155578622326e-21
0.000000000000000000e+00
1.619217077426167239e-39
0.000000000000000000e+00
4.189666470656121740e-22
0.000000000000000000e+00
3.925812287818213171e-17
6.832202338140394644e-34
8.503540754822871554e-23
1.752693435196585732e-41
1.168229658572607262e-31
4.479256171329775701e-50
1.265600600171197501e-31
0.000000000000000000e+00
2.436495805129420123e-25
1.864213227952048256e-40
6.443833482996294010e-59
8.207986789808927071e-40
0.000000000000000000e+00
1.506689184524959346e-33
1.736526381722321092e-40
1.043468801131109548e-48
2.109308370037210408e-67
9.098757313639927483e-21
3.003587442516292542e-38
3.887617660435495347e-46
5.276683105733789441e-43
1.835505475203082494e-36
1.050867592401671548e-19
3.690382139837839092e-21
0.000000000000000000e+00
3.061915558797194563e-39
0.000000000000000000e+00
4.160514511340987308e-20
0.000000000000000000e+00
1.250102713511064134e-15
2.258213599916851089e-32
7.132035456270386605e-21
1.507235506024263580e-39
7.292142484175558197e-30
2.872462148457842163e-48
1.455287651905268888e-28
0.000000000000000000e+00
2.018489937862692768e-23
1.129971036211406834e-37
3.973746596572687357e-56
6.724495832346046854e-37
0.000000000000000000e+00
9.337705217660862390e-32
1.054175368107295747e-37
4.826559379375137133e-46
9.924441552472478145e-65
4.889857589503895245e-17
1.637506559426259593e-34
5.239159398878071847e-42
7.126118519101484218e-39
1.252343413454852777e-33
2.128550232885623761e-16
6.080686041305866935e-19
0.000000000000000000e+00
5.696139636625088510e-37
0.000000000000000000e+00
5.007300974969752412e-20
0.000000000000000000e+00
7.532564118882196245e-16
1.356935579226818791e-32
2.862849921606632168e-20
6.042905156886968658e-39
1.167971372074816057e-29
4.592993399955039303e-48
7.006569972030267929e-28
0.000000000000000000e+00
8.077466877186132135e-23
8.146665422626917073e-37
2.860296811808484554e-55
1.615836299891951455e-36
0.000000000000000000e+00
1.497954513111564089e-31
7.603568841307296448e-37
1.735510651317219121e-45
3.569922994609923255e-64
8.838712642204537890e-17
2.955740267878538934e-34
7.500845291107515786e-42
1.020188442700590433e-38
1.053352745413157620e-32
6.827198034111512217e-16
5.093477700998303630e-18
0.000000000000000000e+00
4.770039181103491720e-36
0.000000000000000000e+00
4.630540741084399349e-20
0.000000000000000000e+00
6.961250991578132099e-16
1.256881991314655011e-32
2.646443810689971096e-20
5.595557795169480786e-39
1.082349746627097367e-29
4.264292433184033112e-48
6.479972892965732025e-28
0.000000000000000000e+00
7.489240448503548987e-23
7.547007704999801536e-37
2.654599684888789539e-55
1.497131508562773534e-36
0.000000000000000000e+00
1.385905700593010173e-31
7.040873068134073798e-37
1.611972869555179753e-45
3.314816228944845211e-64
8.164280441796223442e-17
2.734189934946296657e-34
6.993335121918034651e-42
9.513086493744990864e-39
9.752741362760725681e-33
6.314353786041841943e-16
4.737234442909945065e-18
0.000000000000000000e+00
4.437949288673534581e-36
0.000000000000000000e+00
6.716215719017603091e-22
0.000000000000000000e+00
6.293268587012616698e-17
1.095217022800884308e-33
1.363161839240060269e-22
2.809625541498955083e-41
1.872701387661921124e-31
7.180311217719712628e-50
2.028830845272011442e-31
0.000000000000000000e+00
3.905851656664363896e-25
2.988387067655434781e-40
1.032957945375681634e-58
1.315770702077860572e-39
0.000000000000000000e+00
2.415283468676660574e-33
2.783715455501319470e-40
1.672699042958842113e-48
3.381215063171772756e-67
1.458582034445345405e-20
4.814869205821655833e-38
6.231751711712783313e-46
8.458374539595200503e-43
2.942241768979628405e-36
1.684511677564949545e-19
5.915865738961768616e-21
0.000000000000000000e+00
4.908396486116196573e-39
0.000000000000000000e+00
6.460702837418628693e-21
0.000000000000000000e+00
2.158830611237476050e-16
3.895835957253223735e-33
1.312772305165158803e-21
2.774492468182020213e-40
1.845089807488691402e-30
7.266667685373801388e-49
2.343972339565687079e-29
0.000000000000000000e+00
3.715327495986201808e-24
3.509588946568959825e-38
1.234007408048590883e-56
1.546875432716484929e-37
0.000000000000000000e+00
2.362178169586452780e-32
3.273549052200182161e-38
1.998115859797334413e-46
4.107945045069235796e-65
1.687323716012285956e-18
5.650076809794010938e-36
7.231470173122343196e-44
9.837421141530978624e-41
3.457334208710348264e-34
1.958915521845438726e-17
1.399109285021050880e-19
0.000000000000000000e+00
1.310856602371996850e-37
0.000000000000000000e+00
3.780833341242955734e-19
0.000000000000000000e+00
1.135984723780694843e-14
2.052095991898418714e-31
6.481158133175707683e-20
1.369638900494116241e-38
6.626556258469274534e-29
2.610252111848262508e-47
1.322479896587330246e-27
0.000000000000000000e+00
1.834295201687941348e-22
1.026837147998220201e-36
3.611015456347450203e-55
6.110772394424442420e-36
0.000000000000000000e+00
8.485502626840016340e-31
9.579636044554387024e-37
4.386006752441632344e-45
9.018461445319897707e-64
4.443624967195211664e-16
1.488059121222235856e-33
4.761049073800339594e-41
6.475770492651623692e-38
1.138044029578200677e-32
1.934296714745512382e-15
5.525818774464511068e-18
0.000000000000000000e+00
5.176336692694486215e-36
0.000000000000000000e+00
4.955769793058495692e-19
0.000000000000000000e+00
7.455079229385554450e-15
1.342955661661031429e-31
2.833395658392591508e-19
5.980661966328991625e-38
1.155934510167891090e-28
4.545599384858910489e-47
6.934460375927029004e-27
0.000000000000000000e+00
7.994194080806447862e-22
8.062726022631929080e-36
2.830789587554268002e-54
1.599185959597068676e-35
0.000000000000000000e+00
1.482533786370110224e-30
7.525247957331930055e-36
1.717597309480960300e-44
3.533082897412171406e-63
8.747822316340915232e-16
2.925315760757213218e-33
7.423224017672161891e-41
1.009630081796567761e-37
1.042503586972823323e-31
6.756931465547558275e-15
5.041133602968421046e-17
0.000000000000000000e+00
4.721016654916246832e-35
0.000000000000000000e+00
0.000000000000000000e+00
0.000000000000000000e+00
0.000000000000000000e+00
0.000000000000000000e+00
0.000000000000000000e+00
0.000000000000000000e+00
0.000000000000000000e+00
0.000000000000000000e+00
0.000000000000000000e+00
0.000000000000000000e+00
0.000000000000000000e+00
0.000000000000000000e+00
0.000000000000000000e+00
0.000000000000000000e+00
0.000000000000000000e+00
0.000000000000000000e+00
0.000000000000000000e+00
0.000000000000000000e+00
0.000000000000000000e+00
0.000000000000000000e+00
0.000000000000000000e+00
0.000000000000000000e+00
0.000000000000000000e+00
0.000000000000000000e+00
0.000000000000000000e+00
0.000000000000000000e+00
0.000000000000000000e+00
0.000000000000000000e+00
0.000000000000000000e+00
1.596711777559348899e+00
7.183296910181516620e-05
5.581261612591888799e+00
7.004325342449212144e+01
1.016110126330680014e-01
1.987881986317870942e+00
2.337406192543145167e+01
2.671179717173460116e-02
1.593122215098048855e+01
3.877262975387842925e+00
3.410885114975069861e-11
3.570933726732467672e+00
2.194809904475941412e-10
9.823054974380443212e-12
0.000000000000000000e+00
0.000000000000000000e+00
1.270429629188052050e-12
4.200439661426428641e-03
5.336360234652735549e-17
1.552643144707126766e+01
1.619124598081876002e+03
1.901333576022539162e+00
0.000000000000000000e+00
2.470018269351658091e+01
1.262533991679326562e+00
1.933151273658748837e+00
2.794932723622024426e-02
8.312784886916761706e-02
4.627332634697245908e+02
1.185655870130604370e+02
3.038263205761301720e+02
2.172594430660300183e-11
7.898208139437336683e+00
1.421684454506050486e+02
1.127231932069223035e+02
2.207562125798839503e+01
5.601904191380757680e+01
8.686164281458546010e-14
1.394931502699372392e-11
1.415253374346657482e-09
2.548239193637803220e-09
1.737014755632355190e+01
4.425552840874524419e-09
6.467211919731141734e-01
1.899496306156542302e-01
9.502424131300551968e-02
2.462773487416434648e+02
1.696554186670531685e-13
9.996342818169248858e+03
3.509027210969112076e+00
4.612720446380358941e-01
7.981351093978578115e-01
2.506967267813483602e+01
8.146131576918826112e-02
8.146545182168889454e-01
9.700424849248511450e+00
3.403676024368114117e-01
9.031835522494163770e-02
6.808556116744272912e-02
4.160573574190096657e+00
2.710363153048521045e+00
8.437232004707492447e-03
1.886356570067817700e+02
1.396350339435465138e+01
4.682929903508258745e-02
4.669486427637695170e-01
6.928237243036378112e-01
2.185662373344484100e-01
2.036086006903012446e+01
2.586109181635917728e-13
7.860039801607461604e-11
3.393383449996512127e+02
0.000000000000000000e+00
3.614971829832163763e+01
3.120534432549192161e+01
2.154257973229668721e+02
2.653312160035386502e-01
9.469199414220347277e-01
7.320000142990056702e+01
0.000000000000000000e+00
6.835483966757034269e-12
2.706686902623980728e+01
8.053204955361951708e-11
3.185039744022714059e-01
2.835411096966885326e-11
4.566026129411640414e-04
1.989947871928728074e-02
2.472544187616499967e-01
7.854606126714099449e-17
4.920151264440344313e-02
0.000000000000000000e+00
6.410997854211591962e-01
1.642683300323414808e-01
5.491600849635752013e+00
4.740491998019913389e+00
2.207580155683993084e+01
4.422587595911604097e-15
1.122512806429966407e-14
7.205747270850103801e-11
1.828717594185311321e-10
7.977746353627568136e-14
1.471469011447773057e-03
9.055307111327453402e-04
8.159847812290926599e-04
1.397020141382125102e-01
1.902005374057552959e-03
5.029508659977327545e-02
0.000000000000000000e+00
2.844248350327449300e-14
2.417077687864838565e-13
9.825132595154618172e-04
3.462302938157337576e-14
6.161760150838235748e-13
0.000000000000000000e+00
1.801692321060755795e-12
4.302023984570146203e-02
1.850774678706944884e-04
7.785592065726677823e-04
1.994893569723100969e-04
1.173658730258858895e+02
3.728175108573212881e+00
3.735820109896029750e-01
8.643389052448739562e+00
2.214689370801942392e+00
7.959236093479843177e+00
0.000000000000000000e+00
0.000000000000000000e+00
0.000000000000000000e+00
0.000000000000000000e+00
5.803298769711285132e+01
6.810952727294267106e+01
0.000000000000000000e+00
0.000000000000000000e+00
0.000000000000000000e+00
0.000000000000000000e+00
0.000000000000000000e+00
2.958823231249328028e-03
3.722877196798442864e-03
0.000000000000000000e+00
8.665219647894144631e-04
5.452120185896985709e-03
5.376216566653199691e-03
5.376216566653199691e-03
5.376216566653199691e-03
5.376216566653199691e-03
2.588177372420701408e-02
3.794982358112791161e-06
1.357970938889601492e-02
5.376216566653199691e-03
5.376216566653199691e-03
5.376216566653199691e-03
5.376216566653199691e-03
5.376216566653199691e-03
5.376216566653199691e-03
5.376216566653199691e-03
5.376216566653199691e-03
5.376216566653199691e-03
5.376216566653199691e-03
5.376216566653199691e-03
5.376216566653199691e-03
5.376216566653199691e-03
5.717773419555999964e-04
9.420411206955300182e-03
4.703248135821100177e-03
1.498765032630679922e-02
2.770337121422000162e-04
2.087240296962000101e-04
1.677381705775643148e-03
3.404096196165956427e-03
3.682399371019272425e-03
1.816533541457429190e-03
0.000000000000000000e+00
6.660191555936913893e-03
3.679866403719429368e-03
3.712757740353599730e-03
1.397818005394642522e-03
1.579978151604457832e-03
3.397772715099758867e-02
4.083402010349714874e-03
7.589964716225612816e-06
4.540065383952769998e-03
1.502559965337773966e-02
5.364844528843815651e-03
4.675417371476636719e-02
6.594411861729713303e-03
0.000000000000000000e+00
1.884846202964572583e-04
1.216544497041889723e-02
3.162480333325427655e-04
6.324960666650855309e-04
3.682394902427555718e-03
2.785516554344542959e-03
2.023990590993499574e-05
3.081527164318172921e-03
4.048613554919127666e-01
1.746703234564135968e-02
1.264994119370919446e-06
0.000000000000000000e+00
6.987822550303128891e-03
2.529988238741870656e-06
1.264994119370919446e-06
3.288984710364429312e-05
9.715154836768000526e-04
3.162480333325427655e-04
1.095484907375200018e-03
4.484405642700471303e-03
3.393979222272200304e-03
0.000000000000000000e+00
8.627264859211575525e-04
3.340847979728027960e-03
2.656487650678969017e-05
6.324960666650855309e-04
8.045357634096427868e-04
3.681130404818413505e-03
9.056086445943956759e-03
2.560349090627115579e-03
2.839910804967285714e-03
5.059976477483741313e-06
0.000000000000000000e+00
1.377580582035629105e-03
2.034110047438243002e-03
1.317617974038801446e-02
2.244098574743585549e-03
7.249679808584229279e-03
7.488780081980716923e-04
4.685535239088756826e-03
1.085237859196091191e-02
6.324960666650855309e-04
6.324968610813871094e-03
1.855745876606942424e-03
1.668526746940042840e-03
6.400867761465913082e-03
6.324960666650855309e-04
3.162480333325441749e-04
1.320654357133359443e-03
1.185426038913515480e-02
1.143301337530309644e-02
1.712801541118042425e-03
2.706834366978914247e-02
6.700674346817954777e-03
3.843053127669213663e-03
4.718433030354571354e-04
3.151100847863157715e-03
4.154241184524257342e-03
1.177709525134300501e-03
4.948658981019827749e-03
1.003140336661100061e-03
1.264994119370919446e-06
1.011995295496748601e-05
2.070795174806146915e-02
1.149121551754902874e-02
9.154757476785527204e-03
8.476725097394438926e-03
7.450815363093994280e-04
2.749716327048069495e-02
9.993468438335719427e-04
2.212473721759385288e-03
1.138241311401813963e-02
2.455354578719314961e-03
3.219410530309157505e-03
6.031487989079042066e-03
3.686191374316328921e-03
2.909486474553157946e-05
2.261809485435200759e-03
1.657142296375000074e-04
5.059976477483741313e-06
2.467243785655784047e-02
1.581240166662713827e-03
6.324970596854693582e-06
5.059976477483741313e-06
0.000000000000000000e+00
9.550700636148428064e-04
4.949921492588242253e-03
1.770996732220571823e-04
4.870232324679572128e-04
2.024040242005716297e-05
0.000000000000000000e+00
