1.897392000000000053e+03
2.201116307077421652e+02
5.255082942858495088e+00
2.631096347929575359e+02
2.546292245144873956e+00
5.090871777476641909e-70
8.207996815797606281e-102
5.259872559280236004e+00
5.268454057590425066e+00
5.268979037781687857e+00
5.335934114116088089e+00
5.338643625181911823e+00
5.345010961294937246e+00
5.345887793662761567e+00
5.363827084848690419e+00
5.388179482170814438e+00
5.424043772033189548e+00
5.266772011522282249e+00
5.286229909189708032e+00
5.316543747331741621e+00
5.336453933267029548e+00
5.367479894813679486e+00
5.450217544868531050e+00
5.483420229907408405e+00
5.505230296150652514e+00
5.544512776427388268e+00
5.559949842286388666e+00
2.206120164527476113e-01
6.090855105198961894e+01
1.478859745024902850e+01
4.808010074351326351e-04
1.282948386409237028e-05
0.000000000000000000e+00
0.000000000000000000e+00
6.140688788077083871e+01
1.525974060361239424e+02
0.000000000000000000e+00
7.951522743532120963e+00
1.390627734757640122e+00
7.964984085050497015e+03
3.815866715546064381e+00
3.797650361602708524e-02
1.130163477347740354e+03
7.317063161309880215e-01
1.566167140497325194e+00
2.096147726295798108e+01
4.283613870816749269e+00
2.547048203559600377e-01
8.891669660398280328e-01
2.745082013097182472e+00
1.140848619506547124e+01
1.122307146924790944e+00
1.412834769473196559e+02
4.930160562051014495e+01
1.602470347378143245e+01
5.529830584171853758e+01
4.023467362901874012e+00
1.404886682709059009e+01
5.190101760007670428e+00
1.273284034107740936e+00
2.045151061421751848e+01
5.913035430011434057e-01
1.088174299837340442e+02
1.154558165769856970e+01
4.204641972735430500e+00
4.139794762910514692e+01
3.443569706946834952e+00
3.900507646346896173e+00
6.841772199089364292e-01
7.116751708287505096e+01
7.300379984820424273e-01
9.402875925065799834e+00
2.651895863855250113e+01
1.674039241278338608e+01
8.400673258205418326e-02
1.497720318032879916e-01
8.997429759493414167e+03
2.155102391915587834e+00
2.897371477889204350e+00
3.643975352439393078e-01
3.183233233443723276e-02
3.617823541476727217e-02
2.371791505988029083e-03
0.000000000000000000e+00
4.547922256058703816e+00
0.000000000000000000e+00
0.000000000000000000e+00
8.881597990259201270e-01
0.000000000000000000e+00
1.538453261679060446e+01
0.000000000000000000e+00
6.008254187228524333e-04
2.861847846020881651e-03
5.428662423295965132e-06
8.525879100722923454e+01
8.090936883186213360e-03
5.799829682897220486e-05
4.842696926078335906e+00
8.866432114648698430e-10
1.730938159416006526e-05
2.524629763623819909e-09
2.225557208643156315e+01
8.080040592483626427e-05
3.256922653053565568e+02
5.909916624073032775e-07
3.679170761399425671e-01
6.181832733723339857e+01
1.065536387318268913e-04
2.501188633848656746e-06
4.213604531267273501e+01
3.233122162134729853e-04
1.168629918808489236e+02
9.233359223747316493e-08
1.094882187524431135e-04
1.471260147709573581e-03
6.017742029780253077e+00
2.715853106793300956e-02
6.844230038072553494e-05
1.261335362368579517e-03
1.481115144751730760e-07
2.720677291267837695e-06
2.259987309008223747e+03
1.057373093352200053e-06
1.040235921271763552e-04
1.754413236584683546e+04
1.049234684921804966e-02
1.048687791843257722e-01
1.828535831995106037e+03
1.093564060017449338e-03
7.290363895949765125e-03
7.338927033678623556e-03
8.786866832093276347e-02
1.018537754853000313e-06
3.806759682552105506e-01
8.067525300163494116e-11
6.869525906872256483e-13
8.145833766253528310e-13
2.553949394683534138e-04
9.257219751316972536e-11
1.232645841639674056e-01
6.086866046012650244e+00
1.516305995978747867e-11
1.496162194329263731e-12
7.649007436494002441e-13
1.945992823179174352e-09
1.988044272132676904e-10
1.009082311806762244e-10
4.904329017360515501e-12
1.809296483901283568e-18
6.372829393253561060e-10
9.393500212972675995e-13
1.879450646508292489e-10
1.192835876901200048e-14
2.887170621691714158e-09
2.904222672717671615e-12
8.358645323840099457e-16
4.866041260924294921e-18
6.079933097203388713e-19
2.428857949187430928e-16
2.688635382761171456e-17
1.579435912334201990e-17
0.000000000000000000e+00
2.635384538798810183e+01
5.046713408972514259e+01
2.115711104429063099e-04
4.052314542360731632e-04
4.963537420000260336e-05
2.257421489341645880e-13
4.323185811447746981e-13
0.000000000000000000e+00
1.390983518355400328e+01
2.160542568944389644e-04
2.024796454746939478e+00
4.173305278659183992e-02
3.530114260671805317e-03
6.945129058954950807e-01
5.575627625931456906e-06
1.308062072169662261e-06
5.949013580171114336e-15
4.476244300109976628e-11
1.050142833683216825e-11
4.776007278565794033e-20
1.120468294620993181e-20
5.095844640893916908e-29
1.934818139564607187e-01
4.099773982968321455e-03
1.844161025649720731e+00
4.744384446024873386e-02
4.767996788662463810e-16
6.136109596543750688e-24
2.854146420790155174e-32
1.917168630955585253e-17
5.245725115321016913e-20
8.437756351851098029e-18
4.058744537829930213e-19
0.000000000000000000e+00
1.041175176976799768e-14
9.177650837955027709e-20
9.241795367560101994e-29
1.155081410416693425e-27
1.381769543303816807e-22
3.042798376637705700e-28
0.000000000000000000e+00
1.325907577516288577e-36
5.371196885399893737e-36
0.000000000000000000e+00
6.452508244112916770e-31
1.249992547029390833e-36
5.697700870795853086e-45
2.274886609802197952e-16
1.571804199436966359e-38
1.166695083802375191e-16
6.262616683970978681e-18
0.000000000000000000e+00
3.489462385746425540e-31
1.915959707502624795e-38
3.642522423941699111e-47
6.186236995630096513e-47
4.669647407293026712e-55
1.178603491596316602e-63
7.859718210899151602e-34
1.375322643607357431e-41
7.137461107314654031e-34
6.480231265688115276e-36
0.000000000000000000e+00
5.047606531236133343e+00
4.052318048625567939e-05
4.323696344965867228e-14
4.036390824759116973e-19
0.000000000000000000e+00
1.025807199549788591e-14
3.438009206648383166e-31
9.126280293905488002e-20
1.904966635791333014e-38
9.190225013596305919e-29
3.621994653477514637e-47
1.153986207613826135e-27
0.000000000000000000e+00
1.373809091731605880e-22
1.324463812270311138e-36
4.663990486400139866e-55
5.366232317386659530e-36
0.000000000000000000e+00
6.416656099011933609e-31
1.248668550088920929e-36
5.691938929466227242e-45
1.177389773995638053e-63
2.273006795158954798e-16
7.852594810579027399e-34
1.373506125222240006e-41
1.569676875541448611e-38
7.129970865019685800e-34
1.165404565967827443e-16
6.253016388430871584e-18
0.000000000000000000e+00
6.466670795043357581e-36
0.000000000000000000e+00
6.991652434576209492e-18
0.000000000000000000e+00
6.902133420241570554e-36
0.000000000000000000e+00
2.839583359161094655e-23
0.000000000000000000e+00
7.266344326392976489e-19
2.412867631250382344e-35
6.420663471640993139e-24
1.326041727484007422e-42
6.396010048553090748e-33
2.493082477790993420e-51
8.231182108975064405e-32
0.000000000000000000e+00
9.670979163493041703e-27
9.338477020348867896e-41
3.249937584824294981e-59
3.776940603541660528e-40
0.000000000000000000e+00
4.457260045394221063e-35
8.790166351373961882e-41
3.960445310374117540e-49
8.100604498625745881e-68
1.605863312134279866e-20
5.488788729998910269e-38
9.518709683091902550e-46
1.085106616020673296e-42
5.049703086336446995e-38
8.266760158982254007e-21
4.283055945406318465e-22
0.000000000000000000e+00
4.212682768420493202e-40
0.000000000000000000e+00
2.399599903288256419e-18
0.000000000000000000e+00
1.692733810951387311e-13
5.556256586282871888e-30
5.421470816331984388e-19
1.104329925230551197e-37
5.334290009188057191e-28
2.050354761044704942e-46
5.546131757529777869e-28
0.000000000000000000e+00
8.169828921017138298e-22
6.261167288881842621e-37
2.168408005402795580e-55
2.531472546502335128e-36
0.000000000000000000e+00
3.706223601461888948e-30
5.890793890976118288e-37
2.641911430773557024e-45
5.379733518894052259e-64
1.087634189093744729e-16
3.700185997873941420e-34
6.333014294493481424e-42
7.214498997156988594e-39
3.420652546374110196e-34
5.603553145858094726e-17
1.204438503369980356e-17
0.000000000000000000e+00
8.673099895461519812e-36
0.000000000000000000e+00
2.401711141253745420e-18
0.000000000000000000e+00
1.694201709935172040e-13
5.561127268040277381e-30
5.426242629100638668e-19
1.105314318081988132e-37
5.339041842968963411e-28
2.052205370331390723e-46
5.554006109359101060e-28
0.000000000000000000e+00
8.177015802303939403e-22
6.270131539272228511e-37
2.171539089540343103e-55
2.535100787078670343e-36
0.000000000000000000e+00
3.709533602291892933e-30
5.899236671089811624e-37
2.645729486253802198e-45
5.387571374098807007e-64
1.089181659375639719e-16
3.705491806600074953e-34
6.342198070238090542e-42
7.224978254831188499e-39
3.425512867672403552e-34
5.611506163984723438e-17
1.204539338442947840e-17
0.000000000000000000e+00
8.674080901514477307e-36
0.000000000000000000e+00
1.469651241151186643e-17
0.000000000000000000e+00
1.055259629663382078e-35
0.000000000000000000e+00
1.428405171025899404e-22
0.000000000000000000e+00
4.033798820774066178e-18
1.351251387758393705e-34
2.871050050515601440e-23
5.989481792745667935e-42
3.973030498658407328e-32
1.565271151276918358e-50
3.176955221100686544e-31
0.000000000000000000e+00
4.321856530667216949e-26
4.686188905805646742e-40
1.649561390015004937e-58
2.109490426567776989e-39
0.000000000000000000e+00
2.773531453069386195e-34
4.417479369543145673e-40
2.683900052630736097e-48
5.549665574872215139e-67
1.787456206894918769e-20
6.173412331218483445e-38
5.396001371860232166e-46
6.166551886657999658e-43
2.243025939426871304e-37
3.666473494449102659e-20
1.373231614617987495e-21
0.000000000000000000e+00
1.353546087362708262e-39
0.000000000000000000e+00
8.502889905646970479e-22
0.000000000000000000e+00
6.664497343606697360e-17
2.187565332794761521e-33
1.707633326789116742e-22
3.478374583991977097e-41
2.310226331281904356e-31
8.879923574771853332e-50
1.529366972632672656e-31
0.000000000000000000e+00
2.573300234851256381e-25
2.219826389398823022e-40
7.687887379565029057e-59
9.972331703349953362e-40
0.000000000000000000e+00
1.605135963669684090e-33
2.088525734883536405e-40
1.248886589557044801e-48
2.543112194421584204e-67
8.569122140092904089e-21
2.915258331960987952e-38
2.494669683072903252e-46
2.841899791387429938e-43
1.077957178177285769e-37
1.765859069053348660e-20
2.890568522140059490e-21
0.000000000000000000e+00
2.075474514401265887e-39
0.000000000000000000e+00
7.576650216022459098e-20
0.000000000000000000e+00
1.924117104621625947e-15
6.451268964657833410e-32
1.284756445464428451e-20
2.680004612587663626e-39
1.293343462302223434e-29
5.096272046569637440e-48
1.624648778922881524e-28
0.000000000000000000e+00
1.934115655287252235e-23
1.242738723049782387e-37
4.375174949529127316e-56
7.553281778732429919e-37
0.000000000000000000e+00
9.031177548487026015e-32
1.171710768223572109e-37
5.339914889565764255e-46
1.104310850538728450e-64
4.266738974571069356e-17
1.473728800264617255e-34
3.220978110307613443e-42
3.680464458378358368e-39
6.691310468751903690e-35
3.281283676928031689e-17
4.918293628152508587e-19
0.000000000000000000e+00
4.849846639889486184e-37
0.000000000000000000e+00
1.065159683420207154e-19
0.000000000000000000e+00
1.353178161551812430e-15
4.529595004901177675e-32
6.024363774233501040e-20
1.255347397309523704e-38
2.419880034601360966e-29
9.521395929333548541e-48
9.138292246152432393e-28
0.000000000000000000e+00
9.035068904689375310e-23
1.046787208612237179e-36
3.679660727774942988e-55
2.120259812304686289e-36
0.000000000000000000e+00
1.691093231848993567e-31
9.873116855451382284e-37
2.243116778680283437e-45
4.641377412163576777e-64
9.007738252364680015e-17
3.106749605848319084e-34
5.369061352694070882e-42
6.133288083666370855e-39
6.585130088607503378e-34
1.230386186427469898e-16
4.785321619155574442e-18
0.000000000000000000e+00
4.684946123902055236e-36
0.000000000000000000e+00
8.238106136698055724e-20
0.000000000000000000e+00
1.046774670461417755e-15
3.507796624827252151e-32
4.657298144527513628e-20
9.719848081803046449e-39
1.875385998582221651e-29
7.391037285555635302e-48
7.067174423623548802e-28
0.000000000000000000e+00
7.010840811674841344e-23
8.108649387950688978e-37
2.855315443368296240e-55
1.642856057781804752e-36
0.000000000000000000e+00
1.309532393173449281e-31
7.645340727914307095e-37
1.742277929209893334e-45
3.603335045254128544e-64
6.959616158032595176e-17
2.403983661542641273e-34
4.200823923053735594e-42
4.800633150060649601e-39
5.090376121597704332e-34
9.509094556210798822e-17
3.744141267118968298e-18
0.000000000000000000e+00
3.693335572305815675e-36
0.000000000000000000e+00
1.353834173684384986e-21
0.000000000000000000e+00
1.061122032989009578e-16
3.483011499356708097e-33
2.718917556346417326e-22
5.538254890472858804e-41
3.678313362997477761e-31
1.413842423635423208e-49
2.435089897391877233e-31
0.000000000000000000e+00
4.097246421324859793e-25
3.534390449478492488e-40
1.224052131357698719e-58
1.587794229999109601e-39
0.000000000000000000e+00
2.555687128166637265e-33
3.325349909133098726e-40
1.988453202644933372e-48
4.049047266814234488e-67
1.364389402688674715e-20
4.641669962887931207e-38
3.971752211085034091e-46
4.524565000162283932e-43
1.716260429715160839e-37
2.811502061373090028e-20
4.602338722230512670e-21
0.000000000000000000e+00
3.304478607108511253e-39
0.000000000000000000e+00
1.148556328255737577e-20
0.000000000000000000e+00
3.243509495850868346e-16
1.086517535225884374e-32
2.308562903808823507e-21
4.816036888002031195e-40
3.194643810803995075e-30
1.258606227983506779e-48
2.554536611620518940e-29
0.000000000000000000e+00
3.475131875715030852e-24
3.768083792994612060e-38
1.326383071824035474e-56
1.696204729414642697e-37
0.000000000000000000e+00
2.230147162771390721e-32
3.552018375366484175e-38
2.158076107107416364e-46
4.462384369437033208e-65
1.437263098169997388e-18
4.963933497637266741e-36
4.338827153850946826e-44
4.958412728420297744e-41
1.803579365019792822e-35
2.948149835452640450e-18
1.104190494959431722e-19
0.000000000000000000e+00
1.088359020436020564e-37
0.000000000000000000e+00
6.885206431536338282e-19
0.000000000000000000e+00
1.748457561522274495e-14
5.862433998301666577e-31
1.167506787278860667e-19
2.435344429031978516e-38
1.175292717086436776e-28
4.631064899881434952e-47
1.476384774534519933e-27
0.000000000000000000e+00
1.757609969972804335e-22
1.129312290223823105e-36
3.975802498311072315e-55
6.863910674327923584e-36
0.000000000000000000e+00
8.206895405704004176e-31
1.064771131440706275e-36
4.852500996622443167e-45
1.003501179187209758e-63
3.877360372812141502e-16
1.339224805520220128e-33
2.926970620811006875e-41
3.344490903046347130e-38
6.080664335285332579e-34
2.981842569515248508e-16
4.469317325146961698e-18
0.000000000000000000e+00
4.406888569948344431e-36
0.000000000000000000e+00
1.054192285154126070e-18
0.000000000000000000e+00
1.339243324098742901e-14
4.482915209344840518e-31
5.962353306497650894e-19
1.242412212844116980e-37
2.394929447637768800e-28
9.423116920903251141e-47
9.044206179977619908e-27
0.000000000000000000e+00
8.941834152166062332e-22
1.035997631629635301e-35
3.641689058020598618e-54
2.098401776417703963e-35
0.000000000000000000e+00
1.673666387901075461e-30
9.771374777372471378e-36
2.219954134012155024e-44
4.593465572777338346e-63
8.915054275127679108e-16
3.074750461648068684e-33
5.313343544280021624e-41
6.069622760085267248e-38
6.517350560535734577e-33
1.217723771138329941e-15
4.736073100440931926e-17
0.000000000000000000e+00
4.636680585719232837e-35
0.000000000000000000e+00
0.000000000000000000e+00
0.000000000000000000e+00
0.000000000000000000e+00
0.000000000000000000e+00
0.000000000000000000e+00
0.000000000000000000e+00
0.000000000000000000e+00
0.000000000000000000e+00
0.000000000000000000e+00
0.000000000000000000e+00
0.000000000000000000e+00
0.000000000000000000e+00
0.000000000000000000e+00
0.000000000000000000e+00
0.000000000000000000e+00
0.000000000000000000e+00
0.000000000000000000e+00
0.000000000000000000e+00
0.000000000000000000e+00
0.000000000000000000e+00
0.000000000000000000e+00
0.000000000000000000e+00
0.000000000000000000e+00
0.000000000000000000e+00
0.000000000000000000e+00
0.000000000000000000e+00
0.000000000000000000e+00
0.000000000000000000e+00
0.000000000000000000e+00
1.531241808881486977e+00
7.183296554054241598e-05
6.273863257305346330e+00
8.719165885617879042e+01
1.022792728194409778e-01
1.956983674456390876e+00
2.394018206318483877e+01
3.820727098908496128e-02
1.388262169776111854e+01
4.638006556446623740e+00
1.160188920851340851e-10
3.573103778710859046e+00
4.741413840862428858e-10
2.828685604632963749e-11
0.000000000000000000e+00
0.000000000000000000e+00
1.680107472576291692e-12
4.200440230422587858e-03
7.057187478783254491e-17
1.567300137967421314e+01
1.608167182896752365e+03
1.860995291166381627e+00
0.000000000000000000e+00
2.220111400805246049e+01
1.160592461540933318e+00
1.787349855966792855e+00
2.668878263412963886e-02
7.379029971734406279e-02
5.482330023397653349e+02
1.213099887958957481e+02
2.683506453633686419e+02
1.446303930809840126e-11
7.724480351213526497e+00
1.390413764712816374e+02
1.212927322912427428e+02
2.323160226043098220e+01
5.895728585495433549e+01
2.697966742054983499e-14
4.853737650641835339e-12
1.346667361783230680e-09
2.421113376265683084e-09
2.260649066408266350e+01
5.405711716128762628e-09
6.467211851784503418e-01
1.368553750420779258e-01
6.848172418486271618e-02
1.790790971198270825e+02
2.243546722068283133e-13
9.996272188768894921e+03
3.549007832042573973e+00
4.435630908789021110e-01
8.981316960240172120e-01
2.774903463769254230e+01
8.652844388399430486e-02
8.653525847909291357e-01
9.178364473736641216e+00
3.257181248494324666e-01
1.089466743926037068e-01
6.346432837038706865e-02
4.337576791063150417e+00
2.387611066660183745e+00
8.968809827268874393e-03
1.893287791571527521e+02
1.488106944463662984e+01
4.343978577526555473e-02
4.675616660411167635e-01
6.944849249898125132e-01
2.030629104372562443e-01
2.097419756204347507e+01
3.523123610025183349e-13
1.078806579345893086e-10
3.414574233743858258e+02
0.000000000000000000e+00
4.303553530713831066e+01
3.455428581737695737e+01
2.106886652511342106e+02
1.665070919498604918e-01
6.271518356312116849e-01
7.145634824061195900e+01
0.000000000000000000e+00
1.450271174713199993e-11
2.546086403676391541e+01
2.180856669101181729e-10
4.055153722284230988e-01
1.038076110817649670e-10
3.601395778325880274e-04
1.958989335312336447e-02
2.222916923000161915e-01
1.031720677468913561e-16
4.861227468957752401e-02
0.000000000000000000e+00
6.742373225908949719e-01
1.491915258572645286e-01
5.774296380272393669e+00
4.636321507335725123e+00
2.323174644696130997e+01
1.445845886445937042e-15
3.410028758163463321e-15
7.217523682808197391e-11
1.702136301006622595e-10
1.093616841622850210e-13
1.431098800872739225e-03
9.751253517203444443e-04
8.670737279849677695e-04
1.489407559015631100e-01
2.023022271392960376e-03
4.925376762859216134e-02
0.000000000000000000e+00
1.042791523021310253e-13
6.547319107255161066e-13
6.549372364932488878e-04
1.192622574872795630e-13
4.542018719255395474e-13
0.000000000000000000e+00
6.132633864278956618e-13
4.131292529390949431e-02
1.706782409861537563e-04
8.506496426838328897e-04
1.882270777129428641e-04
1.100454481114296215e+02
4.449190281111434331e+00
3.193158963465839717e-01
8.752917629605617478e+00
1.936797279457610710e+00
4.992692318440030697e+00
0.000000000000000000e+00
0.000000000000000000e+00
0.000000000000000000e+00
0.000000000000000000e+00
6.005541662943281978e+01
6.608709834062591426e+01
0.000000000000000000e+00
0.000000000000000000e+00
0.000000000000000000e+00
0.000000000000000000e+00
0.000000000000000000e+00
4.223815364579499090e-03
5.304117363461156691e-03
7.261061280086426569e-04
1.815266064787042759e-03
1.657143785906471656e-03
5.376216566653199691e-03
5.376216566653199691e-03
5.376216566653199691e-03
5.376216566653199691e-03
2.493302962420938448e-02
3.794982358112791161e-06
1.168222118890075746e-02
5.376216566653199691e-03
5.376216566653199691e-03
5.376216566653199691e-03
5.376216566653199691e-03
5.376216566653199691e-03
5.376216566653199691e-03
5.376216566653199691e-03
5.376216566653199691e-03
5.376216566653199691e-03
5.376216566653199691e-03
5.376216566653199691e-03
5.376216566653199691e-03
5.376216566653199691e-03
5.717773419555999964e-04
9.420411206955300182e-03
4.703248135821100177e-03
1.498765032630679922e-02
2.770337121422000162e-04
2.087240296962000101e-04
7.286376057780148512e-04
5.578638961730717546e-04
5.579887571014528584e-03
3.397773708120143017e-03
6.324960666650855309e-04
5.078951389274200499e-03
3.679866403719428067e-03
3.712757740353599730e-03
2.030314072059728053e-03
1.579978151604456314e-03
2.860151058434435428e-02
3.450905943684629777e-03
0.000000000000000000e+00
6.753801617280568922e-03
1.407685555338011353e-02
8.843572895501786504e-03
4.707042174809891039e-02
5.329419728399542242e-03
5.819022600115726564e-05
6.324960666650855309e-04
9.635460703758555109e-03
4.680577543701436034e-05
9.234506722425720501e-05
1.468658669099757010e-03
2.785516554344544260e-03
2.023990590993499574e-05
4.346519297648343549e-03
4.437598635918155177e-01
1.303955987898575662e-02
1.264994119370919446e-06
0.000000000000000000e+00
4.457838283642785900e-03
2.529988238741870656e-06
1.264994119370919446e-06
0.000000000000000000e+00
1.604011550341885584e-03
0.000000000000000000e+00
1.095484907375200018e-03
5.433149742698099166e-03
3.393979222272200304e-03
4.667823335376427673e-04
8.627264859211575525e-04
2.708351913062941995e-03
2.656487650678970711e-05
1.770989284568313948e-03
1.720396967445572288e-04
1.783642204823157346e-03
5.261110045953442706e-03
3.509093190624743008e-03
2.523662771634742948e-03
5.059976477483741313e-06
3.858227098979442687e-04
4.223812882028513127e-03
1.401613980773157471e-03
1.349242777372055765e-02
2.244098574743585549e-03
8.514671941914400341e-03
1.065126041530616192e-03
2.788047039093499366e-03
1.243361875862362617e-02
9.487440999976282964e-04
5.692472544148785563e-03
1.539497843274399876e-03
7.197826469424144355e-04
7.982107928128626476e-03
0.000000000000000000e+00
0.000000000000000000e+00
3.850638623793701133e-03
9.324276122474805736e-03
8.270533041977669655e-03
1.396553507785500093e-03
3.655578466976543150e-02
1.081189878014101116e-02
3.843053127669213663e-03
1.420587403033085486e-03
3.783596914528243246e-03
5.419233317854428404e-03
5.452134584692148620e-04
4.632410947687285417e-03
1.635636403326185592e-03
1.264994119370919446e-06
1.011995295496748601e-05
1.533173518140823477e-02
1.781617618419988405e-02
7.573517310122812943e-03
9.425469197392066789e-03
7.450815363094001869e-04
2.085595457049730164e-02
2.580587010496285336e-03
1.263729621761757209e-03
9.168676880690338968e-03
3.404098678716943258e-03
3.219410530309157505e-03
4.766495855748871004e-03
4.318687440981414452e-03
2.909486474553155913e-05
2.261809485435199892e-03
0.000000000000000000e+00
5.059976477483741313e-06
2.150995752323241542e-02
3.162480333325427655e-04
6.324970596854693582e-06
5.059976477483741313e-06
3.162480333325427655e-04
1.271318096947385680e-03
2.419937225927900129e-03
1.770996732220571281e-04
8.032712658005000325e-04
2.024040242005716297e-05
0.000000000000000000e+00
