1.897392000000000053e+03
2.096772301471888511e+02
7.643594324717263966e+00
1.975868703103942039e+02
5.452708423112998304e+00
2.875511985079498297e-74
4.170302894342154589e-102
7.654343005803394107e+00
7.672509716344051434e+00
7.673617161934862096e+00
7.781669493852882091e+00
7.786003124630966887e+00
7.795987011636064778e+00
7.797358201099531705e+00
7.823986120719453652e+00
7.857730263550725347e+00
7.902917325950585159e+00
7.668686387155151607e+00
7.706556579519078909e+00
7.759123933638840676e+00
7.791408340722943748e+00
7.836949804450004109e+00
7.935007387861729100e+00
7.971644774790148880e+00
7.994683473772171034e+00
8.033217655089295306e+00
8.047945075803864867e+00
1.163991675597750186e+00
6.717767599238005971e+01
1.377697014594883917e+01
2.898615049469193284e-04
1.238723644462325301e-05
0.000000000000000000e+00
0.000000000000000000e+00
4.728368050569632430e+01
1.526581009981587727e+02
0.000000000000000000e+00
6.774286119079691915e+00
2.208868694339360506e+00
7.975729891381195557e+03
2.690549971737925539e+00
2.918500676802807461e-02
1.127190219796263591e+03
5.900075688475153735e-01
1.405774540470335454e+00
1.608377672066839281e+01
3.287314988447551212e+00
2.551164518345591103e-01
8.905848684336278298e-01
2.750588981666446831e+00
1.140892874237968613e+01
1.121470807399890024e+00
1.412987395239925661e+02
4.918746208077656235e+01
1.601722657835830077e+01
5.529828162312716699e+01
4.022024076301973672e+00
1.403926150701088282e+01
5.230682282315997966e+00
1.279457838090562793e+00
2.039562253048584139e+01
5.978242515847288496e-01
1.088045540419621631e+02
1.162651608202002329e+01
4.204900219201775258e+00
4.162241327394562518e+01
3.443766137848154330e+00
3.900715857781972051e+00
6.842091274498069975e-01
7.116750354923543398e+01
7.300744741107445535e-01
9.402923618517032622e+00
2.651894002634213621e+01
1.674040185981011319e+01
8.377811461523378134e-02
1.497720318032879916e-01
8.986004309495963753e+03
1.517070239676362897e+00
2.899883700797450725e+00
2.827959174280674781e-01
3.192449319982079703e-02
3.648596372975816682e-02
2.373939835952122886e-03
0.000000000000000000e+00
4.795075383050523499e+00
0.000000000000000000e+00
0.000000000000000000e+00
6.401935863194954113e-01
0.000000000000000000e+00
1.674927349596710613e+01
0.000000000000000000e+00
6.159797708759900004e-04
2.861720866089151674e-03
5.556347078182085352e-06
8.761174465721697402e+01
8.519170591668508846e-03
9.032525940869024796e-05
4.793230661788459912e+00
1.366749272175076710e-09
2.661434637219511949e-05
4.226134236623547207e-09
1.504079606798309143e+01
8.504224554648547800e-05
3.274840285592371742e+02
9.254704612015566442e-07
3.838577874866812567e-01
6.171575249295917587e+01
1.086869814296121219e-04
2.249164789338460455e-06
4.652566486822660607e+01
3.206594651794893234e-04
1.178628815406080719e+02
8.374053938836063967e-08
9.578695161146908886e-05
1.282267597009649962e-03
6.644358809400641164e+00
2.614326194898998132e-02
5.198797728304108194e-05
1.060438531362846654e-03
8.545848472796051522e-08
1.744771059893438232e-06
2.259991400943972167e+03
6.101039220930859860e-07
6.840516608590934149e-05
1.729097214672319024e+04
6.800199186173710823e-03
6.811689420142334750e-02
1.855779284907775946e+03
7.298414662451818474e-04
5.639311161430450754e-03
4.772206577584641764e-03
1.344109476792837155e-01
1.013100200432411137e-06
3.256274168135124825e-01
2.310111582407596239e-10
2.985219730287810953e-12
3.720230471752807250e-12
2.782606327890095143e-04
2.751218828151676395e-10
9.147069719261585741e-02
6.096394576831549728e+00
1.700712434813937719e-11
1.300264691706009078e-12
1.184717106882190928e-12
2.406337554182709316e-09
1.771449070992943380e-10
1.664607788532164159e-10
4.059201513970964595e-12
1.510327500073905660e-18
5.808208383560846031e-10
7.695400595131283626e-13
1.539959839885387597e-10
1.630885142728272333e-14
3.208053241734710510e-09
3.224160946134402850e-12
5.335173452316000210e-16
4.894703644311485793e-18
6.115715523945397532e-19
2.170038470567194082e-16
3.847667082079467911e-17
1.315449162019572773e-17
0.000000000000000000e+00
2.634674022487955014e+01
4.993539010733239536e+01
2.130534121128353883e-04
4.039033759026719982e-04
4.965013911216329740e-05
2.286503043059592209e-13
4.334161551349310372e-13
0.000000000000000000e+00
1.513537817505498140e+01
2.160542760411390318e-04
2.095150245519454391e+00
1.085801306207537231e-02
1.714891020212889333e-02
6.941313005348647147e-01
5.613149649612985559e-06
1.308091831676101414e-06
6.023997836890723342e-15
4.539188229525591437e-11
1.057815204655767343e-11
4.871429014976104564e-20
1.135240800761457838e-20
5.227987792369731406e-29
2.290779181252328989e-01
4.389620464339679014e-03
1.051332635774999691e+00
5.287140099473282284e-02
3.206531716893969687e-16
6.459275009449051050e-24
3.002541252875642956e-32
1.970762255642663853e-17
4.687667467158781438e-20
1.060176290556524345e-17
2.841881776727528857e-19
0.000000000000000000e+00
7.075340751212231679e-15
6.481071425189866367e-20
6.359162980353910188e-29
1.236350876828621734e-27
1.465288638919990031e-22
3.205060470109413280e-28
0.000000000000000000e+00
1.430729068341062156e-36
5.731913117956706900e-36
0.000000000000000000e+00
6.822128023184196056e-31
1.330548546707274514e-36
6.119863231743495230e-45
2.551919778077383371e-16
1.486882729403570604e-38
1.420246563917804551e-16
4.694307369059866400e-18
0.000000000000000000e+00
1.536312528933305451e-31
1.354277812436168742e-38
2.506751275782416897e-47
6.616297686517983679e-47
5.075284813110618426e-55
1.284509023505855498e-63
8.692535217905347601e-34
1.098426596822953733e-41
1.144362693896060990e-33
5.057410579463808297e-36
0.000000000000000000e+00
4.994690727231891891e+00
4.039038313662393994e-05
4.334675818671427862e-14
2.827715027745247685e-19
0.000000000000000000e+00
6.980340273823843192e-15
1.515714446993043927e-31
6.448482733852998293e-20
1.347291248734509935e-38
6.327103109340544543e-29
2.493963741344962181e-47
1.235374804695703673e-27
0.000000000000000000e+00
1.457676524804430509e-22
1.429416948349023396e-36
5.070090004266046442e-55
5.727346006665896673e-36
0.000000000000000000e+00
6.787722766046886726e-31
1.329377011280245914e-36
6.114509302086167767e-45
1.283364434043681658e-63
2.550023358289540959e-16
8.685382873328597552e-34
1.097307736264470438e-41
1.485296241510392737e-38
1.142877445206997752e-33
1.418640536230359302e-16
4.689720546805074811e-18
0.000000000000000000e+00
5.051796570408432084e-36
0.000000000000000000e+00
5.481351191162684855e-18
0.000000000000000000e+00
5.843569739818787684e-36
0.000000000000000000e+00
1.990471857025957691e-23
0.000000000000000000e+00
4.943775188039873132e-19
1.064770715424434568e-35
4.535563430691782992e-24
9.370392910590998938e-43
4.411439775059650997e-33
1.717024999254456712e-51
8.802398147107001541e-32
0.000000000000000000e+00
1.023178480883548931e-26
1.006585516664713306e-40
3.528432694644832210e-59
4.032915346902955610e-40
0.000000000000000000e+00
4.707656536435857257e-35
9.353635137293171372e-41
4.256160748764411019e-49
8.833720314898597821e-68
1.796288253345741817e-20
6.047793099168761129e-38
7.757888110684222447e-46
1.043862517704689941e-42
7.807503984109806994e-38
9.919706265492514772e-21
3.319394675486814289e-22
0.000000000000000000e+00
3.532314301323054521e-40
0.000000000000000000e+00
1.532708674341390874e-18
0.000000000000000000e+00
1.048888516269543297e-13
2.235338526024774038e-30
3.488998007660573357e-19
7.105212270499253694e-38
3.355215723611126517e-28
1.286077950003269855e-46
5.512614959322931005e-28
0.000000000000000000e+00
7.851399420131948072e-22
6.272577393923930585e-37
2.188130518300816405e-55
2.513283414548393205e-36
0.000000000000000000e+00
3.558737531482741452e-30
5.827288399999757715e-37
2.639860678028723213e-45
5.454619257829903925e-64
1.129935265501761872e-16
3.785846066358077736e-34
4.841875251585062924e-42
6.497046030640752292e-39
4.847464317093049319e-34
6.218948588270545003e-17
9.916310782481859981e-18
0.000000000000000000e+00
8.582077111741212026e-36
0.000000000000000000e+00
1.534057119069407774e-18
0.000000000000000000e+00
1.049797705667974454e-13
2.237295054949853406e-30
3.492070412631755340e-19
7.111552863777307965e-38
3.358201231371902010e-28
1.287239210121377274e-46
5.520451940203938312e-28
0.000000000000000000e+00
7.858329454612770345e-22
6.281570826122404068e-37
2.191294628714806773e-55
2.516886883215258904e-36
0.000000000000000000e+00
3.561923022253877463e-30
5.835648001019930443e-37
2.643677258952686976e-45
5.462569224006906882e-64
1.131547171742131549e-16
3.791292138813453476e-34
4.848797958203478934e-42
6.506376532468365325e-39
4.854536104010787767e-34
6.227868633643557633e-17
9.917049494521322675e-18
0.000000000000000000e+00
8.582837602583223817e-36
0.000000000000000000e+00
1.211882559797357512e-17
0.000000000000000000e+00
1.047362646482026766e-35
0.000000000000000000e+00
9.758357291247413715e-23
0.000000000000000000e+00
2.676728236806075117e-18
5.809609748893994306e-35
1.978200161515097679e-23
4.130628707490029766e-42
2.667521206212144016e-32
1.051014231017434328e-50
3.316393503158047925e-31
0.000000000000000000e+00
4.471241247827834525e-26
4.931618267657690337e-40
1.748543178986902833e-58
2.195561800207479886e-39
0.000000000000000000e+00
2.860819412469064862e-34
4.586072294540145022e-40
2.811571100048786662e-48
5.899053444126903488e-67
1.955215358416563014e-20
6.657291567561600998e-38
4.206220827276718709e-46
5.692842993737949529e-43
3.501632694696852053e-37
4.349922448090663953e-20
1.050895776274291059e-21
0.000000000000000000e+00
1.120059812011931329e-39
0.000000000000000000e+00
5.295849786626554004e-22
0.000000000000000000e+00
4.026765837035042956e-17
8.581640602759699531e-34
1.071584846718124141e-22
2.182241766023157610e-41
1.416924260724922628e-31
5.431199612701832368e-50
1.482270756507659718e-31
0.000000000000000000e+00
2.411420271973303107e-25
2.168492953825510309e-40
7.564626577377843525e-59
9.654132758775049360e-40
0.000000000000000000e+00
1.502880518424403551e-33
2.014562849155286514e-40
1.216841507123956513e-48
2.514301829567202409e-67
8.680712729483912796e-21
2.908470969562225671e-38
1.859791634793833907e-46
2.495551961772554505e-43
1.489550419960319106e-37
1.910986561285734819e-20
2.324245163860343295e-21
0.000000000000000000e+00
2.008695117515791125e-39
0.000000000000000000e+00
4.747023382198505982e-20
0.000000000000000000e+00
1.170958884602785858e-15
2.543724989370278193e-32
8.118484241303534128e-21
1.695095864119119967e-39
7.963638640384408211e-30
3.138312666317992463e-48
1.555399513902622772e-28
0.000000000000000000e+00
1.835189726020040056e-23
1.199446385741312434e-37
4.253403782982459849e-56
7.209797743906670803e-37
0.000000000000000000e+00
8.543553269476934080e-32
1.115612087877727020e-37
5.130256512543240250e-46
1.076536414583878259e-64
4.280546802458195911e-17
1.457612883730329526e-34
2.302181977182642957e-42
3.115555623024138196e-39
9.584645243340656779e-35
3.570976799740050715e-17
3.450580701847572234e-19
0.000000000000000000e+00
3.677485536667704656e-37
0.000000000000000000e+00
6.372229682635469753e-20
0.000000000000000000e+00
7.862814388340502366e-16
1.705655264815198627e-32
3.634424382444550766e-20
7.579706170025301919e-39
1.423086610857226838e-29
5.598430507225083482e-48
8.351607482525752492e-28
0.000000000000000000e+00
8.181296200753053562e-23
9.644236854733275348e-37
3.414761431519436960e-55
1.932471918047661989e-36
0.000000000000000000e+00
1.527018943076216900e-31
8.974643632658506733e-37
2.057746622990524042e-45
4.320578003673305435e-64
8.623480651969822696e-17
2.931718516259227880e-34
3.672976340634810295e-42
4.967523860632206104e-39
8.958142619915638497e-34
1.275559180916267132e-16
3.219245663572580440e-18
0.000000000000000000e+00
3.425316091851545262e-36
0.000000000000000000e+00
6.100570178700248059e-20
0.000000000000000000e+00
7.529446038011251119e-16
1.634763154850082252e-32
3.478485074458007824e-20
7.266441152402960707e-39
1.364842422234301295e-29
5.379575934229145198e-48
7.997088759737882533e-28
0.000000000000000000e+00
7.862813277043809029e-23
9.250256043257917446e-37
3.280947196741223436e-55
1.853468951221444665e-36
0.000000000000000000e+00
1.464251333547592489e-31
8.603818054538786408e-37
1.978429584216222263e-45
4.151827280124208811e-64
8.252754229781949156e-17
2.810409426531357655e-34
3.548484016326336232e-42
4.802799613222911778e-39
8.620061369303665746e-34
1.223274560961447819e-16
3.104232552914868541e-18
0.000000000000000000e+00
3.308770689708407758e-36
0.000000000000000000e+00
8.558030991122842048e-22
0.000000000000000000e+00
6.507193538868575744e-17
1.386768707605417439e-33
1.731677663124986011e-22
3.526454511757996587e-41
2.289710202897821682e-31
8.776606888609898248e-50
2.395351732412223197e-31
0.000000000000000000e+00
3.896839483540577562e-25
3.504224392337275100e-40
1.222415254656553177e-58
1.560090551735955442e-39
0.000000000000000000e+00
2.428615166427354576e-33
3.255494908665725288e-40
1.966370740711765064e-48
4.062971337613555761e-67
1.402797651694082968e-20
4.700014790641278316e-38
3.005255571787671489e-46
4.032561546425016803e-43
2.406909799489997199e-37
3.087967967877413932e-20
3.755956606616843818e-21
0.000000000000000000e+00
3.246005974672068274e-39
0.000000000000000000e+00
7.963731674189554367e-21
0.000000000000000000e+00
2.184460675401188257e-16
4.741181676882099276e-33
1.614396370128341424e-21
3.370976230894801570e-40
2.176945148471551049e-30
8.577246847366300844e-49
2.706487767106287686e-29
0.000000000000000000e+00
3.648950485603913564e-24
4.024659861827355835e-38
1.426973213995682204e-56
1.791782950451202218e-37
0.000000000000000000e+00
2.334693270133207510e-32
3.742661624902605980e-38
2.294502371341099880e-46
4.814171157968051729e-65
1.595638026642875683e-18
5.432967821967754330e-36
3.432667760962848192e-44
4.645889046667375334e-41
2.857654288463306781e-35
3.549941092683633580e-18
8.576291924556381870e-20
0.000000000000000000e+00
9.140731524700239464e-38
0.000000000000000000e+00
4.313847375614556539e-19
0.000000000000000000e+00
1.064066592921565389e-14
2.311571050699349599e-31
7.377627415646401833e-20
1.540359197138297273e-38
7.236826931384940940e-29
2.851859539280017615e-47
1.413464506770771411e-27
0.000000000000000000e+00
1.667719354461122738e-22
1.089978278725721327e-36
3.865171930578790796e-55
6.551832341227853083e-36
0.000000000000000000e+00
7.763823875951522169e-31
1.013799983537314716e-36
4.662020003274594919e-45
9.782710995578019329e-64
3.889923771024144509e-16
1.324583556130738659e-33
2.092092695509289782e-41
2.831212599446958361e-38
8.709706661211687133e-34
3.245073607662506268e-16
3.135703140019878911e-18
0.000000000000000000e+00
3.341854555496952740e-36
0.000000000000000000e+00
6.306731091474269664e-19
0.000000000000000000e+00
7.781981120576606130e-15
1.688110044986806087e-31
3.597074752957419897e-19
7.501725605442924669e-38
1.408441475248250507e-28
5.540742603467191247e-47
8.265753539581504701e-27
0.000000000000000000e+00
8.096983828755398257e-22
9.544981549947605907e-36
3.379577062715191353e-54
1.912584276002958698e-35
0.000000000000000000e+00
1.511306151831005545e-30
8.882310066157875793e-36
2.036534843894748738e-44
4.276056450008229745e-63
8.534864280956828154e-16
2.901557359177728176e-33
3.634989516918006790e-41
4.916122052772318729e-38
8.865745358541675714e-33
1.262432757843526424e-15
3.186161543466127448e-17
0.000000000000000000e+00
3.390105719785013401e-35
0.000000000000000000e+00
0.000000000000000000e+00
0.000000000000000000e+00
0.000000000000000000e+00
0.000000000000000000e+00
0.000000000000000000e+00
0.000000000000000000e+00
0.000000000000000000e+00
0.000000000000000000e+00
0.000000000000000000e+00
0.000000000000000000e+00
0.000000000000000000e+00
0.000000000000000000e+00
0.000000000000000000e+00
0.000000000000000000e+00
0.000000000000000000e+00
0.000000000000000000e+00
0.000000000000000000e+00
0.000000000000000000e+00
0.000000000000000000e+00
0.000000000000000000e+00
0.000000000000000000e+00
0.000000000000000000e+00
0.000000000000000000e+00
0.000000000000000000e+00
0.000000000000000000e+00
0.000000000000000000e+00
0.000000000000000000e+00
0.000000000000000000e+00
0.000000000000000000e+00
1.532213668145333330e+00
7.183296976584233550e-05
5.701929166632694113e+00
8.711726050285508904e+01
9.973231724761025263e-02
1.888676309992814328e+00
2.140953276533048921e+01
2.631444885186885740e-02
1.555139955473194924e+01
3.953344195258956528e+00
7.747591758876092491e-11
3.776664371318483315e+00
4.086429198683360359e-10
2.203372602635900462e-11
0.000000000000000000e+00
0.000000000000000000e+00
1.050064280313046218e-12
4.200438929227663480e-03
4.410728889452552238e-17
1.475365720353365617e+01
1.632187901339918426e+03
2.053959744453678571e+00
0.000000000000000000e+00
2.112152356024375166e+01
1.115216792998505513e+00
1.628104977377759388e+00
2.919152771379851866e-02
6.818142269262855715e-02
5.820745355222694570e+02
1.102827106714045584e+02
2.089134644910191412e+02
1.967949084841786064e-11
7.645566195186085601e+00
1.376209468203830966e+02
1.127669419054259805e+02
2.137808843625839472e+01
5.425457773329193856e+01
6.633951062454457182e-14
6.592427396173699700e-12
1.617670855136508419e-09
2.809773849829021244e-09
1.827556571598129764e+01
4.981369540797424189e-09
6.467211964856266482e-01
1.709398681720923630e-01
8.547380251762431991e-02
2.002042534994736229e+02
1.401993954068321412e-13
9.996333582745888634e+03
3.452643110080429789e+00
4.867773376763026572e-01
8.610377070652175391e-01
2.799811807303873934e+01
1.054786180092451564e-01
1.054849439358309215e+00
1.205843411720724312e+01
4.163113672612801519e-01
1.391646043039405090e-01
5.563012342385723064e-02
4.241715060864770237e+00
2.277861081629803053e+00
1.091979975365999639e-02
1.804186951381492179e+02
1.729337192664075573e+01
4.556749143094337984e-02
4.574532648444578076e-01
7.178545790992101328e-01
2.083761870083376544e-01
2.107932844103250503e+01
2.213016601138977622e-13
6.772847873166395592e-11
3.409248519172354008e+02
0.000000000000000000e+00
6.403262415377979266e+01
4.393248721904041076e+01
2.085371826610883943e+02
1.364365215769704764e-01
6.280765263959666722e-01
6.196046390569181739e+01
0.000000000000000000e+00
1.304780557596256700e-11
2.748046664478501100e+01
1.833528058902670179e-10
2.599482122929681061e-01
5.188618879982987704e-11
3.595839149959526113e-04
1.890699452155451127e-02
2.114200950548200397e-01
6.544565541154708441e-17
5.050567344505522971e-02
0.000000000000000000e+00
6.614431308410559929e-01
1.253202758540817030e-01
6.688621738174232334e+00
4.589032822935296352e+00
2.137820968573960201e+01
3.270811599688210715e-15
8.298163237247433300e-15
7.978159227741882195e-11
2.023718960423683757e-10
6.858743303370833194e-14
1.527880107138604102e-03
1.194865341832876274e-03
1.056658262623824847e-03
1.730125395590513260e-01
2.412715703976080726e-03
4.769663815200209100e-02
0.000000000000000000e+00
5.206917686334292030e-14
5.504498643551317160e-13
6.541784443385844239e-04
7.918528012804943484e-14
7.857749045642390291e-13
0.000000000000000000e+00
8.232002562840008518e-13
4.194312836393068039e-02
1.759006857243326967e-04
9.307922861209111994e-04
1.763524945208413313e-04
1.120283418019862296e+02
2.906194933847268125e+00
2.649989053967314878e-01
7.712425684934379966e+00
1.461234182331728304e+00
4.091569592274825418e+00
0.000000000000000000e+00
0.000000000000000000e+00
0.000000000000000000e+00
0.000000000000000000e+00
5.949381543839325559e+01
6.664869953166549976e+01
0.000000000000000000e+00
0.000000000000000000e+00
0.000000000000000000e+00
0.000000000000000000e+00
0.000000000000000000e+00
3.591319297914413559e-03
4.355373263463527961e-03
1.581240166662713827e-03
1.182769998121957229e-03
4.187128052566814647e-03
5.376216566653199691e-03
5.376216566653199691e-03
5.376216566653199691e-03
5.376216566653199691e-03
1.987306109088870024e-02
3.794982358112791161e-06
9.784732988905501735e-03
5.376216566653199691e-03
5.376216566653199691e-03
5.376216566653199691e-03
5.376216566653199691e-03
5.376216566653199691e-03
5.376216566653199691e-03
5.376216566653199691e-03
5.376216566653199691e-03
5.376216566653199691e-03
5.376216566653199691e-03
5.376216566653199691e-03
5.376216566653199691e-03
5.376216566653199691e-03
5.717773419555999964e-04
9.420411206955300182e-03
4.703248135821100177e-03
1.498765032630679922e-02
2.770337121422000162e-04
2.087240296962000101e-04
1.044885639110557617e-03
1.506607996170699834e-03
4.314895437684357522e-03
4.662765841450313212e-03
0.000000000000000000e+00
7.608935655934542623e-03
2.414874270389258306e-03
4.977749873683771226e-03
4.490739053970142802e-04
1.896226184937000597e-03
2.891775861767689748e-02
7.245882343675143396e-03
7.589964716225612816e-06
5.172561450617856396e-03
2.103431228669604136e-02
1.074106109549704223e-02
3.600174058145990535e-02
4.696923661734455843e-03
6.906862926662428372e-04
1.137228720294085555e-03
1.184919693708635577e-02
1.311797908767185382e-03
7.248411338893426953e-04
1.468658669099757010e-03
1.836772454346914663e-03
2.023990590993499574e-05
5.611511430978514611e-03
4.298449501251836447e-01
1.904827251230407567e-02
1.264994119370919446e-06
0.000000000000000000e+00
4.457838283642785900e-03
2.529988238741870656e-06
1.264994119370919446e-06
3.288984710364429312e-05
6.552674503442572872e-04
6.324960666650855309e-04
1.581240166662713827e-03
4.800653676033013635e-03
2.761483155607114773e-03
0.000000000000000000e+00
1.581240166662713827e-03
2.075855846397857765e-03
2.656487650678970711e-05
0.000000000000000000e+00
3.162480333325427655e-04
3.681130404818413505e-03
5.577358079285986772e-03
1.927853023962030265e-03
1.574918671637114435e-03
5.059976477483741313e-06
0.000000000000000000e+00
2.958820748698342065e-03
4.528698807755292288e-04
1.222743564039038659e-02
9.791064414134144876e-04
5.352191608588970952e-03
2.330118174860785520e-03
2.155550972428413835e-03
6.108658091972769995e-03
6.324960666650855309e-04
4.111232377486072169e-03
1.539497843274399659e-03
4.035346136098717242e-04
4.187131528138114157e-03
1.897488199995257894e-03
1.897488199995256593e-03
3.850638623793700699e-03
1.375174858913042093e-02
8.586781075310209385e-03
2.345297607783128173e-03
2.833333580311931527e-02
1.302563501346881009e-02
4.159301161001755127e-03
3.162480333325427655e-04
3.783596914528243246e-03
3.205497084526629046e-03
8.614614918017570854e-04
5.264907014352370948e-03
1.319388369993642826e-03
1.264994119370919446e-06
1.011995295496748601e-05
2.007545568139637235e-02
1.623493601753717153e-02
9.787253543450613602e-03
9.425469197392068524e-03
6.324960666650855309e-04
2.085595457049730164e-02
2.264338977163742571e-03
1.896225688426842523e-03
5.689948514032368981e-03
1.506610478721686231e-03
3.219410530309157071e-03
3.501503722418699942e-03
2.737447274318700191e-03
2.909486474553155913e-05
3.843049652097914586e-03
3.162480333325427655e-04
5.059976477483741313e-06
1.961246932323715622e-02
0.000000000000000000e+00
6.324970596854693582e-06
5.059976477483741313e-06
4.933477065546644307e-05
6.325963617214519273e-06
4.317425425923156722e-03
1.442091806552228163e-03
1.752015365798128329e-03
6.527364690851426973e-04
0.000000000000000000e+00
