1.897392000000000053e+03
1.802118996596295801e+02
7.568207433379105176e+00
2.048770323768324602e+02
1.098213472332927321e+00
1.107578641632700788e-66
1.070648431383981785e-103
7.581049005223754911e+00
7.603825852353776504e+00
7.605218411250561417e+00
7.768289413626852102e+00
7.774870923865999650e+00
7.790241277005510057e+00
7.792356116735112082e+00
7.834866216362736502e+00
7.891191440199891716e+00
7.971025678951161098e+00
7.599291489487081108e+00
7.649943515008958528e+00
7.726497889872970148e+00
7.775888162573573403e+00
7.850641588379347446e+00
8.029835869411282800e+00
8.098900711165194721e+00
8.143057308874064759e+00
8.218496665465067963e+00
8.247538015165893910e+00
2.178552104004239098e-01
7.992540229676411911e+01
1.565370282512168210e+01
7.042670277879458382e-04
1.030947874964549165e-05
0.000000000000000000e+00
0.000000000000000000e+00
5.583128489950332352e+01
1.524834210542896926e+02
0.000000000000000000e+00
6.469717488970993635e+00
1.751113302294124763e+00
7.967801391734137724e+03
3.389229079812084766e+00
3.484937458124978682e-02
1.129600259078652698e+03
7.328993419457559000e-01
1.516030684276658880e+00
1.922300603679116904e+01
3.912138271363436282e+00
2.550330967256974612e-01
8.902974161883308035e-01
2.749460764203250474e+00
1.140861129954114261e+01
1.121640266988995771e+00
1.412952452224735680e+02
4.926781122895548037e+01
1.601875925459855665e+01
5.529829764140153969e+01
4.023507123055568790e+00
1.404708219066636055e+01
5.201942244701486473e+00
1.273239408846727816e+00
2.040628811390637765e+01
5.932007108007043561e-01
1.088137730534111967e+02
1.157008034406921304e+01
4.204744902716372579e+00
4.146234538427127347e+01
3.443623563629929052e+00
3.900577051455038635e+00
6.841878926240291259e-01
7.116751239136880258e+01
7.300501973130999467e-01
9.402891867821914218e+00
2.651895246575728393e+01
1.674039559483598438e+01
8.382344252231024861e-02
1.497720318032879916e-01
8.996170127305940696e+03
1.911497820986785001e+00
2.898333350770808003e+00
3.340631007867443936e-01
3.189806550068189500e-02
3.627310951250557747e-02
2.372864288852599528e-03
0.000000000000000000e+00
5.423938068791906097e+00
0.000000000000000000e+00
0.000000000000000000e+00
7.803184669950926633e-01
0.000000000000000000e+00
1.452945063646329515e+01
0.000000000000000000e+00
5.817971263004791897e-04
2.862034350555358458e-03
5.258269856288413066e-06
8.756998382816992432e+01
8.047791492486942172e-03
1.380967954807018857e-04
4.924333358869313670e+00
2.146760038040359819e-09
3.723522536015022404e-05
5.128999305300262919e-09
9.285491372351746264e+00
8.026916450092119921e-05
3.223486193439580916e+02
1.392753169117713951e-06
4.020622790190805929e-01
6.665838156337886744e+01
1.111297799430169898e-04
2.890304907287740692e-06
3.694792534710907006e+01
3.273958642524008381e-04
1.164065869583240129e+02
1.062813651956441872e-07
1.279938201455484452e-04
1.722635223003063853e-03
5.276771840023451787e+00
2.781547427335657671e-02
9.382777393502368787e-05
1.508004286899231874e-03
2.783524974625059358e-07
4.432635603673279600e-06
2.259981115989767659e+03
1.987146018612018849e-06
1.596933321406814445e-04
1.751080834840683383e+04
1.607658528965571695e-02
1.600189976697216354e-01
1.792563244736372098e+03
1.645744572176974837e-03
1.189218929156450610e-02
1.117518179465916590e-02
2.435859985498962654e-01
4.299359873156399018e-06
4.108972987099760998e-01
3.424732095787857632e-11
7.620233820661035932e-13
9.460349993760871255e-13
5.143707709825318282e-04
4.330908146335120713e-11
1.025408575505584591e-01
6.084814875581277427e+00
2.181727018030074511e-11
1.938806427408581369e-12
3.217554890795117340e-12
2.461304370937297788e-09
2.225898382955408285e-10
3.690802483521622401e-10
6.290251181757728404e-12
2.311504513144005127e-18
7.103597473623639473e-10
1.153295214383128773e-12
2.303770618400319361e-10
1.822315586925249279e-14
3.988944088721380503e-09
4.000114872305160265e-12
6.109784741548274410e-16
3.275057796734117124e-17
6.118150405562011710e-19
1.407179181412664371e-16
6.688768601655317942e-17
1.315987080122093772e-17
0.000000000000000000e+00
3.327975675284455548e+01
6.100623081515926316e+01
2.170696322733774717e-04
3.979922314828926487e-04
4.912488031051987950e-05
2.331452727458617650e-13
4.274120914937704586e-13
0.000000000000000000e+00
1.462803610124628939e+01
2.160542760561394297e-04
2.041309286194867845e+00
3.339909988461023382e-02
2.650273203283147992e-03
1.107522314625395188e+00
7.223911570462720364e-06
1.634837870176303710e-06
7.758805994766706497e-15
4.711931148252821471e-11
1.066353513278415047e-11
5.060826018692630776e-20
1.145311643008385113e-20
5.435554805266320358e-29
2.139777160073966789e-01
4.166918157330965454e-03
1.268399075533497289e+00
2.448260366096755361e-02
3.227172560319921722e-16
3.529962230920911744e-23
1.677377191528560069e-31
1.941764708238698510e-17
3.039863032253538457e-20
1.956899121382005290e-17
2.758368860541145628e-19
0.000000000000000000e+00
8.739980530362646832e-15
6.095533151295880791e-20
6.426497164621830494e-29
6.921630020513232489e-27
1.017417076506249545e-21
1.733668741750043973e-27
0.000000000000000000e+00
7.999379380118325597e-36
3.273003299709558673e-35
0.000000000000000000e+00
4.835730986563377766e-30
7.399961185618786671e-36
3.496102738840590290e-44
2.424380099803891787e-16
6.313300280865726779e-39
2.636731956082790277e-16
5.080953992332404009e-18
0.000000000000000000e+00
2.002885417879505755e-31
8.896357303570291977e-38
1.816025162828906578e-46
2.307632613396887810e-45
1.860310108544225742e-53
4.715741787855191906e-62
8.299194347349258133e-34
4.619120288722253605e-42
3.885064398219529913e-33
5.322775784181500650e-36
0.000000000000000000e+00
6.101682737512956756e+00
3.979918265249456582e-05
4.274615791499228412e-14
2.742545035539064635e-19
0.000000000000000000e+00
8.605193201855910379e-15
1.971980743369672775e-31
6.060188219423000998e-20
8.844271897441455721e-38
6.389133906045675348e-29
1.805443129524746420e-46
6.915945521672211846e-27
0.000000000000000000e+00
1.011436164446846043e-21
7.991658691387095098e-36
1.858510735970335574e-53
3.270214617385881991e-35
0.000000000000000000e+00
4.808023194902218498e-30
7.393198218472843041e-36
3.492811176533171102e-44
4.711511480985955963e-62
2.422349913853473626e-16
8.291527489286725553e-34
4.613941174114309572e-42
6.306122644380502838e-39
3.880493581411509804e-33
2.633662489414995474e-16
5.075394144902671700e-18
0.000000000000000000e+00
5.316215148955796200e-36
0.000000000000000000e+00
5.908257166423029049e-18
0.000000000000000000e+00
6.121082786332890870e-36
0.000000000000000000e+00
1.927754208654418199e-23
0.000000000000000000e+00
6.080873338370670049e-19
1.375286351095454128e-35
4.260464763980652840e-24
6.201475025159330304e-42
4.437412048408498912e-33
1.249468582870539531e-50
4.972562335859850516e-31
0.000000000000000000e+00
7.167766057130206500e-26
5.678919957909200656e-40
1.318831114316752221e-57
2.323581098205569013e-39
0.000000000000000000e+00
3.367968364867324172e-34
5.254585397690423653e-40
2.452996425149235686e-48
3.303725547417293893e-66
1.706956932838207947e-20
5.776249386367570644e-38
3.273827963050584027e-46
4.473550662681927842e-43
2.713615841524931627e-37
1.856397588037805709e-20
3.595084651534020029e-22
0.000000000000000000e+00
3.721957317979886993e-40
0.000000000000000000e+00
1.686646530650416605e-18
0.000000000000000000e+00
1.462969826029192391e-13
3.258084245624555708e-30
3.727134404356959158e-19
5.406938512349668949e-37
3.827091320689644013e-28
1.072690073143565423e-45
3.467027548795768944e-27
0.000000000000000000e+00
6.327865817082090329e-21
3.939786935851963677e-36
9.144541149481684663e-54
1.612354708465049813e-35
0.000000000000000000e+00
2.931502485508554638e-29
3.646089260016609842e-36
1.694021089412922140e-44
2.280444811506325475e-62
1.190648435486735971e-16
4.010188849746425605e-34
2.268779654793897737e-42
3.100338886039678198e-39
1.885947476164629829e-33
1.294370971716403154e-16
1.104580537969570886e-17
0.000000000000000000e+00
9.412320918999195047e-36
0.000000000000000000e+00
1.688138349277275658e-18
0.000000000000000000e+00
1.464248507773234864e-13
3.260974906332075920e-30
3.730430952397299827e-19
5.411735670185339436e-37
3.830523122528114533e-28
1.073656095643327747e-45
3.471931489340985421e-27
0.000000000000000000e+00
6.333413476183758252e-21
3.945406848707756662e-36
9.157598199373674647e-54
1.614654525228051143e-35
0.000000000000000000e+00
2.934106997462617703e-29
3.651289271180726927e-36
1.696457689781747899e-44
2.283728312000706159e-62
1.192349215419219156e-16
4.015964585644647724e-34
2.272020203113183332e-42
3.104767549083545373e-39
1.888656931185390393e-33
1.296219978499867533e-16
1.104666462643155188e-17
0.000000000000000000e+00
9.413184464295109705e-36
0.000000000000000000e+00
1.353421273169225123e-17
0.000000000000000000e+00
1.151683925475531124e-35
0.000000000000000000e+00
1.080549067142892507e-22
0.000000000000000000e+00
3.767185395737141262e-18
8.627223152946746918e-35
2.122590813134321154e-23
3.096762276702152191e-41
3.075031114828707667e-32
8.688424451478367249e-50
2.120390047900685408e-30
0.000000000000000000e+00
3.543439470399391373e-25
3.148973421062444984e-39
7.322737176884854666e-57
1.431726832494256060e-38
0.000000000000000000e+00
2.314511501974641914e-33
2.912987542647701632e-39
1.834239409772187473e-47
2.474087982789322460e-65
2.120764204808010016e-20
7.256906482237746630e-38
2.019716171767128909e-46
2.760571554539981115e-43
1.358621916543431191e-36
9.223349525532548354e-20
1.293419277794566333e-21
0.000000000000000000e+00
1.339702992587077190e-39
0.000000000000000000e+00
6.654414581866641599e-22
0.000000000000000000e+00
6.413161213024963951e-17
1.428233146379044722e-33
1.307105404189484087e-22
1.896212428725129950e-40
1.845460640558708432e-31
5.172643256129906593e-49
1.064478443307841184e-30
0.000000000000000000e+00
2.219181441872926286e-24
1.555229508570894827e-39
3.609823538877335410e-57
7.071998080305984875e-39
0.000000000000000000e+00
1.413606468195958575e-32
1.439300080519684805e-39
8.916237090183057313e-48
1.200279428294219930e-65
1.044467872966386769e-20
3.517842333974074416e-38
9.950683808711924605e-47
1.359783525001830183e-43
6.617290369411396888e-37
4.541604997887242172e-20
2.963894848460867609e-21
0.000000000000000000e+00
2.522079293150077383e-39
0.000000000000000000e+00
4.832975592795449620e-20
0.000000000000000000e+00
1.515262107033577222e-15
3.473432421941632266e-32
8.009219972823264314e-21
1.168307974249573700e-38
8.440992108490818435e-30
2.385162248353859207e-47
9.142469257923785110e-28
0.000000000000000000e+00
1.337028681375872121e-22
7.040912954675567617e-37
1.637370128647702764e-54
4.322248161919834845e-36
0.000000000000000000e+00
6.354260518791413992e-31
6.514404396134223513e-37
3.076917818536361820e-45
4.150327509592522255e-63
4.268759653229066857e-17
1.460825668456871714e-34
1.016304231632189518e-42
1.388885751582775929e-39
3.418073053648873301e-34
6.960749196826920063e-17
3.904597956791546304e-19
0.000000000000000000e+00
4.044067360563365613e-37
0.000000000000000000e+00
6.983199045728708885e-20
0.000000000000000000e+00
1.094968236262640356e-15
2.504259910622769072e-32
3.860007862964837540e-20
5.630851118100984982e-38
1.622898569567915979e-29
4.583861429748518413e-47
5.291771180925571138e-27
0.000000000000000000e+00
6.426317838015778004e-22
6.102855763000897450e-36
1.419095452225667426e-53
1.248786981872030168e-35
0.000000000000000000e+00
1.224540228409955086e-30
5.650018665705213537e-36
1.330309980398258996e-44
1.797788298813584931e-62
9.261155609364932753e-17
3.164200307765489187e-34
1.747031302968795136e-42
2.387518358882628757e-39
3.451575260401380361e-33
2.680585333945101662e-16
3.923104502457912302e-18
0.000000000000000000e+00
4.056866446970687823e-36
0.000000000000000000e+00
7.038575411567161913e-20
0.000000000000000000e+00
1.104164556728077661e-15
2.529789951529909865e-32
3.888869271530517818e-20
5.675207466400472713e-38
1.639433900814974615e-29
4.633147662601012278e-47
5.326581759539580048e-27
0.000000000000000000e+00
6.491261587302496209e-22
6.153137863812309619e-36
1.431129889485802748e-53
1.259123687694815735e-35
0.000000000000000000e+00
1.234050772364630430e-30
5.693055956298945677e-36
1.344602817489750928e-44
1.813707557063116574e-62
9.326377429838557909e-17
3.191811070398592224e-34
1.775129268736531583e-42
2.426146949868944080e-39
3.483128126365681750e-33
2.701996115677065347e-16
3.980607122410409249e-18
0.000000000000000000e+00
4.123287696906480129e-36
0.000000000000000000e+00
1.060453970989173378e-21
0.000000000000000000e+00
1.022003063170374818e-16
2.276006377495622571e-33
2.083028594447220127e-22
3.021832778963786113e-40
2.940908406829416002e-31
8.243093600580210079e-49
1.696397071734728526e-30
0.000000000000000000e+00
3.536557910733453322e-24
2.478433805788670211e-39
5.752688437153524606e-57
1.127009693936241970e-38
0.000000000000000000e+00
2.252741875237833305e-32
2.293701749200784109e-39
1.420894960066866076e-47
1.912767061295799776e-65
1.664484326508274776e-20
5.606036408396413300e-38
1.585683328362840610e-46
2.166871991933179936e-43
1.054484361232720730e-36
7.237237372189295720e-20
4.723303943286152172e-21
0.000000000000000000e+00
4.019190251047668264e-39
0.000000000000000000e+00
8.696215755405339789e-21
0.000000000000000000e+00
3.031815867827872762e-16
6.943147602272582468e-33
1.708252868183997817e-21
2.492261048237449635e-39
2.474770635040511046e-30
6.992401956130268099e-48
1.706482804577935420e-28
0.000000000000000000e+00
2.851747479703207006e-23
2.534281626159637539e-37
5.893309997252650775e-55
1.152248184125976640e-36
0.000000000000000000e+00
1.862708583505554003e-31
2.344360866688711019e-37
1.476187738782387512e-45
1.991134840900307414e-63
1.706782412264841582e-18
5.840325873188552315e-36
1.625459374091721379e-44
2.221696930061667152e-41
1.093413014328545877e-34
7.422914808970177736e-18
1.040938907269923493e-19
0.000000000000000000e+00
1.078187472793151829e-37
0.000000000000000000e+00
4.391908573710471188e-19
0.000000000000000000e+00
1.376922854380719672e-14
3.156370170492559318e-31
7.278264019208255574e-20
1.061657385375093998e-37
7.670506258068457479e-29
2.167442410551883802e-46
8.308182840892267744e-27
0.000000000000000000e+00
1.215018643898307740e-21
6.398315219423169273e-36
1.487931345860611169e-53
3.927794462999285910e-35
0.000000000000000000e+00
5.774341331262375361e-30
5.919891775693668624e-36
2.796084484795759872e-44
3.771515456086237903e-62
3.879184360808846756e-16
1.327493700585110573e-33
9.235561336827984052e-42
1.262128810877368769e-38
3.106098919397851351e-33
6.325482702466452600e-16
3.548265201018106684e-18
0.000000000000000000e+00
3.674956307502140321e-36
0.000000000000000000e+00
6.911342108423416974e-19
0.000000000000000000e+00
1.083697505611008559e-14
2.478451958470482134e-31
3.820301138813455608e-19
5.572912707379848073e-37
1.606173676244270278e-28
4.536604965193539646e-46
5.237369158205460015e-26
0.000000000000000000e+00
6.360095824766807469e-21
6.040044612672826961e-35
1.404487827281143755e-52
1.235934183215451402e-34
0.000000000000000000e+00
1.211941140313625798e-29
5.591892373690216483e-35
1.316595489584209415e-43
1.779277877667846060e-61
9.165915475534813060e-16
3.131623458096879750e-33
1.728956051952075165e-41
2.362814905557420480e-38
3.416029830381161154e-32
2.653001164094689524e-15
3.882762799328432847e-17
0.000000000000000000e+00
4.015139649419872437e-35
0.000000000000000000e+00
0.000000000000000000e+00
0.000000000000000000e+00
0.000000000000000000e+00
0.000000000000000000e+00
0.000000000000000000e+00
0.000000000000000000e+00
0.000000000000000000e+00
0.000000000000000000e+00
0.000000000000000000e+00
0.000000000000000000e+00
0.000000000000000000e+00
0.000000000000000000e+00
0.000000000000000000e+00
0.000000000000000000e+00
0.000000000000000000e+00
0.000000000000000000e+00
0.000000000000000000e+00
0.000000000000000000e+00
0.000000000000000000e+00
0.000000000000000000e+00
0.000000000000000000e+00
0.000000000000000000e+00
0.000000000000000000e+00
0.000000000000000000e+00
0.000000000000000000e+00
0.000000000000000000e+00
0.000000000000000000e+00
0.000000000000000000e+00
0.000000000000000000e+00
1.536655021644970365e+00
7.183296666670536739e-05
6.565957351507067052e+00
7.273006619941548934e+01
1.138795151447326431e-01
2.085939625718733925e+00
2.247654562989603022e+01
3.067546020407214274e-02
1.539775745467825629e+01
4.470773939158914523e+00
1.136475805520511404e-10
4.493451833485541336e+00
5.245111039180753059e-10
2.821214392250012249e-11
0.000000000000000000e+00
0.000000000000000000e+00
1.366733709321260113e-12
4.200439150257155932e-03
5.740878250711546605e-17
1.561339654977783376e+01
1.609593330844451202e+03
1.872515658364692914e+00
0.000000000000000000e+00
2.196688751312066756e+01
1.199650838622454696e+00
1.843871672172123777e+00
3.201499096315117004e-02
8.998341932277169331e-02
4.741729362081115937e+02
1.162063211214135237e+02
2.846200824573307386e+02
1.172675188904965883e-11
7.394377803617973477e+00
1.330994265132787007e+02
1.299916712318244265e+02
2.383337119706477836e+01
6.047567913988147126e+01
1.135447677553896457e-13
1.668750759603062366e-11
1.167668426263932881e-09
2.053249814101019511e-09
2.441260114837757556e+01
5.037848016914867157e-09
6.467212007783392780e-01
1.746061423091585796e-01
8.732988139283566487e-02
2.326001559045257920e+02
1.825979676207617834e-13
9.996275063596309337e+03
3.559609081108087825e+00
4.389532326060026080e-01
7.767591036202667887e-01
2.440597599513968774e+01
9.187464324240257607e-02
9.187992522411896346e-01
1.088989455865394262e+01
3.876121746119060019e-01
8.411250619677790308e-02
1.247415037853610437e-01
2.784767569724119873e+00
3.282685092802804849e+00
9.521305079615013239e-03
1.908728849778053700e+02
1.593345715187526856e+01
3.973527345924192378e-02
5.252584284658931013e-01
7.704923201150797318e-01
2.085533251966361079e-01
2.110835642671625578e+01
2.884142096357935645e-13
8.873824614282411050e-11
3.444297069349320850e+02
0.000000000000000000e+00
3.751111643054009193e+01
3.118633818140130387e+01
2.016828745311733542e+02
2.496403287499775192e-01
1.000980417320447069e+00
7.373281496272717561e+01
0.000000000000000000e+00
2.538620116137696951e-11
2.163164229770498537e+01
1.849096639028566046e-10
3.201392054198780035e-01
8.179113273325047051e-11
4.482192608713276584e-04
2.087940688837397821e-02
2.199511098319640590e-01
8.400245518788073232e-17
4.872719098466508220e-02
0.000000000000000000e+00
7.111272132186388095e-01
1.742769413266502532e-01
5.338206488031446817e+00
4.438119588175275965e+00
2.383360292261199476e+01
6.240470030699624376e-15
1.373671308587081661e-14
6.417402755255699939e-11
1.412391860089251272e-10
9.030589934744810174e-14
1.420456157538493381e-03
1.003603807766799243e-03
9.203824565395090761e-04
1.594299187637235049e-01
2.413028050365634627e-03
5.296612328952616383e-02
0.000000000000000000e+00
8.210711451122978398e-14
5.547943286424119504e-13
1.042582545239632320e-03
1.146610964015684879e-13
3.323937640781356142e-13
0.000000000000000000e+00
2.017538821815564297e-12
4.885945769537382993e-02
2.387102154860136049e-04
1.028998550125640073e-03
2.521782094629789004e-04
1.104492502402295599e+02
3.522587779366031402e+00
3.398571007973544833e-01
8.057506093849088558e+00
1.974661030151080521e+00
7.486146718139999656e+00
0.000000000000000000e+00
0.000000000000000000e+00
0.000000000000000000e+00
0.000000000000000000e+00
5.994007369179715283e+01
6.620244127825920089e+01
0.000000000000000000e+00
0.000000000000000000e+00
0.000000000000000000e+00
0.000000000000000000e+00
0.000000000000000000e+00
3.275071264581870360e-03
4.039125230130985629e-03
9.361006134355707173e-05
8.665219647894144631e-04
3.238383952569185483e-03
5.376216566653199691e-03
5.376216566653199691e-03
5.376216566653199691e-03
5.376216566653199691e-03
2.651426979087209701e-02
3.794982358112791161e-06
1.010098102223804493e-02
5.376216566653199691e-03
5.376216566653199691e-03
5.376216566653199691e-03
5.376216566653199691e-03
5.376216566653199691e-03
5.376216566653199691e-03
5.376216566653199691e-03
5.376216566653199691e-03
5.376216566653199691e-03
5.376216566653199691e-03
5.376216566653199691e-03
5.376216566653199691e-03
5.376216566653199691e-03
5.717773419555999964e-04
9.420411206955300182e-03
4.703248135821100177e-03
1.498765032630679922e-02
2.770337121422000162e-04
2.087240296962000101e-04
1.677381705775643148e-03
1.190359962838157069e-03
3.998647404351815191e-03
2.132781574789971955e-03
0.000000000000000000e+00
5.078951389274201367e-03
3.996114437051972133e-03
3.080261673688513765e-03
1.081569972062099757e-03
1.263730118271915066e-03
2.290904598435858711e-02
6.613386277010056997e-03
7.589964716225612816e-06
3.907569317287684467e-03
1.439310358671265326e-02
1.042481306216450077e-02
4.359169338144093520e-02
3.115683495071742016e-03
6.906862926662428372e-04
3.162480333325427655e-04
1.090045283708872617e-02
3.630538087695571394e-04
6.324960666650855309e-04
2.417402769097384222e-03
3.418012621009628490e-03
2.023990590993496186e-05
5.295263397645972279e-03
3.726040560919934297e-01
1.082582364565795596e-02
1.264994119370919446e-06
0.000000000000000000e+00
4.457838283642785900e-03
2.529988238741870656e-06
1.264994119370919446e-06
3.288984710364429312e-05
3.390194170117145759e-04
3.162480333325427655e-04
1.727980974040285549e-03
5.749397776030642365e-03
3.710227255604743070e-03
3.162480333325427655e-04
1.897488199995256593e-03
2.392103879730400531e-03
0.000000000000000000e+00
3.162480333325427655e-04
4.882877300771000214e-04
3.997378438150955837e-03
4.312365945955813976e-03
2.876597123959658345e-03
4.421150971629999107e-03
5.059976477483741313e-06
0.000000000000000000e+00
2.958820748698342933e-03
1.085365947440614705e-03
1.380867580705309912e-02
3.466103747483289567e-04
8.198423908581857142e-03
2.330118174860786821e-03
4.053039172423671295e-03
7.373650225302941057e-03
0.000000000000000000e+00
4.111232377486072169e-03
2.745057099442288137e-04
2.933518880270213902e-03
7.982107928128626476e-03
1.264992133330171712e-03
6.324960666650869404e-04
3.719102571357301161e-04
1.280300448913278440e-02
1.048426927530546685e-02
7.640574411204146708e-04
2.453835940312880035e-02
7.965666480148125839e-03
4.159301161001756862e-03
7.880913363679995214e-04
3.467348881195700481e-03
4.786737251189342873e-03
1.810205591799385599e-03
7.478643247680170740e-03
5.439623666347171679e-05
1.264994119370919446e-06
1.011995295496748601e-05
2.228919191472418168e-02
1.971366438419514672e-02
5.043533043462471686e-03
4.997996730736469807e-03
1.061329569641942302e-03
2.180469867049492430e-02
2.896835043828828102e-03
6.312335550966716776e-04
8.852428847357797503e-03
3.404098678716942824e-03
3.219410530309157071e-03
3.817751755751242707e-03
3.053695307651243390e-03
2.909486474553155913e-05
1.945561452102657993e-03
1.657142296375000074e-04
5.059976477483741313e-06
1.644998898991172423e-02
0.000000000000000000e+00
6.324970596854693582e-06
5.059976477483741313e-06
4.933477065546644307e-05
9.550700636148428064e-04
7.479905759248588713e-03
4.933477065545999749e-04
1.435767332465585563e-03
2.024040242005716297e-05
0.000000000000000000e+00
