1.897392000000000053e+03
2.290297701797296668e+02
4.755343727508243745e+00
2.521099437320820016e+02
2.553653229226371835e+00
6.152990946852704304e-76
8.048264413239061724e-102
4.751528840642913920e+00
4.745711295155607523e+00
4.745359070973128368e+00
4.729949871297661090e+00
4.729360809580878566e+00
4.728149301790304015e+00
4.727985624346255022e+00
4.725618998728998932e+00
4.723480715507077932e+00
4.721366507631187481e+00
4.747156422670077980e+00
4.738004754498721383e+00
4.730454107819268117e+00
4.727273296779032741e+00
4.724469325452170132e+00
4.720072000346249297e+00
4.718447476719661360e+00
4.717396151041506336e+00
4.715474364873823987e+00
4.714713350494270649e+00
9.151942496050755604e-01
6.142680201753439917e+01
1.441524844036986330e+01
2.414903107254457468e-04
1.279724973212726039e-05
0.000000000000000000e+00
0.000000000000000000e+00
5.825091222019417359e+01
1.525331345140482142e+02
0.000000000000000000e+00
7.115888376830835860e+00
1.672355916552268784e+00
7.964233650543586919e+03
4.000214290925879546e+00
3.924288906519966813e-02
1.130099009597682652e+03
7.211212799921211669e-01
1.584872330101109394e+00
2.167415494444590607e+01
4.442640515385830824e+00
2.544708315627155493e-01
8.882746511692147795e-01
2.741624366348878183e+00
1.140843979144828069e+01
1.122861612568909484e+00
1.412740772910197791e+02
4.931495680617299371e+01
1.602940289459406031e+01
5.529830906270094459e+01
4.023229912837479105e+00
1.404909031187748170e+01
5.185523686273750599e+00
1.274531586310892139e+00
2.048737769280900167e+01
5.905712592762484281e-01
1.088187949079836443e+02
1.153526270585001257e+01
4.204550920081119081e+00
4.137356570834209180e+01
3.443551662469333863e+00
3.900479431404028308e+00
6.841729044957854944e-01
7.116751884614411949e+01
7.300330626243808352e-01
9.402869464241327080e+00
2.651896117799453023e+01
1.674039114175064569e+01
8.415475124502412585e-02
1.497720318032879916e-01
8.996050049468187353e+03
2.260299266724973055e+00
2.897595613503366252e+00
3.777985631534054867e-01
3.178947244279747147e-02
3.614817892355419449e-02
2.371798136892915021e-03
0.000000000000000000e+00
5.123514623439829663e+00
0.000000000000000000e+00
0.000000000000000000e+00
6.672125314132154594e-01
0.000000000000000000e+00
1.547370680225184536e+01
0.000000000000000000e+00
5.902979633762184698e-04
2.861960064202285613e-03
5.332717630327338842e-06
8.897896321721698598e+01
8.293977364178967485e-03
8.668943097982929468e-05
4.920795889346728735e+00
1.346661983071693960e-09
2.681906997739209774e-05
3.934326083962739327e-09
1.525990715505446182e+01
8.280858442771895798e-05
3.252610509139725536e+02
8.822007376821997253e-07
3.844730952792879686e-01
6.530896745885841881e+01
1.104837410198106093e-04
2.389729091530240014e-06
4.512452323472042082e+01
3.306088016766105427e-04
1.159722229261329574e+02
8.754689770429790988e-08
9.913759680925389548e-05
1.326105233995894441e-03
6.444235814047175381e+00
2.619204426082612225e-02
5.560337617869723099e-05
1.098647975721918964e-03
9.775733742036938693e-08
1.933026793657498372e-06
2.259991333300212318e+03
6.979039924801366006e-07
6.847938341553532989e-05
1.745346434468416555e+04
6.871480259441652312e-03
6.867266176535379019e-02
1.844138019858760117e+03
7.260422586027551889e-04
5.168678372529443392e-03
4.805604201711842320e-03
1.174480284024092408e-01
8.914619408998612933e-07
3.252945764060301559e-01
2.783668770789320145e-11
6.950925869868619593e-13
9.047716963877116180e-13
2.153157149889038246e-04
6.631058820568597354e-11
7.125891988531335430e-02
6.091924498339497340e+00
1.554102497828043675e-11
2.367509395861253437e-12
1.911151049958117307e-12
2.136876936683072108e-09
3.268938110155040056e-10
2.578521618057599373e-10
4.426063493712841114e-12
1.620405451435429156e-18
6.119540900190428994e-10
8.747849730198214785e-13
1.749588814970828440e-10
1.149173008789992394e-14
3.065045745223056125e-09
3.071574594484830051e-12
6.827965377758789605e-16
1.284617952352598178e-17
6.159244477307843072e-19
2.630681001597514330e-16
5.036340554042270656e-17
1.324779514680245448e-17
0.000000000000000000e+00
3.057978029954246324e+01
6.042942691037225700e+01
2.066625573047466027e-04
4.084573356903128775e-04
4.928138086417209392e-05
2.234496839455233393e-13
4.415791936326795072e-13
0.000000000000000000e+00
1.452777045817874502e+01
2.160543803451333742e-04
1.666433107968855243e+00
3.610899544050068244e-02
9.111180604571575067e-03
9.351095420932864499e-01
6.319605316531243643e-06
1.506992227466494927e-06
6.832863805869748007e-15
4.270945227507866136e-11
1.018462536726814990e-11
4.617817979914080706e-20
1.101178864031432494e-20
4.992862648122558449e-29
2.110545513159195474e-01
2.777005965471797920e-03
1.250656044922173527e+00
5.532779156071057636e-02
3.947867250140058799e-16
9.406688324352315713e-24
4.510471183430098835e-32
1.979762174461998392e-17
5.682121855619352618e-20
1.503450921414183154e-17
3.253957275567081270e-19
0.000000000000000000e+00
1.002515409941042988e-14
7.553291110185123294e-20
7.573245663429035408e-29
1.632059617278553662e-27
2.253571570196307560e-22
4.601883641518768679e-28
0.000000000000000000e+00
1.891583850633735766e-36
7.964640556792846461e-36
0.000000000000000000e+00
1.097161825287187445e-30
1.856764215667249736e-36
8.613803396370603747e-45
2.460791411773511900e-16
2.129880526949089445e-38
1.673076477481507725e-16
5.202437677117512104e-18
0.000000000000000000e+00
2.668353952059519979e-31
3.613248666728112394e-38
5.962460553322590917e-47
2.254374831464632585e-46
1.638022231838186268e-54
4.176882291825295256e-63
8.556812457445072152e-34
1.613828751005519439e-41
1.894932495117217790e-33
5.556052756563612137e-36
0.000000000000000000e+00
6.043844935774807858e+00
4.084561735172402834e-05
4.416301755048536319e-14
3.236092833780768519e-19
0.000000000000000000e+00
9.877411292072527187e-15
2.629055297845120327e-31
7.511313115802631218e-20
3.590708828555358035e-38
7.531213226467773616e-29
5.927269988724340109e-47
1.629561357475853307e-27
0.000000000000000000e+00
2.239588748183501990e-22
1.888500632757774477e-36
1.634147259484502990e-54
7.954385630547025756e-36
0.000000000000000000e+00
1.090763930309372625e-30
1.853732477831931677e-36
8.602275114000456385e-45
4.169697372442915517e-63
2.458847439566686866e-16
8.549419248447328097e-34
1.611986996462276398e-41
2.127444892477441840e-38
1.892570748660934149e-33
1.671201722993376591e-16
5.196938247529776704e-18
0.000000000000000000e+00
5.549518763322125885e-36
0.000000000000000000e+00
6.123755815954396304e-18
0.000000000000000000e+00
6.479317331659103938e-36
0.000000000000000000e+00
2.270291286130544982e-23
0.000000000000000000e+00
6.999966299114745189e-19
1.844666205813000094e-35
5.270275955571840915e-24
2.336766438409119295e-42
5.228502950864092748e-33
3.824221033631086156e-51
1.089865078842022689e-31
0.000000000000000000e+00
1.486914715427620835e-26
1.249294207277560455e-40
1.003679001947361030e-58
5.234656018252883252e-40
0.000000000000000000e+00
7.121387104093043970e-35
1.220166850293050360e-40
5.600150224657191065e-49
2.529338162169301575e-67
1.735061496988067190e-20
5.965515716000588170e-38
1.127492201619710196e-45
1.490232475423432303e-42
1.307529441924458785e-37
1.174991527514820435e-20
3.668665962163221840e-22
0.000000000000000000e+00
3.874414114358381256e-40
0.000000000000000000e+00
1.909076698823852771e-18
0.000000000000000000e+00
1.628263519174014158e-13
4.230476039734212188e-30
4.430223284662227644e-19
1.782363336437573297e-37
4.337709303858964752e-28
2.904454906706321528e-46
7.155450676633256795e-28
0.000000000000000000e+00
1.175096226710090145e-21
8.167679085825037769e-37
6.372743316112182705e-55
3.415761434246916717e-36
0.000000000000000000e+00
5.518109115921144082e-30
7.960030669313886219e-37
3.639421938857092059e-45
1.600690421291701881e-63
1.174141955651704744e-16
4.017579269724256248e-34
7.533088789497031702e-42
9.963980045167583779e-39
8.770295467287106526e-34
7.934164033167689941e-17
1.140498028864732322e-17
0.000000000000000000e+00
9.876903283308994533e-36
0.000000000000000000e+00
1.910764216508793940e-18
0.000000000000000000e+00
1.629677250391525280e-13
4.234195605773904291e-30
4.434139806404075505e-19
1.784092545714521181e-37
4.341591708127492277e-28
2.907293202717731433e-46
7.166100408970282397e-28
0.000000000000000000e+00
1.176201799969684875e-21
8.179933205186199195e-37
6.382858238235662829e-55
3.420905659544221880e-36
0.000000000000000000e+00
5.523406142247624568e-30
7.972018920302465532e-37
3.644946742576588870e-45
1.603253442449886075e-63
1.175815136817069341e-16
4.023351295982753877e-34
7.543943601645769108e-42
9.978321365201320393e-39
8.782985883595889767e-34
7.945503473462428989e-17
1.140584117338448853e-17
0.000000000000000000e+00
9.877783673330278087e-36
0.000000000000000000e+00
1.410682431485367446e-17
0.000000000000000000e+00
1.220027473188814010e-35
0.000000000000000000e+00
1.168708126400079556e-22
0.000000000000000000e+00
3.964365133731945801e-18
1.054623039212289877e-34
2.411516675009347792e-23
1.149584734920949516e-41
3.322632904057309842e-32
2.608364698412602527e-50
4.568532684026129054e-31
0.000000000000000000e+00
7.175806149529203513e-26
6.804212522643525564e-40
5.872149344268988309e-58
3.183891728041880387e-39
0.000000000000000000e+00
4.801122149741598900e-34
6.677450172268676908e-40
4.130000069440776410e-48
1.996770903594417039e-66
1.973374293288874640e-20
6.859160905590205760e-38
6.465025223386019098e-46
8.533150195932829654e-43
6.071165733777188098e-37
5.364473209305161398e-20
1.228756604782969860e-21
0.000000000000000000e+00
1.299808446570162024e-39
0.000000000000000000e+00
6.904923613363396025e-22
0.000000000000000000e+00
6.543516716222518430e-17
1.700104278166050411e-33
1.424331279291545716e-22
5.730335456527389469e-41
1.917546553845741173e-31
1.283958579577382133e-49
2.014027010593967022e-31
0.000000000000000000e+00
3.777963700037828775e-25
2.955757436907072136e-40
2.306202024255159505e-58
1.373464563152899184e-39
0.000000000000000000e+00
2.439366071151372339e-33
2.880628000482380317e-40
1.756076205684167675e-48
7.723546139258296656e-67
9.442392390992777980e-21
3.230916047364878460e-38
3.028881976948563533e-46
4.006287798876930354e-43
2.821066763431795933e-37
2.552117384756453429e-20
2.832107553226566168e-21
0.000000000000000000e+00
2.449321116371202056e-39
0.000000000000000000e+00
4.828581938479365079e-20
0.000000000000000000e+00
1.472836864217519263e-15
3.921795770107999910e-32
8.405351445133984131e-21
4.010341202557673502e-39
8.425064498044327171e-30
6.621048435498787401e-48
1.821339532112161174e-28
0.000000000000000000e+00
2.503370593096624150e-23
1.406749919165618321e-37
1.215387707923092439e-55
8.888168825058865152e-37
0.000000000000000000e+00
1.218818897810468884e-31
1.380880912356281548e-37
6.406588993576668816e-46
3.100697007676362139e-64
3.669032450983745675e-17
1.275435261903319844e-34
3.005603977407338732e-42
3.966378900646517837e-39
1.411169921834660596e-34
3.739795379489621259e-17
3.426527281847594631e-19
0.000000000000000000e+00
3.624465118701698718e-37
0.000000000000000000e+00
7.195875211425546997e-20
0.000000000000000000e+00
1.098534295709990927e-15
2.920378626814574954e-32
4.178058322337962875e-20
1.973704935913884413e-38
1.671165233675084892e-29
1.300033203548521732e-47
1.076611171755624540e-27
0.000000000000000000e+00
1.229764449820649881e-22
1.245254972046798999e-36
1.064601863205588216e-54
2.621020225499032271e-36
0.000000000000000000e+00
2.398794406399954358e-31
1.222298202522493384e-36
2.827227413912775341e-45
1.357227867381930470e-63
8.212491784862734536e-17
2.850392127053610975e-34
5.318991368689487132e-42
7.020996090158238053e-39
1.467401677657773470e-33
1.485135477424401522e-16
3.550032100121968941e-18
0.000000000000000000e+00
3.749542507268066834e-36
0.000000000000000000e+00
6.866018231132480254e-20
0.000000000000000000e+00
1.047859302347466012e-15
2.788691429978295582e-32
3.984782951186877321e-20
1.902813570169502046e-38
1.597657165021585432e-29
1.256222985818266067e-47
1.036492003634563986e-27
0.000000000000000000e+00
1.187108958451399800e-22
1.200811027527553208e-36
1.038058441880056539e-54
2.529129116997124779e-36
0.000000000000000000e+00
2.312047101479896370e-31
1.178768343627745115e-36
2.734669238676991121e-45
1.324102539621711207e-63
7.826599766819024161e-17
2.720863214045990526e-34
5.126091714440481494e-42
6.765336146474122077e-39
1.404144136993850221e-33
1.417410842249376166e-16
3.410730151245107273e-18
0.000000000000000000e+00
3.608177727706181766e-36
0.000000000000000000e+00
1.179613852639759414e-21
0.000000000000000000e+00
1.117873158459240496e-16
2.904371377414581737e-33
2.433294084743873811e-22
9.788735621193938198e-41
3.275835860900922326e-31
2.193282323455687999e-49
3.440510975003740648e-31
0.000000000000000000e+00
6.453821531862795904e-25
5.049154387602003052e-40
3.939240456409024946e-58
2.346213396373690236e-39
0.000000000000000000e+00
4.167042575999473514e-33
4.920817025394761908e-40
2.999771968652458808e-48
1.319246276160980501e-66
1.613120923863365804e-20
5.519573700386587115e-38
5.174152668730258168e-46
6.843838228122538053e-43
4.819119121098746771e-37
4.359760074054209726e-20
4.838296825238848527e-21
0.000000000000000000e+00
4.184324451622377366e-39
0.000000000000000000e+00
1.008304238861728757e-20
0.000000000000000000e+00
3.420261480499357054e-16
9.098767489756209753e-33
2.080538989135828743e-21
9.918015091624329448e-40
2.866603090725434309e-30
2.250359308958702867e-48
3.941495348361360120e-29
0.000000000000000000e+00
6.190917069311124975e-24
5.870321282978224528e-38
5.066165381869582491e-56
2.746895826191597366e-37
0.000000000000000000e+00
4.142156032156680014e-32
5.760955348228387373e-38
3.563146379307434573e-46
1.722702082830264819e-64
1.702530892140361794e-18
5.917745880476298124e-36
5.577703370553481941e-44
7.361980184669882633e-41
5.237899510025918520e-35
4.628204809029024164e-18
1.060111259244870483e-19
0.000000000000000000e+00
1.121410948668158782e-37
0.000000000000000000e+00
4.387966634586587848e-19
0.000000000000000000e+00
1.338393004050568324e-14
3.563881629939641846e-31
7.638329620363448513e-20
3.644049787124821185e-38
7.656136446855604391e-29
6.016360037181531308e-47
1.655043886002163694e-27
0.000000000000000000e+00
2.274812269154592995e-22
1.278290573086514470e-36
1.104323242947279134e-54
8.076547453698152008e-36
0.000000000000000000e+00
1.107522987486443911e-30
1.254785318330162713e-36
5.821510331470143123e-45
2.817330289747293482e-63
3.334234105633617414e-16
1.159040060360776053e-33
2.731309141517730984e-41
3.604387739026755807e-38
1.282370288822205356e-33
3.398520341297746683e-16
3.113853093202856572e-18
0.000000000000000000e+00
3.293685568393414300e-36
0.000000000000000000e+00
7.121859159808662457e-19
0.000000000000000000e+00
1.087237208640432547e-14
2.890324012132899602e-31
4.135096610265455683e-19
1.953261049551098530e-37
1.653953207136912876e-28
1.286546207164241202e-46
1.065470040216415917e-26
0.000000000000000000e+00
1.217015290909880085e-21
1.232354148286599640e-35
1.053489057705723006e-53
2.593854839746012175e-35
0.000000000000000000e+00
2.373951227201712073e-30
1.209634539357120769e-35
2.797876861341819536e-44
1.343055242574388131e-62
8.128087684779353958e-16
2.821065005891225257e-33
5.263909073916843442e-41
6.948295714643682523e-38
1.452278841986090703e-32
1.469856917158249036e-15
3.513548961560836424e-17
0.000000000000000000e+00
3.711000614799460732e-35
0.000000000000000000e+00
0.000000000000000000e+00
0.000000000000000000e+00
0.000000000000000000e+00
0.000000000000000000e+00
0.000000000000000000e+00
0.000000000000000000e+00
0.000000000000000000e+00
0.000000000000000000e+00
0.000000000000000000e+00
0.000000000000000000e+00
0.000000000000000000e+00
0.000000000000000000e+00
0.000000000000000000e+00
0.000000000000000000e+00
0.000000000000000000e+00
0.000000000000000000e+00
0.000000000000000000e+00
0.000000000000000000e+00
0.000000000000000000e+00
0.000000000000000000e+00
0.000000000000000000e+00
0.000000000000000000e+00
0.000000000000000000e+00
0.000000000000000000e+00
0.000000000000000000e+00
0.000000000000000000e+00
0.000000000000000000e+00
0.000000000000000000e+00
0.000000000000000000e+00
1.550915220627536062e+00
7.183296821110921374e-05
6.282553544971538173e+00
8.793110262003973787e+01
1.043991287192654743e-01
2.061129779615044288e+00
1.902949502736920451e+01
2.824234226945986082e-02
1.492182764378471305e+01
3.906272616981168788e+00
1.065639176058273368e-10
3.714652404456291190e+00
6.427134164366380434e-10
2.959928888334287635e-11
0.000000000000000000e+00
0.000000000000000000e+00
1.300504423213178898e-12
4.200441002145471371e-03
5.462689924224836396e-17
1.704846792199255745e+01
1.725503882997262053e+03
1.827801814974477690e+00
0.000000000000000000e+00
2.412609463831607925e+01
1.222151491774086551e+00
2.056126095556691791e+00
1.643821830036453976e-02
5.649690008965963656e-02
4.453059197897120498e+02
1.150876781163976119e+02
2.973992184382889832e+02
1.806972622883125001e-11
7.971056911148841628e+00
1.434795991013125445e+02
1.218182163117214145e+02
2.407644576223799504e+01
6.109896716894492386e+01
8.496674811294815301e-14
1.495515357599193555e-11
1.958668004847404538e-09
3.642545062449595209e-09
7.914326276038796237e+00
2.901538424915724157e-09
6.467211766817165808e-01
1.169921569178341975e-01
5.859418139057569197e-02
1.455927736780458588e+02
1.735724718601314989e-13
9.996348220447443964e+03
3.515398402824002844e+00
4.584618579146666484e-01
7.635598003908329323e-01
2.403646905266334599e+01
8.133634269111045256e-02
8.133957859687604985e-01
1.004387872802258386e+01
3.530611464504674335e-01
8.481491531271206918e-02
8.916801040587189753e-02
3.462174076928112409e+00
2.881344775558960514e+00
8.423514785910222319e-03
1.852963478085224835e+02
1.369816280512787010e+01
3.781262085307801613e-02
5.746574741808195830e-01
8.578230702704099375e-01
2.170417903262775450e-01
2.062189753909972012e+01
2.681463943139060597e-13
8.220642690641772779e-11
3.408051306337416122e+02
0.000000000000000000e+00
3.772597081377750072e+01
3.217213339182538334e+01
2.174090071022437201e+02
2.654063529319002912e-01
9.297282103134438813e-01
7.399118381914128406e+01
0.000000000000000000e+00
2.398010404888261580e-11
2.500580902909766934e+01
2.243975250398429456e-10
3.075352574337135159e-01
8.272564669415235563e-11
3.889211777536834345e-04
2.063371497116866377e-02
2.415489673020882466e-01
8.568871562686929474e-17
5.193533412267419686e-02
0.000000000000000000e+00
4.193061226939100994e-01
1.083681354005069791e-01
5.609826779433463528e+00
4.783975006607654734e+00
2.407661767114174012e+01
4.718603025715644402e-15
1.108174584992790267e-14
1.087692180997412611e-10
2.554244540000911265e-10
8.307696825258061587e-14
1.465159885186696894e-03
8.986106805709149353e-04
8.146030800479849574e-04
1.370171934242660761e-01
2.337113597725582175e-03
6.246570254542531397e-02
0.000000000000000000e+00
8.275292877051758315e-14
6.728671419643332500e-13
9.812640117372972530e-04
1.051109873725124244e-13
5.283724495448792089e-13
0.000000000000000000e+00
1.949676313904631562e-12
2.750169293695802972e-02
7.563111313509017161e-05
3.061723674581414518e-04
7.912912663610978208e-05
1.151768141617523753e+02
3.533510608946795362e+00
4.226404597792792761e-01
9.410166355061768684e+00
2.432023529082730118e+00
7.952810019887941451e+00
0.000000000000000000e+00
0.000000000000000000e+00
0.000000000000000000e+00
0.000000000000000000e+00
5.862325842328826297e+01
6.751925654677525301e+01
0.000000000000000000e+00
0.000000000000000000e+00
0.000000000000000000e+00
0.000000000000000000e+00
0.000000000000000000e+00
4.223815364579499090e-03
4.355373263463527961e-03
7.261061280086426569e-04
1.815266064787042759e-03
2.605887885904099952e-03
5.376216566653199691e-03
5.376216566653199691e-03
5.376216566653199691e-03
5.376216566653199691e-03
2.113805322421886956e-02
3.794982358112791161e-06
1.421220545556109958e-02
5.376216566653199691e-03
5.376216566653199691e-03
5.376216566653199691e-03
5.376216566653199691e-03
5.376216566653199691e-03
5.376216566653199691e-03
5.376216566653199691e-03
5.376216566653199691e-03
5.376216566653199691e-03
5.376216566653199691e-03
5.376216566653199691e-03
5.376216566653199691e-03
5.376216566653199691e-03
5.717773419555999964e-04
9.420411206955300182e-03
4.703248135821100177e-03
1.498765032630679922e-02
2.770337121422000162e-04
2.087240296962000101e-04
1.361133672443100382e-03
2.213736233327799358e-03
4.314895437684357522e-03
3.397773708120143017e-03
3.162480333325427655e-04
3.813959255944029438e-03
4.312362470384514465e-03
4.345253807018685695e-03
1.397818005394642522e-03
2.844970284934628894e-03
2.733651845101418495e-02
5.980890210344972334e-03
7.589964716225612816e-06
7.702545717278198520e-03
1.787183195337062672e-02
8.527324862169243305e-03
4.454043748143856479e-02
6.278163828397170104e-03
5.819022600115726564e-05
0.000000000000000000e+00
9.002964637093468711e-03
9.955498754346426161e-04
1.357337200554428226e-03
1.784906702432299775e-03
1.836772454346914663e-03
3.364879392424777443e-04
4.346519297648343549e-03
4.111863161585636584e-01
1.398830397898338795e-02
1.264994119370919446e-06
0.000000000000000000e+00
4.141590250310243568e-03
2.529988238741870656e-06
1.264994119370919446e-06
3.491378804361870789e-04
1.287763517009342818e-03
0.000000000000000000e+00
1.411732940707742783e-03
7.330637942693356626e-03
5.477469222793154152e-04
4.667823335376427673e-04
8.627264859211575525e-04
3.973344046393113491e-03
2.656487650678963935e-05
3.162480333325427655e-04
1.264992133330171062e-03
1.467394171490614581e-03
6.526102179283613768e-03
4.457837290622371738e-03
2.839910804967285714e-03
5.059976477483741313e-06
6.957467656540143543e-05
2.326324682033257402e-03
1.717862014105700236e-03
1.475741990705072872e-02
3.192842674741213846e-03
7.882175875249313943e-03
1.065126041530614458e-03
3.420543105758585330e-03
8.322394325300569787e-03
0.000000000000000000e+00
2.529992210823358342e-03
2.171993909939485407e-03
1.984774780272585606e-03
5.452123661468285219e-03
3.162480333325441749e-04
0.000000000000000000e+00
3.719102571357302245e-04
1.311925252246532586e-02
7.321788941980039191e-03
1.396553507785499443e-03
2.232462316980100142e-02
5.435682213487783715e-03
3.526805094336670898e-03
7.880913363679998467e-04
5.048589047858414308e-03
3.205497084526629046e-03
2.758949691797014329e-03
9.376131447675425598e-03
3.706442699960144755e-04
1.264994119370919446e-06
1.011995295496748601e-05
2.292168798138926808e-02
1.749992815086734432e-02
6.624773210125185080e-03
9.109221164059523590e-03
1.693825636307027833e-03
1.642848210384169685e-02
2.896835043828828102e-03
1.263729621761756992e-03
1.201490918068322603e-02
2.139106545386772196e-03
3.535658563641699836e-03
2.869007655753614411e-03
3.053695307651242957e-03
0.000000000000000000e+00
3.210553585432829055e-03
3.162480333325427655e-04
5.059976477483741313e-06
1.866372522323952662e-02
0.000000000000000000e+00
6.324970596854693582e-06
5.059976477483741313e-06
4.933477065546644307e-05
9.550700636148428064e-04
4.949921492588242253e-03
4.933477065545998665e-04
1.119519299133042798e-03
0.000000000000000000e+00
0.000000000000000000e+00
