1.897392000000000053e+03
4.648972426468598087e+02
1.288510677629948376e+01
8.119513290914269987e+01
1.139188177737153307e+00
1.582592047024869997e-71
1.790513113276637495e-102
1.287401176233094624e+01
1.285506412116271768e+01
1.285390825114319746e+01
1.274101447639474038e+01
1.273648704111102603e+01
1.272606428756646757e+01
1.272463298112554320e+01
1.269681182977967460e+01
1.266101604237703526e+01
1.261080753318320369e+01
1.285904059990972925e+01
1.281988249464086493e+01
1.276690727702556494e+01
1.273466296343563897e+01
1.268821982532666048e+01
1.257417441152544768e+01
1.252932609879290027e+01
1.250019078612841028e+01
1.244877531028861739e+01
1.242873046101068724e+01
2.911634678989690195e-01
7.137031628618731816e+01
1.130070100349716533e+01
4.042742286601525925e-04
1.187900004969685546e-05
0.000000000000000000e+00
0.000000000000000000e+00
5.116422151679906705e+01
1.524038637527342530e+02
0.000000000000000000e+00
7.689072325299782129e+00
2.000085814270620155e+00
7.967911853169450296e+03
3.721238578479312942e+00
3.730151700068051746e-02
1.129441178598563283e+03
8.196125257401749575e-01
1.558735029233070613e+00
2.060407057605841885e+01
4.186882722024132697e+00
2.546079489430388976e-01
8.894482199143887158e-01
2.746209138769736047e+00
1.140863063339647177e+01
1.121972668403092177e+00
1.412876180404015543e+02
4.926563901034095494e+01
1.602315377919367378e+01
5.529830054768315506e+01
4.022643123784154895e+00
1.404509373167555886e+01
5.203067185802590977e+00
1.275403723202666040e+00
2.043855256258541075e+01
5.933808583488663357e-01
1.088132444860692516e+02
1.157228704243292228e+01
4.204373455226837031e+00
4.147060062899877408e+01
3.443630387289556616e+00
3.900555912043779383e+00
6.841844405825299180e-01
7.116751430375337861e+01
7.300462643274022723e-01
9.402886759438105813e+00
2.651895432785632778e+01
1.674039451977481363e+01
8.394220344853761673e-02
1.497720318032879916e-01
8.995038582426921494e+03
2.095983829054943737e+00
2.894026659566163229e+00
3.530067538588977927e-01
3.181612156485870424e-02
3.622860607361161334e-02
2.369113898196595607e-03
0.000000000000000000e+00
4.602983714264746062e+00
0.000000000000000000e+00
0.000000000000000000e+00
1.416728028185665345e+00
0.000000000000000000e+00
1.584408193601687564e+01
0.000000000000000000e+00
6.092464588424590646e-04
2.861778505239496659e-03
5.499825642055548317e-06
8.625375807789978921e+01
8.298091394820674913e-03
9.478637808064990073e-05
4.939663931384115081e+00
1.478093844779784127e-09
3.316313082484410239e-05
4.981471796512056379e-09
1.396221378156888981e+01
8.284333477728944681e-05
3.253447468699695264e+02
9.648519254201245919e-07
4.006900589813184865e-01
6.461987639339727707e+01
1.127488752270516120e-04
2.939603454711212294e-06
3.661707581634400555e+01
3.299072306958620421e-04
1.204351350654544461e+02
1.118359858216550939e-07
1.371093423647777815e-04
1.846862689220540995e-03
5.229072426464791867e+00
2.953365638070407084e-02
1.078495214176806153e-04
1.725760876704674146e-03
3.677815716036287220e-07
5.892656190556332122e-06
2.259973326712397466e+03
2.625644550678647813e-06
2.318916167198497148e-04
1.727719639020520117e+04
2.303366654879781400e-02
2.297043829560851402e-01
1.804031055460896596e+03
2.405103897940491509e-03
1.577365242777452672e-02
1.605703758405174070e-02
1.490019397067989526e-01
3.778938256529640605e-06
5.060245616822608428e-01
9.872396641903002487e-11
2.221341797402637663e-12
2.763543848837766767e-12
5.258179466626760213e-04
1.904334740619088958e-10
1.567169951265726668e-01
6.089837624919927528e+00
1.860963953539336161e-11
1.307731254978044655e-12
2.025109779787533889e-12
2.067784051884204646e-09
1.513690919071419282e-10
2.264488791884902501e-10
6.537845677103076398e-12
2.485665441899189549e-18
7.356560127309129395e-10
1.262504070407585178e-12
2.528043900499691114e-10
1.571429286847305744e-14
3.579220069048624085e-09
3.593607880683682851e-12
7.595861225205570162e-16
4.972682611509080237e-18
6.212993449454101772e-19
1.931836761956359901e-16
4.195663065811337760e-17
3.861953951792306003e-17
0.000000000000000000e+00
2.560855933084987868e+01
4.944187299596923424e+01
2.105979692646012551e-04
4.066779171415894358e-04
4.976422741159808397e-05
2.295744226831125729e-13
4.432654495602782657e-13
0.000000000000000000e+00
1.465268487574121359e+01
2.160542821769560111e-04
2.039848094146578639e+00
3.553676972716045268e-02
1.739096393050617445e-02
6.557848055276718213e-01
5.393017933452843732e-06
1.274367962044925001e-06
5.878899695649662644e-15
4.435156591450076358e-11
1.048025713341524075e-11
4.834740223683506498e-20
1.142447164442725634e-20
5.270324181751125626e-29
2.147000277327230366e-01
4.160949088332211061e-03
1.459864571134011468e+00
1.025074912126276855e-01
3.954604354355753088e-16
6.422363819288479916e-24
3.036482598087470392e-32
1.984021674440759333e-17
4.173396192406343567e-20
1.098609327744899862e-17
3.230531682487740746e-19
0.000000000000000000e+00
8.222928700720144734e-15
7.308816181641216010e-20
7.739499031687901433e-29
1.207638275951623345e-27
1.403703602613014161e-22
3.192884441829597717e-28
0.000000000000000000e+00
1.415703060019189040e-36
5.700859619314379643e-36
0.000000000000000000e+00
6.665461623736445324e-31
1.338104361355173838e-36
6.174948604214454929e-45
2.484056456178361298e-16
1.127243013087033346e-38
1.389731198467119493e-16
1.261612685567765640e-17
0.000000000000000000e+00
2.446495287621140345e-31
1.598951517007641599e-38
3.263016815487783595e-47
6.662546705092368907e-47
5.118693143000857911e-55
1.312842998372413913e-63
8.649533396342857916e-34
8.706214640612656292e-42
1.238594879132510229e-33
3.360731081654315889e-35
0.000000000000000000e+00
4.945096213715436839e+00
4.066771883550112851e-05
4.433170811316586510e-14
3.212165947637682700e-19
0.000000000000000000e+00
8.097867926778712091e-15
2.409252474794690391e-31
7.266518065375385530e-20
1.589469455311369133e-38
7.694969623625451103e-29
3.244051146438026650e-47
1.206523652317345069e-27
0.000000000000000000e+00
1.395408332057712549e-22
1.414186699156931345e-36
5.112574423468522788e-55
5.695644924716954553e-36
0.000000000000000000e+00
6.627440245707282477e-31
1.336723778781763803e-36
6.168734736851656548e-45
1.311500731876488112e-63
2.482011386431278482e-16
8.641618904991404800e-34
8.696453483374267587e-42
1.125888415873981835e-38
1.236970294693376843e-33
1.387995020166231612e-16
1.259744212791269260e-17
0.000000000000000000e+00
3.354478439246153331e-35
0.000000000000000000e+00
1.518611134497531922e-17
0.000000000000000000e+00
3.926594591303393617e-35
0.000000000000000000e+00
2.246552752420365092e-23
0.000000000000000000e+00
5.696724515605787872e-19
1.670226042731065463e-35
5.077758358274100280e-24
1.098709456677435576e-42
5.326280744812564420e-33
2.219347113977457706e-51
8.604397593307734439e-32
0.000000000000000000e+00
9.803262995915748312e-27
9.967209640530830581e-41
3.560929773044023176e-59
4.011577232826080505e-40
0.000000000000000000e+00
4.598540790084663532e-35
9.409355095733861733e-41
4.294461176524697174e-49
9.028350451301593623e-68
1.752039119636196261e-20
6.027503966413729773e-38
6.148801197503309925e-46
7.935693309108573823e-43
8.575469168742101260e-38
9.743024879742617159e-21
8.713010070689710831e-22
0.000000000000000000e+00
2.250755282195309409e-39
0.000000000000000000e+00
1.944101506635541600e-18
0.000000000000000000e+00
1.356478539402881547e-13
3.902462586771004550e-30
4.387961263627799319e-19
9.361594433100899781e-38
4.550541905824183892e-28
1.867964183054240899e-46
5.939036124936202681e-28
0.000000000000000000e+00
8.527659393806816251e-22
6.844894895321853931e-37
2.433305156211539154e-55
2.754859227495026728e-36
0.000000000000000000e+00
3.939187418519888360e-30
6.458751751944770201e-37
2.934873042785119612e-45
6.142429126393239030e-64
1.214959653130646408e-16
4.158405537277073691e-34
4.223617224115418366e-42
5.448166843818002258e-39
5.897633044860485172e-34
6.735991989343990582e-17
1.967162365783328334e-17
0.000000000000000000e+00
3.556424396626711284e-35
0.000000000000000000e+00
1.945821856026710773e-18
0.000000000000000000e+00
1.357663792234459878e-13
3.905933065766609737e-30
4.391848788091221638e-19
9.369997073726084143e-38
4.554617601329065439e-28
1.869660904484361693e-46
5.947463522717551397e-28
0.000000000000000000e+00
8.535167923315774898e-22
6.854690920140930488e-37
2.436817602719594753e-55
2.758803229876659356e-36
0.000000000000000000e+00
3.942706210872904738e-30
6.468003327656546487e-37
2.939110292493016623e-45
6.151369299108629390e-64
1.216688332455845148e-16
4.164373867934783425e-34
4.229651419641986599e-42
5.455964990795733541e-39
5.906137466728130409e-34
6.745617919674020219e-17
1.967358339869264078e-17
0.000000000000000000e+00
3.556917025829192585e-35
0.000000000000000000e+00
2.558172489708563014e-17
0.000000000000000000e+00
4.607202280874857165e-35
0.000000000000000000e+00
1.327824266905989833e-22
0.000000000000000000e+00
3.719490620918765976e-18
1.105851555923671533e-34
2.670192219374702715e-23
5.837386713168997069e-42
3.885873794161487225e-32
1.637598995895968566e-50
3.880646948443257803e-31
0.000000000000000000e+00
5.128383642835812332e-26
5.845760372250559682e-40
2.112553358661447690e-58
2.615913560061870780e-39
0.000000000000000000e+00
3.346730708208320359e-34
5.525026898891529248e-40
3.398380451278092489e-48
7.222497268433007225e-67
2.280316700531057673e-20
7.936755598061263497e-38
3.994975244067657415e-46
5.170858995319137247e-43
4.543205176734168673e-37
5.100005203154818722e-20
3.485849737710071484e-21
0.000000000000000000e+00
9.005378946473906674e-39
0.000000000000000000e+00
8.049252407564278708e-22
0.000000000000000000e+00
6.240229296307557029e-17
1.795255985966032863e-33
1.614913156540119387e-22
3.445372800550508811e-41
2.302766554837137597e-31
9.452738661876696174e-50
1.913578908801193956e-31
0.000000000000000000e+00
3.138457329840751901e-25
2.835563453853491523e-40
1.008025389894593203e-58
1.268036599154055278e-39
0.000000000000000000e+00
1.993405888033682835e-33
2.675614122085864222e-40
1.621074412507520393e-48
3.392765113810688787e-67
1.118469698598024773e-20
3.828152372206695957e-38
1.943998831807700177e-46
2.507620718726898459e-43
2.171596796685804834e-37
2.480293059403740446e-20
5.878966418459149998e-21
0.000000000000000000e+00
1.058749543350479028e-38
0.000000000000000000e+00
5.357932354117615654e-20
0.000000000000000000e+00
1.349705470423324281e-15
4.016733529559932168e-32
9.089895363032484767e-21
1.987022807105236724e-39
9.623006116235985300e-30
4.056053232656367049e-48
1.509580024404972438e-28
0.000000000000000000e+00
1.745840659595152766e-23
1.179249885528667067e-37
4.262245605916365159e-56
7.124917290552358476e-37
0.000000000000000000e+00
8.289693688006934314e-32
1.114759464533354139e-37
5.143268965919018875e-46
1.093226674164336183e-64
4.140569415874558126e-17
1.441276178207242581e-34
1.813412963319273029e-42
2.347062698439384404e-39
1.031225856732680043e-34
3.472351021202852100e-17
9.495798993137696355e-19
0.000000000000000000e+00
2.453575978211615510e-36
0.000000000000000000e+00
8.856062215836379669e-20
0.000000000000000000e+00
1.115805036612941874e-15
3.312670796387666562e-32
5.010642638046369359e-20
1.094094197434966385e-38
2.116965201543564940e-29
8.909115158986230860e-48
9.990666758315513803e-28
0.000000000000000000e+00
9.593610596030126929e-23
1.168700762328322344e-36
4.217710229378708904e-55
2.353559221017456657e-36
0.000000000000000000e+00
1.826218595252536674e-31
1.105289318190835337e-36
2.542365056792746002e-45
5.407016388025535565e-64
1.028471562685420933e-16
3.574033818394709933e-34
3.568773421946250480e-42
4.614329678698894838e-39
1.190521077830665886e-33
1.529730679273420389e-16
1.088523146437853486e-17
0.000000000000000000e+00
2.800540277345304249e-35
0.000000000000000000e+00
7.260264087426066795e-20
0.000000000000000000e+00
9.151014313777439525e-16
2.721978479625841827e-32
4.106575546232370520e-20
8.981219101314295796e-39
1.738970856155807566e-29
7.330989020207250652e-48
8.183415625344405152e-28
0.000000000000000000e+00
7.886574121536870196e-23
9.588866075814489627e-37
3.466485556682684271e-55
1.931226658225708440e-36
0.000000000000000000e+00
1.497972283296263102e-31
9.064595447504996325e-37
2.091280961767212083e-45
4.445423391655083075e-64
8.416696095083596468e-17
2.929929553914948171e-34
2.946932188590306799e-42
3.814732100050570442e-39
9.777719666166591183e-34
1.254113942894921085e-16
9.008175937624201730e-18
0.000000000000000000e+00
2.328121290530977136e-35
0.000000000000000000e+00
1.281689607476400979e-21
0.000000000000000000e+00
9.936335085283488903e-17
2.858547317626855214e-33
2.571453568201048367e-22
5.486062381947719254e-41
3.666676630008035443e-31
1.505142243546531678e-49
3.047057140406395576e-31
0.000000000000000000e+00
4.997445777580832941e-25
4.515082789509845078e-40
1.605074361623953857e-58
2.019112717143073901e-39
0.000000000000000000e+00
3.174110930283612423e-33
4.260415241437601613e-40
2.581228911231257488e-48
5.402220726131867856e-67
1.780970772666298660e-20
6.095599803738966604e-38
3.095315386638719200e-46
3.992727005164936087e-43
3.457660683584897910e-37
3.949223901603668733e-20
9.360956058670582697e-21
0.000000000000000000e+00
1.685770404225412747e-38
0.000000000000000000e+00
1.067758801447151712e-20
0.000000000000000000e+00
2.990997486601690705e-16
8.892603630863809637e-33
2.147212982040149138e-21
4.694081893669425810e-40
3.124790542445699566e-30
1.316859744473120711e-48
3.120591792414027732e-29
0.000000000000000000e+00
4.123948232205785097e-24
4.700819271964508926e-38
1.698791050178533430e-56
2.103564892117278069e-37
0.000000000000000000e+00
2.691243379685297549e-32
4.442903425909179889e-38
2.732777190982951896e-46
5.807903107663672589e-65
1.833698043582774986e-18
6.382273804183815852e-36
3.212526927499857963e-44
4.158102710117780570e-41
3.653378103008415386e-35
4.101126612821221744e-18
2.803114825105213918e-19
0.000000000000000000e+00
7.241584759623186296e-37
0.000000000000000000e+00
4.868910219593061313e-19
0.000000000000000000e+00
1.226469720848069768e-14
3.650041223272916462e-31
8.260224655988943532e-20
1.805601583833824473e-38
8.744556486962996149e-29
3.685755596957224490e-47
1.371807417794677914e-27
0.000000000000000000e+00
1.586503211467240857e-22
1.071610371148028763e-36
3.873154040972600483e-55
6.474602746475838991e-36
0.000000000000000000e+00
7.533030687238335049e-31
1.013011028281811695e-36
4.673775213787895527e-45
9.934228062181514387e-64
3.762678205880660712e-16
1.309722923631503851e-33
1.647916086718910977e-41
2.132834188885611399e-38
9.370911282149665913e-34
3.155420370827372245e-16
8.628976298950480591e-18
0.000000000000000000e+00
2.229529801022662662e-35
0.000000000000000000e+00
8.764839149933266751e-19
0.000000000000000000e+00
1.104308493597105964e-14
3.278495204261266229e-31
4.959040667190889269e-19
1.082814516752166322e-37
2.095129636852292497e-28
8.817115559761903964e-47
9.887817529886181663e-27
0.000000000000000000e+00
9.494607960917490309e-22
1.156655813099576906e-35
4.174191264583239951e-54
2.329301442978143953e-35
0.000000000000000000e+00
1.807400391800498238e-30
1.093901303752139817e-35
2.516117733014582095e-44
5.351213462101115606e-63
1.017890229462526797e-15
3.537219835423068113e-33
3.531832990802196728e-41
4.566528515554052338e-38
1.178242888545724831e-32
1.513973241880620964e-15
1.077318696586671446e-16
0.000000000000000000e+00
2.771695725291941836e-34
0.000000000000000000e+00
0.000000000000000000e+00
0.000000000000000000e+00
0.000000000000000000e+00
0.000000000000000000e+00
0.000000000000000000e+00
0.000000000000000000e+00
0.000000000000000000e+00
0.000000000000000000e+00
0.000000000000000000e+00
0.000000000000000000e+00
0.000000000000000000e+00
0.000000000000000000e+00
0.000000000000000000e+00
0.000000000000000000e+00
0.000000000000000000e+00
0.000000000000000000e+00
0.000000000000000000e+00
0.000000000000000000e+00
0.000000000000000000e+00
0.000000000000000000e+00
0.000000000000000000e+00
0.000000000000000000e+00
0.000000000000000000e+00
0.000000000000000000e+00
0.000000000000000000e+00
0.000000000000000000e+00
0.000000000000000000e+00
0.000000000000000000e+00
0.000000000000000000e+00
1.634433972955210423e+00
7.183298238405596550e-05
6.464680197007260709e+00
8.959877430747462768e+01
1.195082298642214103e-01
2.304884756945409841e+00
2.127692673036674620e+01
3.455186520287836099e-02
1.498514175888325894e+01
4.845095593620299290e+00
1.183663541441687947e-10
3.957516233349437584e+00
5.770531781887121573e-10
2.689703039545034222e-11
0.000000000000000000e+00
0.000000000000000000e+00
1.197286542428276922e-12
4.200439896197054324e-03
5.029126563448189226e-17
1.622042033380251880e+01
1.608285215466531099e+03
1.778710337518480733e+00
0.000000000000000000e+00
2.086111997110975125e+01
1.081333330918403002e+00
1.740044039587105740e+00
3.620333192702552411e-02
9.950890266809313267e-02
4.646919895616720169e+02
1.090033354105607515e+02
2.556677035547738228e+02
1.369974951520838540e-11
7.787979589503654765e+00
1.401842471051665200e+02
1.088625707262825557e+02
2.102189113556213229e+01
5.335086984751581696e+01
9.501088996675802737e-14
1.247378538702608657e-11
1.173464571971831581e-09
2.063152463772664950e-09
2.632820852440266890e+01
5.433282436145389414e-09
6.467212019387824640e-01
1.241389024363130228e-01
6.210925655379429672e-02
1.850250709384132790e+02
1.600259478223950966e-13
9.996222873402461119e+03
3.569249837340370934e+00
4.347033573472606216e-01
8.578675653537896073e-01
2.664268625218281628e+01
9.287795636956841516e-02
9.288722107598982314e-01
1.024886375580731368e+01
3.657719404402218211e-01
1.157947131850139422e-01
5.048773272561048187e-02
5.186109766498386620e+00
2.412061391946214162e+00
9.631934377849964840e-03
2.016472742733803045e+02
1.700361872629265747e+01
4.318488344552812164e-02
5.014612407688922024e-01
7.650025031623839400e-01
2.163410567141243190e-01
2.115060000962496645e+01
2.531503788726713627e-13
7.778781451672550039e-11
3.455414697185855175e+02
0.000000000000000000e+00
4.689096827092073738e+01
3.656452045266887296e+01
2.124171323973785661e+02
3.348998441573131646e-01
1.353609490644345437e+00
6.444465697901388523e+01
0.000000000000000000e+00
1.514811839314931295e-11
3.063188023835737539e+01
2.496831849972308392e-10
3.722955472623094564e-01
9.090082274252131384e-11
4.728918851328222576e-04
2.307755284058957829e-02
2.088106610554579523e-01
7.352778693201982792e-17
4.808568785157671388e-02
0.000000000000000000e+00
7.706815113162278630e-01
1.807796517819202364e-01
5.994239339371285169e+00
4.674174295790228584e+00
2.102200749520339329e+01
4.606592473978801538e-15
1.210621999103943047e-14
5.690046686482595392e-11
1.495110365407768084e-10
7.951997254837399853e-14
1.410513374246976466e-03
1.045945506260628202e-03
9.310124781839152581e-04
1.702747040318520755e-01
2.328956374377217677e-03
5.325813236190689304e-02
0.000000000000000000e+00
9.103301275973433530e-14
7.490048356136667207e-13
1.413985109644887552e-03
1.184694265391446142e-13
4.552826867367101951e-13
0.000000000000000000e+00
1.587941300454776207e-12
5.726589906171349054e-02
3.278980601550979951e-04
1.385193912923837929e-03
3.249265338370309624e-04
1.175797515007190270e+02
4.367472050570850861e+00
3.027198163858184077e-01
7.033552046310394879e+00
1.649868453801527801e+00
1.004420491344197330e+01
0.000000000000000000e+00
0.000000000000000000e+00
0.000000000000000000e+00
0.000000000000000000e+00
5.797586311535327042e+01
6.816665185471080690e+01
0.000000000000000000e+00
0.000000000000000000e+00
0.000000000000000000e+00
0.000000000000000000e+00
0.000000000000000000e+00
6.437551597907298882e-03
1.192892930138101173e-03
9.361006134355707173e-05
1.815266064787042759e-03
3.238383952569186784e-03
5.376216566653199691e-03
5.376216566653199691e-03
5.376216566653199691e-03
5.376216566653199691e-03
2.430053355754429809e-02
3.794982358112791161e-06
1.516094955555873265e-02
5.376216566653199691e-03
5.376216566653199691e-03
5.376216566653199691e-03
5.376216566653199691e-03
5.376216566653199691e-03
5.376216566653199691e-03
5.376216566653199691e-03
5.376216566653199691e-03
5.376216566653199691e-03
5.376216566653199691e-03
5.376216566653199691e-03
5.376216566653199691e-03
5.376216566653199691e-03
5.717773419555999964e-04
9.420411206955300182e-03
4.703248135821100177e-03
1.498765032630679922e-02
2.770337121422000162e-04
2.087240296962000101e-04
9.614153911292929312e-05
5.578638961730716462e-04
7.161127737677241978e-03
2.449029608122514287e-03
0.000000000000000000e+00
3.813959255944029438e-03
3.047370337054342536e-03
3.080261673688514199e-03
1.714066038727185288e-03
2.844970284934628894e-03
2.480653418435384283e-02
5.348394143679886803e-03
7.589964716225612816e-06
6.437553583948027458e-03
1.660683982004046433e-02
9.476068962166871168e-03
4.011296501478296694e-02
4.696923661734455843e-03
5.819022600115726564e-05
1.884846202964572583e-04
1.058420480375618471e-02
0.000000000000000000e+00
7.248411338893426953e-04
1.784906702432298691e-03
4.050508687674715322e-03
2.023990590993499574e-05
4.346519297648343549e-03
4.614697534584379368e-01
1.114207167899050090e-02
1.264994119370919446e-06
0.000000000000000000e+00
3.509094183645157603e-03
2.529988238741870656e-06
1.264994119370919446e-06
3.288984710364431345e-05
3.390194170117145759e-04
0.000000000000000000e+00
7.792368740426572522e-04
4.484405642700471303e-03
3.710227255604743070e-03
1.505343002051000019e-04
1.811470585918785849e-03
2.708351913062943296e-03
2.656487650678970711e-05
5.059971512381428865e-04
1.120783796742185661e-03
3.364882371485870740e-03
3.363621845958186113e-03
3.192845157292201110e-03
3.472406871632371245e-03
5.059976477483741313e-06
3.162480333325427655e-04
2.958820748698342065e-03
2.350358080770785767e-03
1.191118760705784339e-02
1.927850541411042784e-03
4.719695541923887155e-03
2.962614241525872352e-03
3.420543105758584897e-03
3.578673825312427871e-03
0.000000000000000000e+00
5.059976477483700032e-03
2.171993909939485407e-03
7.197826469424144355e-04
7.033363828130998613e-03
1.581240166662713827e-03
3.162480333325433076e-04
1.636902390465901341e-03
1.375174858913041399e-02
8.903029108642752584e-03
1.080305474452957328e-03
2.453835940312880035e-02
1.176064288013863902e-02
5.740541327664470256e-03
7.880913363679998467e-04
5.364837081190956640e-03
8.265465617847309390e-03
2.442701658464471130e-03
7.162395214347625806e-03
3.706442699960144755e-04
1.264994119370919446e-06
1.011995295496748601e-05
1.722922338140349743e-02
1.813242421753243072e-02
7.889765343455356142e-03
5.630492797401552736e-03
1.377577602974485067e-03
1.642848210384169685e-02
3.213083077161370867e-03
1.579977655094299757e-03
1.264740524734831069e-02
2.455354578719314961e-03
4.484402663639328566e-03
4.450247822416328672e-03
1.788703174321071895e-03
2.909486474553155913e-05
2.894305552100286290e-03
1.657142296375000074e-04
5.059976477483741313e-06
2.087746145656732902e-02
8.526050434355858434e-04
6.324970596854693582e-06
5.059976477483741313e-06
3.655828039880092356e-04
9.550700636148428064e-04
5.266169525920785452e-03
1.770996732220571823e-04
0.000000000000000000e+00
6.527364690851426973e-04
0.000000000000000000e+00
