1.897392000000000053e+03
2.937493976251306549e+02
7.648984465539828470e+00
9.151841552236818700e+01
1.055210250511435577e+00
2.725034310040164264e-78
8.214455086657460473e-103
7.621677970788600653e+00
7.576060492054569551e+00
7.573281719557843239e+00
7.356178717610609041e+00
7.347556752766402965e+00
7.328158034561193190e+00
7.325502560880522651e+00
7.277097153133319729e+00
7.220050388971287703e+00
7.149708332508033948e+00
7.586016271416176515e+00
7.496912895338009086e+00
7.388019260593997828e+00
7.326301852689548255e+00
7.247462535446843823e+00
7.103222119976257076e+00
7.052357543918676974e+00
7.021469811802619532e+00
6.972446420927192356e+00
6.954072006788894811e+00
9.213423573279395651e-01
7.228706418988969062e+01
1.398377070478532325e+01
1.852529866788188157e-04
1.142535633489992434e-05
0.000000000000000000e+00
0.000000000000000000e+00
4.901880823331102022e+01
1.524579304246585991e+02
0.000000000000000000e+00
7.675285798043506524e+00
1.725317236139624510e+00
7.970127572026435701e+03
3.609747343800277175e+00
3.646041548782654601e-02
1.128594343087752350e+03
8.843906379279379282e-01
1.547832273321128715e+00
2.015830813266542165e+01
4.088061720066937355e+00
2.544911956114405682e-01
8.891397460057924862e-01
2.745020138960732936e+00
1.140871100676054084e+01
1.122126906569606231e+00
1.412845504346215932e+02
4.924587065927050133e+01
1.602476401977044063e+01
5.529829672155634768e+01
4.022088685061717683e+00
1.404284090453319322e+01
5.210219989310729716e+00
1.277891959292256407e+00
2.045017601723364109e+01
5.945293873981380983e-01
1.088109172978440284e+02
1.158560079649847196e+01
4.204179338449132608e+00
4.151083218867336910e+01
3.443668150877372547e+00
3.900589662394616575e+00
6.841896094359746217e-01
7.116751225918490320e+01
7.300521764816039205e-01
9.402894499512958859e+00
2.651895126431978156e+01
1.674039603185831382e+01
8.398961685330255666e-02
1.497720318032879916e-01
8.990820587855996564e+03
2.028790691312109651e+00
2.893558871832659030e+00
3.437854985614893222e-01
3.180012193002514087e-02
3.627545517164639660e-02
2.368836230994947594e-03
0.000000000000000000e+00
5.212026449915665438e+00
0.000000000000000000e+00
0.000000000000000000e+00
5.537323498563873070e-01
0.000000000000000000e+00
1.756115428102267373e+01
0.000000000000000000e+00
6.387963650271310948e-04
2.861492862996322609e-03
5.763413824055713504e-06
8.671851870641009441e+01
8.743433378804824421e-03
8.879243271447471151e-05
4.735096502016664211e+00
1.327245673831790201e-09
2.606690537885160953e-05
4.339847231169758215e-09
1.570252198002464361e+01
8.727681660816308457e-05
3.194325621040820806e+02
8.873890284512011914e-07
3.830646908298296904e-01
7.047189724748700712e+01
1.288600836528674932e-04
3.490935119011421736e-06
3.362444831155971059e+01
3.592440149443738005e-04
1.184000330904579386e+02
1.305672743487278800e-07
1.623341969796037246e-04
2.188749873548798651e-03
4.801541927205284388e+00
3.207425768457353166e-02
1.514756718341697401e-04
2.224128106648378192e-03
7.255126075361638850e-07
1.069475999229773653e-05
2.259949858401751953e+03
5.179521178022468905e-06
4.401806732857705372e-04
1.728978296924720416e+04
4.375460384256166235e-02
4.359787605743278838e-01
1.952704562956381551e+03
4.941634268745834051e-03
3.042084910404629222e-02
3.046317725874980384e-02
7.243251357923523315e-02
3.485200882048091695e-06
3.637655492388239264e-01
9.318303253915781987e-12
1.946460184084888436e-13
2.413923121976867073e-13
8.043571386565222551e-04
1.899054898076776715e-11
2.663458190535746839e-01
6.104222268962224973e+00
2.080491600887144692e-11
1.895553625546604835e-12
1.533064209230111762e-12
2.113325363231222441e-09
1.940636603703269955e-10
1.584867698442827553e-10
6.337750112217305971e-12
2.368799840686610141e-18
6.334065351347215201e-10
1.235702975885389789e-12
2.457731214128904664e-10
1.753390648799254228e-14
4.032161764473335102e-09
4.056501184865180354e-12
6.926042941366772015e-16
4.938751846954815052e-18
6.170976671856496958e-19
2.417272678142932625e-16
4.167034822728952884e-17
1.327286577079025721e-17
0.000000000000000000e+00
2.232724241299174750e+01
4.352786372743525334e+01
2.093924226118363716e-04
4.082713147320196699e-04
4.988823209898586472e-05
2.267470524530030277e-13
4.420521506605075549e-13
0.000000000000000000e+00
1.300187636977829975e+01
2.160542763710589340e-04
1.990908841337581503e+00
2.955103704062497436e-02
1.169828505119143922e-02
4.985027926573766810e-01
4.675112973165386443e-06
1.113855161293150816e-06
5.062530598987084983e-15
4.384531588760627178e-11
1.044623556254759801e-11
4.747869293122472063e-20
1.131189502295136061e-20
5.141316095319052652e-29
1.690478443280126197e-01
3.963695399803764466e-03
1.536931086120568501e+00
3.092865340370051785e-02
3.573132004859072540e-16
7.020992800411118507e-24
3.161983191798887691e-32
1.964905801268808212e-17
5.221425751639518884e-20
1.152427844388927608e-17
2.796176695355716976e-19
0.000000000000000000e+00
6.468320027773366882e-15
6.464387641137480807e-20
6.824588807032165583e-29
1.303816869047946897e-27
1.328364034598101939e-22
3.496012477273348688e-28
0.000000000000000000e+00
1.520762954941538545e-36
5.876306569851869839e-36
0.000000000000000000e+00
5.972576516793075916e-31
1.389699023846741476e-36
6.329575355836841171e-45
2.185388991071799213e-16
1.776777830312484872e-38
1.469864139582165109e-16
5.835901735507239466e-18
0.000000000000000000e+00
1.797450572244940838e-31
1.403826664466685581e-38
2.771982585733596874e-47
7.390483867531296012e-47
5.419474487123101485e-55
1.354037887024807392e-63
7.883690699606967831e-34
1.362759842067730289e-41
1.325114387357897145e-33
6.052177619086147061e-36
0.000000000000000000e+00
4.353322340872934681e+00
4.082725207783687629e-05
4.421057552290151782e-14
2.775872935219998155e-19
0.000000000000000000e+00
6.341796001776117721e-15
1.762285660504700846e-31
6.417027064065615320e-20
1.393352128027531040e-38
6.774605815692225119e-29
2.751525804683969457e-47
1.302344716129726068e-27
0.000000000000000000e+00
1.318474917038597456e-22
1.518852447100377277e-36
5.412000517865846438e-55
5.869864992518864685e-36
0.000000000000000000e+00
5.929056282759043433e-31
1.388006544487660365e-36
6.322160294354067806e-45
1.352405599864169571e-63
2.183293103813382861e-16
7.875453652083286653e-34
1.360990586012968853e-41
1.774411165853128644e-38
1.323261382867676492e-33
1.467886125424936870e-16
5.829119238392030701e-18
0.000000000000000000e+00
6.044261496320546072e-36
0.000000000000000000e+00
6.880074139913467610e-18
0.000000000000000000e+00
7.053683541867698316e-36
0.000000000000000000e+00
1.946300025906879773e-23
0.000000000000000000e+00
4.522685373238032398e-19
1.239305361278268954e-35
4.495134451707958281e-24
9.652063070776728916e-43
4.698341022728792363e-33
1.886066827654491194e-51
9.190926633564568738e-32
0.000000000000000000e+00
9.265452068100659921e-27
1.059355704980588034e-40
3.726518004343711904e-59
4.094749858763085189e-40
0.000000000000000000e+00
4.118928880731701975e-35
9.673376948124557872e-41
4.359595693411427618e-49
9.200249069219120602e-68
1.540652188927456378e-20
5.490561936146990936e-38
9.567597224213711103e-46
1.243650238221676899e-42
9.143683251142191349e-38
1.027621938889924019e-20
4.103313127102804715e-22
0.000000000000000000e+00
4.200268983499328086e-40
0.000000000000000000e+00
2.167903879942011803e-18
0.000000000000000000e+00
1.402256276031619982e-13
3.774389870784067224e-30
4.999870341253015700e-19
1.058301498934741933e-37
5.161141119667771520e-28
2.042125946675662088e-46
7.755128023048709854e-28
0.000000000000000000e+00
1.033984363273173095e-21
8.894880140977259920e-37
3.113007271042349414e-55
3.439107377897796567e-36
0.000000000000000000e+00
4.532414299880986839e-30
8.120805276886992774e-37
3.644422581226401652e-45
7.651093759679130103e-64
1.311234702569801076e-16
4.649312108506985070e-34
8.055200977344344529e-42
1.045722759805364989e-38
7.710447552356756549e-34
8.712157765457843883e-17
1.390404837837404303e-17
0.000000000000000000e+00
1.181899395624459629e-35
0.000000000000000000e+00
2.169824242460882048e-18
0.000000000000000000e+00
1.403471240665214878e-13
3.777714843808874681e-30
5.004304701455019270e-19
1.059252690236871095e-37
5.165772494039612029e-28
2.043983932429071244e-46
7.766228459861659528e-28
0.000000000000000000e+00
1.034898320267202830e-21
8.907720766986232557e-37
3.117542981798149586e-55
3.444070934197293728e-36
0.000000000000000000e+00
4.536474225285844915e-30
8.132534245252292484e-37
3.649726598626417424e-45
7.662337938576789504e-64
1.313103242430220654e-16
4.655995617545086583e-34
8.066766785105958532e-42
1.047227515149873364e-38
7.721605804644844955e-34
8.724647346822748236e-17
1.390518462107581814e-17
0.000000000000000000e+00
1.182012826672287377e-35
0.000000000000000000e+00
1.723909480346434688e-17
0.000000000000000000e+00
1.463331229140141964e-35
0.000000000000000000e+00
9.883492760331994881e-23
0.000000000000000000e+00
2.509714991638321517e-18
6.969275199159350522e-35
2.031027865607057106e-23
4.407268718804268665e-42
2.946606280545045317e-32
1.196276988598854259e-50
3.606682252045379486e-31
0.000000000000000000e+00
4.173397229139412638e-26
5.405649342942497054e-40
1.925261636679365779e-58
2.321266474975064673e-39
0.000000000000000000e+00
2.578638759875451415e-34
4.939514435381097086e-40
2.998776191706083478e-48
6.411789467279918827e-67
1.727642354546496663e-20
6.229604437328565227e-38
5.382684401923212594e-46
7.017480385485460883e-43
4.185372749317158893e-37
4.644993554207464935e-20
1.360986710428938249e-21
0.000000000000000000e+00
1.394919068061999626e-39
0.000000000000000000e+00
7.731328139322009483e-22
0.000000000000000000e+00
5.556388132179260486e-17
1.495586868928050637e-33
1.584976082662135016e-22
3.354850240379343469e-41
2.249623068249687169e-31
8.901203336476487242e-50
2.152271032272051923e-31
0.000000000000000000e+00
3.277766430193374707e-25
3.173875399578240227e-40
1.110790255787107819e-58
1.363500927486779497e-39
0.000000000000000000e+00
1.975586675675017806e-33
2.897685761251465410e-40
1.733881551050058726e-48
3.640105120332118713e-67
1.039729845664313548e-20
3.686621215615645423e-38
3.193480415303508974e-46
4.145762051523563297e-43
2.445441151898135138e-37
2.763144780173807732e-20
3.412484815227347437e-21
0.000000000000000000e+00
2.896638217908608556e-39
0.000000000000000000e+00
5.032462173841780815e-20
0.000000000000000000e+00
1.149048407808689255e-15
3.194018594867740628e-32
8.724597587107648052e-21
1.893165141756650983e-39
9.208155902346596581e-30
3.739136203574198828e-48
1.770637377862267741e-28
0.000000000000000000e+00
1.792814215964414185e-23
1.376249360047953401e-37
4.902605112398660106e-56
7.979193777130473221e-37
0.000000000000000000e+00
8.060235330818423851e-32
1.257814622285715659e-37
5.728002857221509787e-46
1.224959655922885351e-64
3.958554405954441008e-17
1.427561311328130407e-34
3.083703197862547833e-42
4.019782655208031461e-39
1.198895954408364327e-34
3.990942540257700972e-17
4.677394897348365358e-19
0.000000000000000000e+00
4.793891379591775116e-37
0.000000000000000000e+00
6.428227265197781803e-20
0.000000000000000000e+00
7.349738640122514673e-16
2.038419852861099547e-32
3.716524201309203665e-20
8.055306381623676343e-39
1.565464341194985642e-29
6.346836521265457523e-48
9.041878059969795376e-28
0.000000000000000000e+00
7.611032882731142970e-23
1.052398730166709069e-36
3.742575643183366598e-55
2.034027370692951557e-36
0.000000000000000000e+00
1.371990684705062563e-31
9.623173322562811555e-37
2.185032089571922498e-45
4.673826535923336478e-64
7.597313076086729682e-17
2.735197541299368830e-34
4.682276671518598174e-42
6.101722583207618600e-39
1.068990155268238703e-33
1.358052861869675659e-16
4.153102137180427412e-18
0.000000000000000000e+00
4.249105539764480750e-36
0.000000000000000000e+00
6.436126295398346249e-20
0.000000000000000000e+00
7.352522126098878923e-16
2.042741348669669486e-32
3.720110894330426670e-20
8.076274292722916553e-39
1.570515661245981788e-29
6.378507621702845769e-48
9.059917500099544347e-28
0.000000000000000000e+00
7.643879777184032813e-23
1.056269960105687920e-36
3.763549136813308980e-55
2.041388615758160683e-36
0.000000000000000000e+00
1.374691424318209858e-31
9.653824720846904921e-37
2.198312629031273284e-45
4.701579032340324878e-64
7.594701228607066201e-17
2.739034870595667347e-34
4.730072427635813677e-42
6.166632258475003349e-39
1.072914753867569309e-33
1.360464179685574597e-16
4.187531195007218253e-18
0.000000000000000000e+00
4.292375931981400460e-36
0.000000000000000000e+00
1.330271581580323412e-21
0.000000000000000000e+00
9.560501877164867189e-17
2.573318410434887818e-33
2.727163041864794189e-22
5.772399932835997087e-41
3.870713275216884948e-31
1.531536143370069925e-49
3.703267975237520216e-31
0.000000000000000000e+00
5.639851551117494481e-25
5.460974475304759645e-40
1.911213527640408632e-58
2.346056673817710859e-39
0.000000000000000000e+00
3.399230924215184829e-33
4.985789058978097126e-40
2.983302415692607674e-48
6.263046812797919751e-67
1.789004436171782269e-20
6.343282432164635218e-38
5.494515180990605914e-46
7.132932937371186647e-43
4.207435436610267442e-37
4.754115449605312384e-20
5.871604959870311088e-21
0.000000000000000000e+00
4.983987685262700727e-39
0.000000000000000000e+00
8.588202914354548493e-21
0.000000000000000000e+00
2.180803158541684840e-16
6.055907454738476322e-33
1.764849855043367737e-21
3.829666943955040197e-40
2.560434247292898158e-30
1.039496417772550550e-48
3.134005486597407410e-29
0.000000000000000000e+00
3.626449698659811648e-24
4.697204354182104755e-38
1.672942607811895195e-56
2.017049664193880661e-37
0.000000000000000000e+00
2.240691008894449570e-32
4.292158808832929007e-38
2.605765625192752558e-46
5.571475750028216706e-65
1.501224877970090334e-18
5.413176022149143634e-36
4.677250081228779044e-44
6.097795524037802164e-41
3.636851780262726265e-35
4.036239030030684708e-18
1.182621488938135960e-19
0.000000000000000000e+00
1.212106289383974135e-37
0.000000000000000000e+00
4.573175190183797569e-19
0.000000000000000000e+00
1.044148881250889106e-14
2.902478755726336247e-31
7.928317544815410327e-20
1.720323557527856948e-38
8.367632755690862785e-29
3.397793296740001592e-47
1.609032785232723054e-27
0.000000000000000000e+00
1.629196344450047294e-22
1.250622997491007438e-36
4.455032382403853085e-55
7.250885679881230269e-36
0.000000000000000000e+00
7.324554143832221995e-31
1.143004673438449182e-36
5.205118049903845603e-45
1.113123821836114131e-63
3.597292803726750606e-16
1.297266186275159528e-33
2.802258958295257830e-41
3.652875491388252008e-38
1.089457895232920771e-33
3.626688714282521840e-16
4.250511707900645788e-18
0.000000000000000000e+00
4.356310939421189163e-36
0.000000000000000000e+00
6.362076522293714490e-19
0.000000000000000000e+00
7.274148279168669578e-15
2.017430550818994138e-31
3.678286016683605133e-19
7.972336148633363170e-38
1.549332966509334137e-28
6.281358467891466622e-47
8.948784380000407909e-27
0.000000000000000000e+00
7.532548186219779862e-22
1.041550947025800100e-35
3.703948850342885692e-54
2.013062431512728451e-35
0.000000000000000000e+00
1.357864934567498381e-30
9.524013826799047799e-36
2.162473399595566497e-44
4.625577598668289292e-63
7.519214617536544887e-16
2.707047221095475704e-33
4.633800651105727415e-41
6.038532656445359085e-38
1.057971364539513812e-32
1.344072409276392019e-15
4.110390038502803694e-17
0.000000000000000000e+00
4.205394918618959644e-35
0.000000000000000000e+00
0.000000000000000000e+00
0.000000000000000000e+00
0.000000000000000000e+00
0.000000000000000000e+00
0.000000000000000000e+00
0.000000000000000000e+00
0.000000000000000000e+00
0.000000000000000000e+00
0.000000000000000000e+00
0.000000000000000000e+00
0.000000000000000000e+00
0.000000000000000000e+00
0.000000000000000000e+00
0.000000000000000000e+00
0.000000000000000000e+00
0.000000000000000000e+00
0.000000000000000000e+00
0.000000000000000000e+00
0.000000000000000000e+00
0.000000000000000000e+00
0.000000000000000000e+00
0.000000000000000000e+00
0.000000000000000000e+00
0.000000000000000000e+00
0.000000000000000000e+00
0.000000000000000000e+00
0.000000000000000000e+00
0.000000000000000000e+00
0.000000000000000000e+00
1.555588825816504484e+00
7.183298795104604460e-05
8.417001452934133710e+00
8.645537360621140976e+01
1.029380515250382239e-01
2.004400477612542808e+00
2.312449301972647575e+01
2.677718237532617299e-02
1.547337482042888013e+01
4.066016925961362993e+00
1.133175697886478658e-10
4.059276977283898802e+00
3.681108092701649729e-10
3.133610724679508092e-11
0.000000000000000000e+00
0.000000000000000000e+00
1.032542843869643099e-12
4.200439696181242251e-03
4.337131805133947155e-17
1.758433112029794998e+01
1.737890208369467700e+03
1.770301472492602057e+00
0.000000000000000000e+00
2.464890811596852416e+01
1.265990815303731143e+00
2.193360125358675194e+00
2.573436785928518919e-02
9.590218342068634882e-02
3.833192836845989291e+02
1.228308175098881776e+02
3.933178639377636614e+02
1.395169750540543808e-11
7.863339402797561384e+00
1.415409274102995312e+02
1.159527219641661588e+02
2.260819007857586982e+01
5.736905297477982657e+01
1.338368574206436743e-13
2.250590875278598657e-11
2.029060142343770589e-09
3.665045671791515442e-09
7.123280472236414695e+00
2.546866570146338319e-09
6.467211955394881473e-01
1.358265774689393357e-01
6.795878568940080799e-02
2.145300206599735304e+02
1.378640775311662978e-13
9.996267410244608982e+03
3.553229933573668564e+00
4.417179032507042580e-01
7.801313493310740865e-01
2.456848743487689291e+01
9.270033478932492021e-02
9.270665067781898028e-01
1.135119392634264734e+01
4.033010398002096486e-01
1.207844210829355641e-01
5.324247666491026265e-02
4.563649561787404885e+00
2.306992711748600655e+00
9.608021998815802212e-03
2.075000940789656454e+02
1.747162701269020246e+01
3.668202516224317034e-02
5.057526391299744795e-01
7.761571749591780200e-01
1.854847893956656224e-01
2.096297613568586371e+01
2.164055075261816754e-13
6.674250471519704813e-11
3.437684651284553752e+02
0.000000000000000000e+00
2.420684110183867688e+01
2.400002072485341387e+01
2.144782633385050019e+02
1.744170379835419948e-01
7.071341579396539512e-01
7.608321832183638378e+01
0.000000000000000000e+00
1.118187755951015549e-11
2.607234947658654534e+01
2.473541774543112753e-10
3.221757467209523385e-01
9.128407294290045834e-11
4.439848425997461301e-04
2.007064349611342377e-02
2.468400091545603081e-01
6.852115232537574503e-17
5.188258316255859454e-02
0.000000000000000000e+00
6.126846392941813768e-01
1.963283752048503028e-01
4.760489509736985703e+00
4.719806191977866661e+00
2.260838802817941939e+01
6.978766948755707761e-15
1.721963792254765496e-14
1.058102053136444539e-10
2.610548788846842742e-10
6.762934927853731469e-14
1.426840969332951112e-03
1.048758700861153730e-03
9.288287492279941309e-04
1.748770703007273553e-01
2.344322450111875969e-03
5.423425990944790581e-02
0.000000000000000000e+00
9.177893864060343739e-14
7.427295464962607836e-13
7.349794285437695604e-04
1.158254395777224144e-13
3.043332838367470569e-13
0.000000000000000000e+00
2.894288927168133650e-12
4.378709749339935314e-02
1.917101835546200365e-04
6.680554643683223048e-04
2.140715092661597374e-04
1.159075748863212709e+02
3.721821633712009803e+00
4.809403433490683777e-01
9.217643687237549344e+00
2.953689288101933208e+00
5.231319246719809968e+00
0.000000000000000000e+00
0.000000000000000000e+00
0.000000000000000000e+00
0.000000000000000000e+00
5.842488538708406764e+01
6.771762958297894386e+01
0.000000000000000000e+00
0.000000000000000000e+00
0.000000000000000000e+00
0.000000000000000000e+00
0.000000000000000000e+00
4.223815364579499090e-03
8.766448968055581912e-04
3.162480333325427655e-04
1.499018031454499994e-03
3.238383952569186784e-03
5.376216566653199691e-03
5.376216566653199691e-03
5.376216566653199691e-03
5.376216566653199691e-03
3.252298242419041086e-02
3.794982358112791161e-06
1.010098102223804667e-02
5.376216566653199691e-03
5.376216566653199691e-03
5.376216566653199691e-03
5.376216566653199691e-03
5.376216566653199691e-03
5.376216566653199691e-03
5.376216566653199691e-03
5.376216566653199691e-03
5.376216566653199691e-03
5.376216566653199691e-03
5.376216566653199691e-03
5.376216566653199691e-03
5.376216566653199691e-03
5.717773419555999964e-04
9.420411206955300182e-03
4.703248135821100177e-03
1.498765032630679922e-02
2.770337121422000162e-04
2.087240296962000101e-04
1.677381705775643148e-03
1.581240166662713827e-03
2.733655271021644129e-03
4.030269774785227681e-03
5.009371747606427162e-04
4.130207289276571769e-03
3.679866403719428067e-03
4.977749873683771226e-03
1.714066038727185288e-03
1.263730118271915066e-03
2.449028615102129963e-02
6.613386277010056997e-03
7.589964716225612816e-06
7.070049650613112989e-03
1.629059178670791072e-02
7.578580762171614575e-03
3.916422091478533735e-02
6.278163828397170104e-03
5.819022600115726564e-05
0.000000000000000000e+00
1.279794103708398363e-02
6.793018421020998506e-04
4.085931005567999840e-04
4.314890969092641249e-03
2.785516554344542959e-03
2.023990590993499574e-05
2.449031097653086523e-03
3.751340403586537753e-01
1.303955987898575662e-02
1.264994119370919446e-06
0.000000000000000000e+00
3.192846150312614404e-03
2.529988238741870656e-06
1.264994119370919446e-06
3.288984710364429312e-05
9.715154836768000526e-04
0.000000000000000000e+00
1.727980974040285549e-03
7.646885976025898958e-03
3.393979222272200304e-03
4.667823335376427673e-04
8.627264859211575525e-04
1.127111746400228601e-03
0.000000000000000000e+00
0.000000000000000000e+00
1.120783796742185661e-03
2.732386304820785643e-03
6.842350212616157834e-03
4.141589257289829407e-03
1.891166704969657201e-03
5.059976477483741313e-06
0.000000000000000000e+00
2.958820748698342933e-03
1.401613980773157471e-03
1.538991597371581338e-02
6.628584080808717222e-04
9.463416041912028204e-03
2.962614241525871051e-03
4.369287205756213627e-03
8.638642358633111251e-03
0.000000000000000000e+00
5.376224510816243231e-03
1.539497843274399659e-03
1.668526746940042840e-03
3.870883494805571826e-03
6.324960666650869404e-04
3.162480333325441749e-04
1.264992133330172363e-03
1.343550055579786212e-02
8.903029108642752584e-03
1.396553507785499443e-03
2.959832793644948459e-02
7.016922380150497976e-03
5.424293294331927924e-03
4.718433030354571354e-04
4.099844947860785578e-03
7.000473484517140930e-03
3.162480333325427655e-04
7.794891281012713072e-03
1.003140336661100061e-03
1.264994119370919446e-06
1.011995295496748601e-05
2.545167224804961367e-02
1.971366438419514325e-02
5.992277143460099549e-03
6.579236897399181466e-03
6.324960666650855309e-04
2.401843490382273016e-02
2.264338977163743005e-03
1.263729621761756992e-03
7.271188680695083242e-03
3.087850645384400058e-03
4.168154630306785367e-03
4.133999789083785473e-03
1.788703174321071895e-03
2.909486474553155913e-05
9.968173521050288297e-04
1.657142296375000074e-04
5.059976477483741313e-06
2.245870162323004154e-02
0.000000000000000000e+00
6.324970596854693582e-06
5.059976477483741313e-06
4.933477065546644307e-05
6.388220302823000409e-04
4.949921492588242253e-03
1.770996732220571281e-04
1.707751991354144474e-04
3.364884357525999318e-04
0.000000000000000000e+00
