1.897392000000000053e+03
2.848000320756440260e+02
6.423402490197777759e+00
1.864653828851539856e+02
2.927933582092889342e+00
9.753899332046835167e-68
5.159900297037693523e-103
6.419661620745916508e+00
6.414261297928810279e+00
6.413935620019063144e+00
6.408994293484587601e+00
6.408837048051266194e+00
6.408680818635426490e+00
6.408663200083182687e+00
6.409549359419818515e+00
6.412295199020268122e+00
6.418399772881166143e+00
6.415693276948527313e+00
6.408280030090630852e+00
6.404640924276365332e+00
6.404415341130047068e+00
6.407167395540126265e+00
6.423385984544691674e+00
6.430737509597421742e+00
6.435851688201986498e+00
6.445792324816205898e+00
6.449797636075334850e+00
1.776780254014131144e-01
7.508793240504806477e+01
1.380846931632482644e+01
6.247473056866738230e-04
1.115349385060923729e-05
0.000000000000000000e+00
0.000000000000000000e+00
5.642470252490442562e+01
1.524410506914278471e+02
0.000000000000000000e+00
6.533387471565436755e+00
1.946286520829436872e+00
7.971284982275975381e+03
3.141557436553763960e+00
3.288888986676136161e-02
1.128412353782701075e+03
6.217821883841599950e-01
1.478490039543217449e+00
1.813206340172601472e+01
3.712514914950404865e+00
2.549541589059191593e-01
8.899176090857842114e-01
2.747993598150465733e+00
1.140873985072677854e+01
1.121895517719949442e+00
1.412914716963331898e+02
4.923631815047293259e+01
1.602075334679420493e+01
5.529829178641674758e+01
4.022669439669513736e+00
1.404345231932223648e+01
5.213360850638721011e+00
1.277054859202044756e+00
2.042235937285375158e+01
5.950344777559434251e-01
1.088100511451469430e+02
1.159184890258581646e+01
4.204864014425216290e+00
4.152660525000123215e+01
3.443682811742284411e+00
3.900627646852178110e+00
6.841956293308866233e-01
7.116750915173690828e+01
7.300590394574240083e-01
9.402903426986272351e+00
2.651894794140448042e+01
1.674039787734555418e+01
8.388907445429553966e-02
1.497720318032879916e-01
8.990672693218753921e+03
1.773795489851724971e+00
2.899644348180219211e+00
3.186499792616878657e-01
3.188773500779130965e-02
3.636274768191560813e-02
2.373611996440647739e-03
0.000000000000000000e+00
5.352379203440216671e+00
0.000000000000000000e+00
0.000000000000000000e+00
9.912271149778139057e-01
0.000000000000000000e+00
1.573367698439050599e+01
0.000000000000000000e+00
5.919777123177018263e-04
2.861942887668569423e-03
5.345176968183361004e-06
9.132237754119292106e+01
8.535522845968566280e-03
1.306213317067961266e-04
4.920293480685286269e+00
2.028877088252882661e-09
3.290561694997971479e-05
4.908262961196650881e-09
1.041385158361965857e+01
8.514943085719976551e-05
3.261483097116437193e+02
1.332883788148927700e-06
3.882349311869633945e-01
6.344604017880338631e+01
1.076693920813298345e-04
2.368718416788147821e-06
4.470328892062192949e+01
3.247136834521667341e-04
1.209422145247197875e+02
9.049662839041187851e-08
1.095163605819794494e-04
1.472459350977175022e-03
6.383635306176763002e+00
2.884461553419784968e-02
6.855545381388200479e-05
1.356128781487187960e-03
1.486171705826753884e-07
2.998788625989345616e-06
2.259983396739723958e+03
1.061032227077416268e-06
1.393589944446980457e-04
1.743786792615717059e+04
1.397160486997799100e-02
1.402703319025867257e-01
1.861201657679697746e+03
1.491235353363693384e-03
1.194483881291816957e-02
9.838285022151475531e-03
1.138355541414304145e-01
1.768929074384021578e-06
3.839614677966959322e-01
1.227605722311564415e-10
1.832439198867237703e-12
2.341737947957672190e-12
6.271546827315063050e-04
1.151820875386316382e-10
1.424673881024976774e-01
6.099977643988987452e+00
1.704902041700833126e-11
3.143602638962274339e-12
8.788478375117047269e-13
2.306130002187761795e-09
4.267843716942120738e-10
1.208041425831926134e-10
4.035754105935653790e-12
1.540796792245282349e-18
5.369767912191745886e-10
7.158864870418227038e-13
1.426257313850664310e-10
1.264621107580252541e-14
3.026573147121655067e-09
3.024302346624536122e-12
3.702704513026744783e-16
4.894869991141577424e-18
6.116211327406967416e-19
2.787859690731433371e-16
4.130008698189779896e-17
1.315492966636978909e-17
0.000000000000000000e+00
3.227417731613555674e+01
5.724205265026228062e+01
2.219525791128735734e-04
3.937232147460335754e-04
4.920439479395960730e-05
2.382774988818826805e-13
4.226280119890372992e-13
0.000000000000000000e+00
1.321862205385635036e+01
2.160543623060981022e-04
2.115036342101639377e+00
2.927584718703927016e-02
1.213603387108340079e-02
1.041605703639948644e+00
7.163221744670724286e-06
1.588007287533354779e-06
7.689996423077896006e-15
4.926290523683475639e-11
1.092104297629053563e-11
5.288563979970218267e-20
1.172416328875208210e-20
5.677478589544155935e-29
1.747306697038225054e-01
4.473348956753473576e-03
1.676701061290966521e+00
4.704635682046541534e-02
2.100576176826410857e-16
5.265579220648801012e-24
2.525508150553659341e-32
1.937580183419083660e-17
6.022501056760499034e-20
1.158974747277582927e-17
1.828103621816745840e-19
0.000000000000000000e+00
5.606176978020879400e-15
3.980854377657475241e-20
4.280752207423209258e-29
1.042596007229421842e-27
1.463915095108274525e-22
2.587317838976391020e-28
0.000000000000000000e+00
1.206163367560452319e-36
4.992118920612015912e-36
0.000000000000000000e+00
7.010491748099621610e-31
1.103542739342379918e-36
5.340700347249469031e-45
2.188363920131184324e-16
2.534274985765793958e-38
1.582891832159648364e-16
1.224726463648180235e-18
0.000000000000000000e+00
7.937825949903860853e-32
8.421674641533523653e-39
1.686748510576371371e-47
5.141286880871296177e-47
4.138047410969900279e-55
1.069018181876149429e-63
7.762231581476179296e-34
1.813088647482221490e-41
1.410772168537303953e-33
6.383397938916109789e-37
0.000000000000000000e+00
5.725031692140714057e+00
3.937201347557130762e-05
4.226742887786488959e-14
1.818228751470639341e-19
0.000000000000000000e+00
5.525226406677413227e-15
7.823137296046319679e-32
3.959127729641548064e-20
8.374542836964121059e-39
4.257368347411858171e-29
1.677434426275283252e-47
1.041656485198792636e-27
0.000000000000000000e+00
1.455781353415985821e-22
1.204933604168184947e-36
4.133376334093568606e-55
4.987648581185642033e-36
0.000000000000000000e+00
6.972515828370524915e-31
1.102460176466168639e-36
5.335548153479373915e-45
1.067959425900984595e-63
2.186637378870140555e-16
7.755466371998972004e-34
1.811226091880781810e-41
2.531567185024922800e-38
1.409101110600762078e-33
1.581065196893741411e-16
1.217205875016236729e-18
0.000000000000000000e+00
6.347762283101263710e-37
0.000000000000000000e+00
1.182662932828748673e-17
0.000000000000000000e+00
6.203337862909228129e-36
0.000000000000000000e+00
1.267538334003030572e-23
0.000000000000000000e+00
3.889976228190723227e-19
5.421473370195620743e-36
2.762422024113869100e-24
5.777229471347437305e-43
2.935713866224413072e-33
1.142642862256892183e-51
7.370324301867445791e-32
0.000000000000000000e+00
1.020147835624566915e-26
8.426548435005381383e-41
2.855657665593749543e-59
3.483260770697975527e-40
0.000000000000000000e+00
4.822015509409027476e-35
7.705052808264350027e-41
3.683933631254886436e-49
7.284756942309660139e-68
1.539540032047687193e-20
5.397312636661397868e-38
1.285252853280398164e-45
1.789482521461192397e-42
9.734640471033707593e-38
1.106164145018137693e-20
8.142259324697162263e-23
0.000000000000000000e+00
4.271710270847405440e-41
0.000000000000000000e+00
1.045473109134248791e-18
0.000000000000000000e+00
8.869833156605108764e-14
1.212867379347956962e-30
2.280753528376911708e-19
4.700910010439870643e-38
2.386778981447368306e-28
9.155790336441793046e-47
4.883187665025507890e-28
0.000000000000000000e+00
8.461346913724155352e-22
5.555179678143073833e-37
1.873051086722160252e-55
2.295394989003650669e-36
0.000000000000000000e+00
3.933384974848100165e-30
5.078375459900803255e-37
2.416182209931484641e-45
4.754607776198261804e-64
1.027235221880377838e-16
3.583508226532693610e-34
8.522058104305422742e-42
1.184832060932188239e-38
6.440332280283645180e-34
7.357279196111446796e-17
2.615735352269718871e-18
0.000000000000000000e+00
1.843502354871965580e-36
0.000000000000000000e+00
1.046397710022554453e-18
0.000000000000000000e+00
8.877539635890579661e-14
1.213940516280524101e-30
2.282768645501656092e-19
4.705119844481461884e-38
2.388917822805589500e-28
9.164111664024920207e-47
4.890144207391131698e-28
0.000000000000000000e+00
8.468788514262267115e-22
5.563160894665641431e-37
1.875766031502624539e-55
2.298695821774017605e-36
0.000000000000000000e+00
3.936898300063222484e-30
5.085674858526526115e-37
2.419685611531559120e-45
4.761562753272711807e-64
1.028696890313096378e-16
3.588650341980458643e-34
8.534176082142859562e-42
1.186521370047614211e-38
6.449625209742567122e-34
7.367798311503021752e-17
2.615984368024505059e-18
0.000000000000000000e+00
1.843670384362746366e-36
0.000000000000000000e+00
2.690558248437550316e-17
0.000000000000000000e+00
1.896992004322533024e-35
0.000000000000000000e+00
6.643662034595867639e-23
0.000000000000000000e+00
2.243622880363600061e-18
3.174303049820290191e-35
1.286053509798648975e-23
2.718613760424515782e-42
1.900321872653878900e-32
7.484207978236551177e-51
2.961142803998570578e-31
0.000000000000000000e+00
4.729437473993396256e-26
4.402036431851245844e-40
1.509427476412710539e-58
2.024524258491673980e-39
0.000000000000000000e+00
3.112199301402931678e-34
4.027334746228275786e-40
2.597725294294110204e-48
5.197426495163062871e-67
1.775791951368359128e-20
6.296140252068321390e-38
7.354666582379105946e-46
1.027903218502204760e-42
4.574461422994411025e-37
5.135011413566542009e-20
2.400578247376167043e-21
0.000000000000000000e+00
1.259648302658938779e-39
0.000000000000000000e+00
3.826967331163802318e-22
0.000000000000000000e+00
3.607516749949238663e-17
4.932941577409449550e-34
7.421131655243296434e-23
1.529584699585191703e-41
1.067834836747214246e-31
4.096282706358700884e-50
1.391038886946060159e-31
0.000000000000000000e+00
2.753159330730631884e-25
2.034585015515979416e-40
6.860085889189683331e-59
9.341035701990224885e-40
0.000000000000000000e+00
1.759789743282515009e-33
1.859965674202108654e-40
1.179908531810088752e-48
2.321844615672871634e-67
8.360605674473578853e-21
2.916594505842933098e-38
3.467852427065363616e-46
4.821396562823234805e-43
2.096592591865357281e-37
2.395097611587607187e-20
5.466929655260541016e-21
0.000000000000000000e+00
3.854519050337831913e-39
0.000000000000000000e+00
3.752179874984411578e-20
0.000000000000000000e+00
1.139451605590024879e-15
1.613763393898347158e-32
6.127495076231550370e-21
1.295263288556025553e-39
6.586906852937498407e-30
2.594715432893684308e-48
1.612296260309283782e-28
0.000000000000000000e+00
2.253422274086534515e-23
1.242975490188020679e-37
4.262850883063117495e-56
7.718412144380027233e-37
0.000000000000000000e+00
1.078991622171619452e-31
1.137385770459894515e-37
5.503249157048879032e-46
1.101248109702114250e-64
4.513060347425928673e-17
1.600295172082059115e-34
4.672627823378080187e-42
6.529837838012430476e-39
1.453336026510691435e-34
4.893468133543159840e-17
9.151542530138973462e-19
0.000000000000000000e+00
4.800591123297391203e-37
0.000000000000000000e+00
3.945168067025396469e-20
0.000000000000000000e+00
5.995994829287502557e-16
8.470120723171536437e-33
2.149133719078954270e-20
4.537566135328904148e-39
9.217534693763238052e-30
3.624932847608182994e-48
6.783788016009288386e-28
0.000000000000000000e+00
7.877945560275119635e-23
7.831627063102000299e-37
2.681662457360928963e-55
1.620784235168015211e-36
0.000000000000000000e+00
1.512072510504058172e-31
7.170184113632392838e-37
1.729346962130546493e-45
3.462084146599474049e-64
7.131275980325274341e-17
2.524585602109853133e-34
5.850771091232397138e-42
8.172790290452464185e-39
1.067223575178089831e-33
1.371282275100479140e-16
6.685075543248611557e-18
0.000000000000000000e+00
3.510659177226697650e-36
0.000000000000000000e+00
3.468387262731468264e-20
0.000000000000000000e+00
5.269911644109633774e-16
7.459871292032545852e-33
1.888375781807475906e-20
3.993707889998242236e-39
8.119918724794200013e-30
3.199186268919410863e-48
5.962412222666990094e-28
0.000000000000000000e+00
6.944053342661455999e-23
6.894813997773745964e-37
2.365106701865786345e-55
1.427188826282646727e-36
0.000000000000000000e+00
1.330062608783660173e-31
6.309169973338761700e-37
1.526482626030529677e-45
3.054850210484271985e-64
6.258075615564826448e-17
2.219205718531604680e-34
5.179928982043712743e-42
7.239642197733946085e-39
9.400268992510072063e-34
1.205646749486563984e-16
5.921845727538590840e-18
0.000000000000000000e+00
3.106449578037011220e-36
0.000000000000000000e+00
6.473176357893235147e-22
0.000000000000000000e+00
6.101987310095483103e-17
8.343764871863610068e-34
1.255266199221118015e-22
2.587224214603376882e-41
1.806182888013015241e-31
6.928587878436532923e-50
2.352914933513632337e-31
0.000000000000000000e+00
4.656920082734036825e-25
3.441398269736222010e-40
1.160341452328675642e-58
1.579996812826758284e-39
0.000000000000000000e+00
2.976612630078424739e-33
3.146055634482582966e-40
1.995741930853826942e-48
3.927206008545892872e-67
1.414182361641020822e-20
4.933311730937350159e-38
5.865533939246519108e-46
8.154890865585633299e-43
3.546108124744385595e-37
4.051042573425614003e-20
9.247444676963047178e-21
0.000000000000000000e+00
6.520079964091112072e-39
0.000000000000000000e+00
5.675132589597154361e-21
0.000000000000000000e+00
1.916542559630649024e-16
2.711542974178790822e-33
1.098569652849091169e-21
2.322285745781341652e-40
1.623286999985550513e-30
6.393132549443870028e-49
2.529461143155093161e-29
0.000000000000000000e+00
4.039969885487087924e-24
3.760295809610945135e-38
1.289378282258688888e-56
1.729383571862755433e-37
0.000000000000000000e+00
2.658493049492566591e-32
3.440218688940855363e-38
2.219020295095383169e-46
4.439725660651437130e-65
1.516912971555889040e-18
5.378271870517341850e-36
6.282486896548069396e-44
8.780531135112960904e-41
3.907582416982155431e-35
4.386416661558340966e-18
2.050615801842294773e-19
0.000000000000000000e+00
1.076014180046996202e-37
0.000000000000000000e+00
3.409726507808339578e-19
0.000000000000000000e+00
1.035421019820865845e-14
1.466450641984903752e-31
5.568240622180225712e-20
1.177006782658842675e-38
5.985630848981580107e-29
2.357836170867501265e-47
1.465148216190045294e-27
0.000000000000000000e+00
2.047767398727575552e-22
1.129518509570965921e-36
3.873699938703054896e-55
7.013919062429187801e-36
0.000000000000000000e+00
9.805069645352296845e-31
1.033572032465992072e-36
5.000890292361773249e-45
1.000710066417349985e-63
4.101187319206531830e-16
1.454232560585381303e-33
4.246203824431681266e-41
5.933874394846117904e-38
1.320672477420335673e-33
4.446840083882158932e-16
8.316270288676145042e-18
0.000000000000000000e+00
4.362450842792645864e-36
0.000000000000000000e+00
3.904559171196677249e-19
0.000000000000000000e+00
5.934287618757538622e-15
8.382829036287602741e-32
2.127020462823474160e-19
4.490824415174184960e-38
9.122526272184606369e-29
3.587523114749122812e-47
6.713973552337943459e-27
0.000000000000000000e+00
7.796712689626610259e-22
7.750937261442572075e-36
2.654000055979223271e-54
1.604083182504709991e-35
0.000000000000000000e+00
1.496502510187681751e-30
7.096335527073338810e-36
1.711497962843342248e-44
3.426359908174766283e-63
7.057961495803068229e-16
2.498601441483107618e-33
5.790260166662161287e-41
8.088233040339564007e-38
1.056224189278017301e-32
1.357166522806801572e-15
6.616323489836765608e-17
0.000000000000000000e+00
3.474559450012306085e-35
0.000000000000000000e+00
0.000000000000000000e+00
0.000000000000000000e+00
0.000000000000000000e+00
0.000000000000000000e+00
0.000000000000000000e+00
0.000000000000000000e+00
0.000000000000000000e+00
0.000000000000000000e+00
0.000000000000000000e+00
0.000000000000000000e+00
0.000000000000000000e+00
0.000000000000000000e+00
0.000000000000000000e+00
0.000000000000000000e+00
0.000000000000000000e+00
0.000000000000000000e+00
0.000000000000000000e+00
0.000000000000000000e+00
0.000000000000000000e+00
0.000000000000000000e+00
0.000000000000000000e+00
0.000000000000000000e+00
0.000000000000000000e+00
0.000000000000000000e+00
0.000000000000000000e+00
0.000000000000000000e+00
0.000000000000000000e+00
0.000000000000000000e+00
0.000000000000000000e+00
1.285645288179422252e+01
7.183297177355860792e-05
6.124525300833903785e+00
8.857264153754870506e+01
1.056585262562812072e-01
1.871874300004762182e+00
2.632525318837454620e+01
2.589638194968017088e-02
1.509074000558039508e+01
3.812296691464951426e+00
1.497698475751543825e-10
3.339975572703913542e+00
5.237834747343098933e-10
4.240128089702064059e-11
0.000000000000000000e+00
0.000000000000000000e+00
1.035951054582355061e-12
4.200439041985833469e-03
4.351446136392790965e-17
1.621961799617836064e+01
1.708437510082456811e+03
1.926959452802581074e+00
0.000000000000000000e+00
1.960864466352792235e+01
1.106239736978781529e+00
1.778273549403147191e+00
2.654090462998407590e-02
7.426333254658526450e-02
5.321569816471986769e+02
1.171426242368815025e+02
2.579060990511145519e+02
1.471612565396400432e-11
7.154383319765623028e+00
1.287792169381121710e+02
1.199119490213364116e+02
2.127099976677174809e+01
5.398558147714559396e+01
9.195636341908789552e-14
1.527025897160789166e-11
1.205711551897729387e-09
2.002176026595119151e-09
2.376671135469145213e+01
4.740914321698205656e-09
6.467211961345611382e-01
1.598644539869694681e-01
7.995996165896178398e-02
2.121608200294435278e+02
1.384542655546052531e-13
9.996283487540124042e+03
3.565638797576573982e+00
4.363331009955943585e-01
8.014086386716959831e-01
2.476827258952596011e+01
8.158681106172875619e-02
8.159412106307254442e-01
9.376391915374117758e+00
3.342957721194115273e-01
7.614513362660403628e-02
8.475715720618458293e-02
4.038043921167963290e+00
3.221412322597348332e+00
8.458891064647004396e-03
1.903618619388014679e+02
1.410791144259633612e+01
3.713415163544171727e-02
5.070617577277589660e-01
7.012944081616785397e-01
1.880594371637611117e-01
2.200224962797239314e+01
2.278585246125176900e-13
6.886825463746944416e-11
3.400722801188806557e+02
0.000000000000000000e+00
4.247019771182363712e+01
3.329435943480356030e+01
1.951286769157250944e+02
2.151538465873633899e-01
7.686971262336396160e-01
6.416302093114941840e+01
0.000000000000000000e+00
1.654229892517826074e-11
3.084519861238148764e+01
3.965401258945653779e-10
2.245639141188976451e-01
8.627187483975631605e-11
4.070000342433553026e-04
1.874251855068754039e-02
1.962342027610679829e-01
6.758167309318295954e-17
5.209088003761227353e-02
0.000000000000000000e+00
6.586609522072015555e-01
1.449897761354162207e-01
5.476648427968118682e+00
4.293404412585300811e+00
2.127109473674760309e+01
4.512378891749616548e-15
1.076475864079637053e-14
5.916500162686209358e-11
1.411344499105378882e-10
7.044238455685019889e-14
1.414369115343513776e-03
8.930244557624116095e-04
8.176490063814365484e-04
1.412026063927718234e-01
2.068655224503847343e-03
4.947049507775685973e-02
0.000000000000000000e+00
8.656153375490084173e-14
1.188977807510418674e-12
7.979665772904976284e-04
1.469515095978963801e-13
4.453197422483508040e-13
0.000000000000000000e+00
1.786970211743801551e-12
4.182720060637422355e-02
1.749321587268737245e-04
8.462838638254357440e-04
1.862907949519960831e-04
1.114223393960281072e+02
2.487502065605817769e+00
3.161574837038901298e-01
8.412240252383940131e+00
1.851772725108335793e+00
6.456752763186222488e+00
0.000000000000000000e+00
0.000000000000000000e+00
0.000000000000000000e+00
0.000000000000000000e+00
5.966419672018198384e+01
6.647831824987399330e+01
0.000000000000000000e+00
0.000000000000000000e+00
0.000000000000000000e+00
0.000000000000000000e+00
0.000000000000000000e+00
5.172559464577127820e-03
3.090381130133357333e-03
4.098580946760998372e-04
1.815266064787042759e-03
3.554631985901728249e-03
5.376216566653199691e-03
5.376216566653199691e-03
5.376216566653199691e-03
5.376216566653199691e-03
2.018930912422124344e-02
3.794982358112791161e-06
1.104972512223567453e-02
5.376216566653199691e-03
5.376216566653199691e-03
5.376216566653199691e-03
5.376216566653199691e-03
5.376216566653199691e-03
5.376216566653199691e-03
5.376216566653199691e-03
5.376216566653199691e-03
5.376216566653199691e-03
5.376216566653199691e-03
5.376216566653199691e-03
5.376216566653199691e-03
5.376216566653199691e-03
5.717773419555999964e-04
9.420411206955300182e-03
4.703248135821100177e-03
1.498765032630679922e-02
2.770337121422000162e-04
2.087240296962000101e-04
1.361133672443100382e-03
8.741119295056145200e-04
6.528631671012156447e-03
2.765277641455057486e-03
3.162480333325427655e-04
3.813959255944029438e-03
3.679866403719429368e-03
3.396509707021056531e-03
2.030314072059728053e-03
1.263730118271915066e-03
2.480653418435384283e-02
4.083402010349714874e-03
7.589964716225612816e-06
1.054877801727108384e-02
2.071806425336351551e-02
1.042481306216450077e-02
4.137795714811313974e-02
5.961915795064627772e-03
3.744382593337000176e-04
8.209806869615427893e-04
1.058420480375618471e-02
1.628045942099728147e-03
3.162480333325427655e-04
3.366146869095013820e-03
2.153020487679457428e-03
2.023990590993499574e-05
4.346519297648343549e-03
4.349049186585043358e-01
1.683453627897627328e-02
1.264994119370919446e-06
0.000000000000000000e+00
3.825342216977700369e-03
2.529988238741870656e-06
1.264994119370919446e-06
3.491378804361870789e-04
6.552674503442572872e-04
0.000000000000000000e+00
4.629888407101145410e-04
6.381893842695727896e-03
4.975219388934914132e-03
4.667823335376427673e-04
5.464784525886147871e-04
1.759607813065314783e-03
0.000000000000000000e+00
0.000000000000000000e+00
8.045357634096427868e-04
1.467394171490614581e-03
3.679869879290729746e-03
2.560349090627114278e-03
2.207414738302200183e-03
5.059976477483741313e-06
0.000000000000000000e+00
2.010076648700714636e-03
1.085365947440614705e-03
1.475741990705072872e-02
2.244098574743585549e-03
4.403447508591344824e-03
2.330118174860785520e-03
3.736791139091128096e-03
9.587386458630740849e-03
0.000000000000000000e+00
4.427480410818615368e-03
2.488241943272028172e-03
1.352278713607500075e-03
4.503379561470657357e-03
5.617693569571407250e-19
5.617693569571407250e-19
2.529984266660342124e-03
1.438424465579549692e-02
8.586781075310211120e-03
1.396553507785499660e-03
2.453835940312880035e-02
9.230658613478298635e-03
5.424293294331927924e-03
7.880913363679995214e-04
5.048589047858414308e-03
4.470489217856799674e-03
2.758949691797014329e-03
5.581155047684914147e-03
2.268132469991271122e-03
1.264994119370919446e-06
1.011995295496748601e-05
1.849421551473366676e-02
1.560243995087208513e-02
5.992277143460099549e-03
8.476725097394438926e-03
4.288335029768572588e-04
1.959096243716712538e-02
2.264338977163742571e-03
3.161217821757013584e-03
1.074991704735305496e-02
3.720346712049485589e-03
3.851906596974242602e-03
2.552759622421071645e-03
4.318687440981414452e-03
2.909486474553155913e-05
2.894305552100286290e-03
1.657142296375000074e-04
5.059976477483741313e-06
1.708248505657681063e-02
0.000000000000000000e+00
6.324970596854675794e-06
5.059976477483741313e-06
4.933477065546644307e-05
6.388220302823000409e-04
7.796153792581127576e-03
3.162480333325427655e-04
4.870232324679572128e-04
3.364884357525999318e-04
0.000000000000000000e+00
