1.897392000000000053e+03
2.445318605170039632e+02
7.488883330112114933e+00
1.514028799009920476e+02
8.234545169237716067e+00
2.886663689645489759e-70
3.836721032663042325e-102
7.482103639271868722e+00
7.470822130479183087e+00
7.470135095740170428e+00
7.421119395820524822e+00
7.419182003819133620e+00
7.414874036641745825e+00
7.414285307412968429e+00
7.403943880505563513e+00
7.392421329840675348e+00
7.379464928074126462e+00
7.473306167467701933e+00
7.451641420673229099e+00
7.426339094528877638e+00
7.412544698107921270e+00
7.396207409606018857e+00
7.372063574854085033e+00
7.364370331186813168e+00
7.360005093402492982e+00
7.353694133061901006e+00
7.351406311493408730e+00
2.081889671468977465e-01
6.550964522956857650e+01
1.288516221507009973e+01
4.675770316681860305e-04
1.233823644349115379e-05
0.000000000000000000e+00
0.000000000000000000e+00
4.365793512185056358e+01
1.524615830521175042e+02
0.000000000000000000e+00
7.001232732173663820e+00
2.108339973734731920e+00
7.963804406534008194e+03
4.125163983758184827e+00
4.009526533380135954e-02
1.130152110293550095e+03
7.492145011436108781e-01
1.598221958361063066e+00
2.215788623375426170e+01
4.538199963155178374e+00
2.543447138821339770e-01
8.879477172807836993e-01
2.740363582322241864e+00
1.140842190735654427e+01
1.123026360372077370e+00
1.412707938295183396e+02
4.932018241477489084e+01
1.603111233689627113e+01
5.529831055248174465e+01
4.023098161785941151e+00
1.404911268885921949e+01
5.183737313723971063e+00
1.274893192661027630e+00
2.049998445864113350e+01
5.902856870902321029e-01
1.088193223159378533e+02
1.153149182899099401e+01
4.204414379790155643e+00
4.136412582472433996e+01
3.443544319428231137e+00
3.900467174186640573e+00
6.841710007683875494e-01
7.116751970787387904e+01
7.300308912137509765e-01
9.402866634609495122e+00
2.651896226740951334e+01
1.674039057477158465e+01
8.420460010409494545e-02
1.497720318032879916e-01
8.995983485673481482e+03
2.329765738897952243e+00
2.896897511042948015e+00
3.848712619408998781e-01
3.176946264924980501e-02
3.613009533070515866e-02
2.371297250770528983e-03
0.000000000000000000e+00
4.719305160372830876e+00
0.000000000000000000e+00
0.000000000000000000e+00
7.719995107478456742e-01
0.000000000000000000e+00
1.730921881370414894e+01
0.000000000000000000e+00
6.288512904066747688e-04
2.861600803243657953e-03
5.669668603070766043e-06
8.699902471226928924e+01
8.635617543623472572e-03
8.027467261540927631e-05
4.808915427548702048e+00
1.218653449883419221e-09
2.351722744217498275e-05
3.859174949487850657e-09
1.715964405956547267e+01
8.622649272363665555e-05
3.240491003375508967e+02
8.138718404611415437e-07
3.803668897618262545e-01
6.565575600247389332e+01
1.180232658154226972e-04
2.631877903265953254e-06
4.188584574737565447e+01
3.375178512685241645e-04
1.146929508328837812e+02
9.535455396585904597e-08
1.163193779695267526e-04
1.565574569703215508e-03
5.981546835813760232e+00
2.871360081513601656e-02
7.749979772931524713e-05
1.431073758372584286e-03
1.899208295858997956e-07
3.555418081042047698e-06
2.259981354479569291e+03
1.355892097954767528e-06
1.571011931836965370e-04
1.748563975778894383e+04
1.579338872076834280e-02
1.582718245782531452e-01
1.875151938666725073e+03
1.693674737115007317e-03
1.184590977882353340e-02
1.109080286362744069e-02
2.384136149072003386e-01
4.176431656885660192e-06
4.678895049668599926e-01
1.954050552183697321e-10
2.776638560334873072e-12
3.415396327334728251e-12
4.720081897801812055e-04
2.897310141056780825e-10
1.757006817121421205e-01
6.100280201144872905e+00
2.227979709554421592e-11
9.323675292013797594e-13
1.115215832824633398e-12
2.834055707506682575e-09
1.200698637880595809e-10
1.399067450643243430e-10
3.164193395442267555e-12
1.145631982032470564e-18
3.979608214730120312e-10
5.587457309768502364e-13
1.114519380338127082e-10
1.762515599869552162e-14
3.947827723566959326e-09
3.934296549240254737e-12
6.454487764084131204e-16
4.892649683459439016e-18
6.113393270204358060e-19
2.785578367867888136e-16
4.128135535062106702e-17
1.314896924705525609e-17
0.000000000000000000e+00
2.876859665062379179e+01
5.079390282778889798e+01
2.229256314141084554e-04
3.936597504670247120e-04
4.940166493326624762e-05
2.392231387879350148e-13
4.223851675534683185e-13
0.000000000000000000e+00
1.261301115557475505e+01
2.160544504325255088e-04
2.049329145497043037e+00
2.878186779872712875e-02
4.310123611591616666e-03
8.276192306389942299e-01
6.413154227612869780e-06
1.421195321618093826e-06
6.881922429167281554e-15
4.969576427247227047e-11
1.101289399612101995e-11
5.332826602704704359e-20
1.181787923664407851e-20
5.722628476442375695e-29
1.590877047359727792e-01
4.199729768602256628e-03
1.333039843394742796e+00
3.026011761988563892e-02
3.522061411070207975e-16
5.581325720691340399e-24
2.759176634201451531e-32
1.932714815201880031e-17
6.016049207007346761e-20
1.082963983590758736e-17
3.033413744012289392e-19
0.000000000000000000e+00
8.312048086492274953e-15
6.510624682407989266e-20
7.172345972911982744e-29
1.104955387570605662e-27
1.369615758129830119e-22
2.754175416529654427e-28
0.000000000000000000e+00
1.274167424643310024e-36
5.461179603513257350e-36
0.000000000000000000e+00
6.795647567426944174e-31
1.202331527521300531e-36
5.827026334667515560e-45
2.083483731559415607e-16
2.101888681269249507e-38
1.377949241209199498e-16
4.906080005670185983e-18
0.000000000000000000e+00
2.072430754661647427e-31
1.376982906060841289e-38
2.857702143919218575e-47
5.525899330866712967e-47
4.458739177783396659e-55
1.185831021080498183e-63
7.501286889013049924e-34
1.808894300804311844e-41
1.206246469598748402e-33
5.008853086643698238e-36
0.000000000000000000e+00
5.080087929204390562e+00
3.936561553714401467e-05
4.224308218731423835e-14
3.016696302629186070e-19
0.000000000000000000e+00
8.189800422372905240e-15
2.041902000008501140e-31
6.474149815189385510e-20
1.369060981664931534e-38
7.132302404940490065e-29
2.841557108846346080e-47
1.103892511496498786e-27
0.000000000000000000e+00
1.361752131951415913e-22
1.272754756489191957e-36
4.453228909859020554e-55
5.456060042633476573e-36
0.000000000000000000e+00
6.758040032823516811e-31
1.201054742281442453e-36
5.821035893627846868e-45
1.184592692676107743e-63
2.081822665259483259e-16
7.494573448425046154e-34
1.806488253226788293e-41
2.099097070456717175e-38
1.204678829631112832e-33
1.376255156210271966e-16
4.900223083683863075e-18
0.000000000000000000e+00
5.002130351505766854e-36
0.000000000000000000e+00
5.784405377477064157e-18
0.000000000000000000e+00
5.836238582872363004e-36
0.000000000000000000e+00
2.108605157675914379e-23
0.000000000000000000e+00
5.778435218153983521e-19
1.416528664551974429e-35
4.528226798243582861e-24
9.464906658585136451e-43
4.930145096046400529e-33
1.938914424007754374e-51
7.836514510806686479e-32
0.000000000000000000e+00
9.566912337066973690e-27
8.930552084434909115e-41
3.088260323312223832e-59
3.821414292079895672e-40
0.000000000000000000e+00
4.683551181146568224e-35
8.422505443513517176e-41
4.030670667268932533e-49
8.109282743915674921e-68
1.471210566167274768e-20
5.229542715091696534e-38
1.250316868313157000e-45
1.456210835460225543e-42
8.351569622064249084e-38
9.662309672661071037e-21
3.466486360957835873e-22
0.000000000000000000e+00
3.497321655063237587e-40
0.000000000000000000e+00
1.759504226347449437e-18
0.000000000000000000e+00
1.332710648349198877e-13
3.195723291106161807e-30
3.781034327337400068e-19
7.784246870003016495e-38
4.056175724063069011e-28
1.569163819277268535e-46
5.251077810273010617e-28
0.000000000000000000e+00
8.029493540324066504e-22
5.954615742314012772e-37
2.049099471359747095e-55
2.546667845712188776e-36
0.000000000000000000e+00
3.864728794822338742e-30
5.614573211208305280e-37
2.673546797576095521e-45
5.354632197609453696e-64
9.930079167904051627e-17
3.510680152975377367e-34
8.288602360135395975e-42
9.668603428397326374e-39
5.588861463282643886e-34
6.500267541515538926e-17
1.058007906242731267e-17
0.000000000000000000e+00
8.826504884822974721e-36
0.000000000000000000e+00
1.761064887749174576e-18
0.000000000000000000e+00
1.333872631964599589e-13
3.198567161061462699e-30
3.784385798378997636e-19
7.791243967795544159e-38
4.059821286631551104e-28
1.570596263650938689e-46
5.258562023871081642e-28
0.000000000000000000e+00
8.036575573796313264e-22
5.963174653126080868e-37
2.052069982910002584e-55
2.550332696267320074e-36
0.000000000000000000e+00
3.868192195954763189e-30
5.622646743667077837e-37
2.677426210458314439e-45
5.362466324438095249e-64
9.944211076393811144e-17
3.515722554748810314e-34
8.300635939593285524e-42
9.682612483771035138e-39
5.596928342000729027e-34
6.509564490032209530e-17
1.058087882893404275e-17
0.000000000000000000e+00
8.827288716087508871e-36
0.000000000000000000e+00
1.325475644380393438e-17
0.000000000000000000e+00
1.104345174049371831e-35
0.000000000000000000e+00
1.009524527161765512e-22
0.000000000000000000e+00
3.045704301184663735e-18
7.587745474692701759e-35
1.926032696175419822e-23
4.070378973843516772e-42
2.915678790296747221e-32
1.161127428851626994e-50
2.874004676223632930e-31
0.000000000000000000e+00
4.051640247568433472e-26
4.258590094789350437e-40
1.489444282896025479e-58
2.028296730250288337e-39
0.000000000000000000e+00
2.762621429481631335e-34
4.018364061736830295e-40
2.595634320794222555e-48
5.280144116043072014e-67
1.548454930182513909e-20
5.572411284289734608e-38
6.712004803320257023e-46
7.800049021993966629e-43
3.581871565174386791e-37
4.093804622687175176e-20
1.075635206891757198e-21
0.000000000000000000e+00
1.085012736259672612e-39
0.000000000000000000e+00
5.898000321478294195e-22
0.000000000000000000e+00
4.963652330590553456e-17
1.190239872115434485e-33
1.126613474051512379e-22
2.319427543956007778e-41
1.661809777886431786e-31
6.428876295296636842e-50
1.369799014058461673e-31
0.000000000000000000e+00
2.392503120228492486e-25
1.997119883142707560e-40
6.872514793375701584e-59
9.490356664939490396e-40
0.000000000000000000e+00
1.583382916325056413e-33
1.883083154013320915e-40
1.195581418155094647e-48
2.394533413512857485e-67
7.401045627628536225e-21
2.616564919322049048e-38
3.088659332477012812e-46
3.602902243940656318e-43
1.666104022426618201e-37
1.937805212778337196e-20
2.466212841596509480e-21
0.000000000000000000e+00
2.054752601311617270e-39
0.000000000000000000e+00
4.838700848574495830e-20
0.000000000000000000e+00
1.312729890621672441e-15
3.273727520965375703e-32
7.788001445332451072e-21
1.645804389186298589e-39
8.576840709672684167e-30
3.416290240614744121e-48
1.328037878165883583e-28
0.000000000000000000e+00
1.638339691004869651e-23
1.020487610601303406e-37
3.569752019463441329e-56
6.562527966997844360e-37
0.000000000000000000e+00
8.128415687051675009e-32
9.630998801513281691e-38
4.666592289667021056e-46
9.494341403559580110e-65
3.339713493201871192e-17
1.201993671029709074e-34
3.620291050041313229e-42
4.206400333886707309e-39
9.657468370856199926e-35
3.310809258905269729e-17
3.479604150891921916e-19
0.000000000000000000e+00
3.509752874423290896e-37
0.000000000000000000e+00
8.663727405807330473e-20
0.000000000000000000e+00
1.176228469229584107e-15
2.925487164640533181e-32
4.651430224368728395e-20
9.817803986297530703e-39
2.043756559904660096e-29
8.126624976500396866e-48
9.515898545499067946e-28
0.000000000000000000e+00
9.753301889691930566e-23
1.094991943422111073e-36
3.824593155339734091e-55
2.346698766225963388e-36
0.000000000000000000e+00
1.939617122320197192e-31
1.033974177550432994e-36
2.497179209201739684e-45
5.083324084981456985e-64
8.987949679081860421e-17
3.229168517437604802e-34
7.690284882611201261e-42
8.938101684517169516e-39
1.207784071504923313e-33
1.580087441498159638e-16
4.333737666931271086e-18
0.000000000000000000e+00
4.364398989450035811e-36
0.000000000000000000e+00
5.345269866740095582e-20
0.000000000000000000e+00
7.255735107707157571e-16
1.808566987036193861e-32
2.868329482593461824e-20
6.064491590705562706e-39
1.263559491083301112e-29
5.033888985127728481e-48
5.869270591590221406e-28
0.000000000000000000e+00
6.033538541995571660e-23
6.764943677169277558e-37
2.366921902111856424e-55
1.450180590953862153e-36
0.000000000000000000e+00
1.197452760328188197e-31
6.384577893472425516e-37
1.546928069635631312e-45
3.147498176786206397e-64
5.534435148531656927e-17
1.992032104228008394e-34
4.797008002712842646e-42
5.574128345767234253e-39
7.465051095970442151e-34
9.748385487354605738e-17
2.690719969863166213e-18
0.000000000000000000e+00
2.714361417283442584e-36
0.000000000000000000e+00
9.738305495237556625e-22
0.000000000000000000e+00
8.195586219936048436e-17
1.965193967847534872e-33
1.860186327973740671e-22
3.829631150933059093e-41
2.743815137601216798e-31
1.061463805201672658e-49
2.261728910709871989e-31
0.000000000000000000e+00
3.950353008312730938e-25
3.297463464079185428e-40
1.134720482055664275e-58
1.566968617100858468e-39
0.000000000000000000e+00
2.614347192264095209e-33
3.109193439149346345e-40
1.974021046055321871e-48
3.953560193292216207e-67
1.222018266896511057e-20
4.320265840354548728e-38
5.099424306802530928e-46
5.948464389021970861e-43
2.750786476716395062e-37
3.199414723231459927e-20
4.072036111169135601e-21
0.000000000000000000e+00
3.392639041077932047e-39
0.000000000000000000e+00
8.417872036945943666e-21
0.000000000000000000e+00
2.539646633525097408e-16
6.326999353969378722e-33
1.606013428773404910e-21
3.394063370063739855e-40
2.431222875247434759e-30
9.681991337190320453e-49
2.396476077123593508e-29
0.000000000000000000e+00
3.378442045579526221e-24
3.551004198829365747e-38
1.241964951572929769e-56
1.691284986001557260e-37
0.000000000000000000e+00
2.303596735722275156e-32
3.350692481146892155e-38
2.164355105293552671e-46
4.402815921162516024e-65
1.291172113522914155e-18
4.646527239026299993e-36
5.596766799363764285e-44
6.504027354788751044e-41
2.986724508271343148e-35
3.413599456122198994e-18
8.969135757439035113e-20
0.000000000000000000e+00
9.047326533626008697e-38
0.000000000000000000e+00
4.397093714215790278e-19
0.000000000000000000e+00
1.192881362696465257e-14
2.974887589220007186e-31
7.077208607163085388e-20
1.495546821783805433e-38
7.793931530851595606e-29
3.104411924188085814e-47
1.206836088521881368e-27
0.000000000000000000e+00
1.488822515033305959e-22
9.273413942448529585e-37
3.243883160100804571e-55
5.963550572156468942e-36
0.000000000000000000e+00
7.386510455082958689e-31
8.751961806671473499e-37
4.240615967760547153e-45
8.627582946100329516e-64
3.034933259967365711e-16
1.092287718753835413e-33
3.289826882354488019e-41
3.822421293902633602e-38
8.775941417716741069e-34
3.008640135367331197e-16
3.162049541372780374e-18
0.000000000000000000e+00
3.189402866421996578e-36
0.000000000000000000e+00
8.574526399162014434e-19
0.000000000000000000e+00
1.164119540045698155e-14
2.895325643791553861e-31
4.603556733548912328e-19
9.716640991329470378e-38
2.022684622158709565e-28
8.042729382066711303e-47
9.417944920245768932e-27
0.000000000000000000e+00
9.652703333311383829e-22
1.083707661398130275e-35
3.785134103458236546e-54
2.322511330632043145e-35
0.000000000000000000e+00
1.919638369035387675e-30
1.023322535162474658e-35
2.471398380043165281e-44
5.030860479119666641e-63
8.895533214586635922e-16
3.195924363778159970e-33
7.610515387326632216e-41
8.845402769381508213e-38
1.195333712706148537e-32
1.563819312157877497e-15
4.289171423127328869e-17
0.000000000000000000e+00
4.319507040347556533e-35
0.000000000000000000e+00
0.000000000000000000e+00
0.000000000000000000e+00
0.000000000000000000e+00
0.000000000000000000e+00
0.000000000000000000e+00
0.000000000000000000e+00
0.000000000000000000e+00
0.000000000000000000e+00
0.000000000000000000e+00
0.000000000000000000e+00
0.000000000000000000e+00
0.000000000000000000e+00
0.000000000000000000e+00
0.000000000000000000e+00
0.000000000000000000e+00
0.000000000000000000e+00
0.000000000000000000e+00
0.000000000000000000e+00
0.000000000000000000e+00
0.000000000000000000e+00
0.000000000000000000e+00
0.000000000000000000e+00
0.000000000000000000e+00
0.000000000000000000e+00
0.000000000000000000e+00
0.000000000000000000e+00
0.000000000000000000e+00
0.000000000000000000e+00
0.000000000000000000e+00
1.571083274473927816e+00
7.183296976132054837e-05
6.251830214187371837e+00
8.795856805125701783e+01
9.675573662369695016e-02
1.706579937062969066e+00
2.046006566489228717e+01
4.156744862734990109e-02
1.304436762228714741e+01
5.047625505461025064e+00
1.670791447023070006e-10
3.102209058023166044e+00
3.790497973422741072e-10
3.664633689427156682e-11
0.000000000000000000e+00
0.000000000000000000e+00
1.158165318018228921e-12
4.200440316521911709e-03
4.864801159194384477e-17
1.484070476841388242e+01
1.667692568959913160e+03
2.096041819801856665e+00
0.000000000000000000e+00
1.931364863115798869e+01
1.094373373681205353e+00
1.611501405052299774e+00
3.129882106506180067e-02
7.295166166404687402e-02
5.810514536681207574e+02
1.108703569447830830e+02
2.116087318108012880e+02
1.725751660371000341e-11
7.122064129584392056e+00
1.281974060588777036e+02
1.162675158693508308e+02
2.053119393877362597e+01
5.211083515221835682e+01
8.567778902972625540e-14
1.321184354871250307e-11
1.393782432384065828e-09
2.280435978619417687e-09
2.088878780896517995e+01
4.742405366329485518e-09
6.467211938823738127e-01
1.973910149463507513e-01
9.878957964917092771e-02
3.136030498523525125e+02
1.547403061518600287e-13
9.996278521194482892e+03
3.554893028373623309e+00
4.410068473490840191e-01
8.344376334384019378e-01
2.592355351076352576e+01
8.701614665140049165e-02
8.701964607788128525e-01
1.007491604270159513e+01
3.581304563476007674e-01
1.254029483006084966e-01
5.809483776541525535e-02
3.727793286421711372e+00
2.084950881493880637e+00
9.015589614050970729e-03
2.080854856860735822e+02
1.645376443889938400e+01
3.547570278430836610e-02
5.067514573426187274e-01
7.123136579228235288e-01
1.796929522764718068e-01
2.116114499460193343e+01
2.450102848338783899e-13
7.506253908071982149e-11
3.436507127587580612e+02
0.000000000000000000e+00
5.838022959578557192e+01
4.039399287753621337e+01
1.942453634877249726e+02
1.703283768180733626e-01
6.527329345779863123e-01
5.860867878415005094e+01
0.000000000000000000e+00
1.262366883512366136e-11
2.485169539678911477e+01
2.759274194804260735e-10
4.617211888305046141e-01
1.534154595920660984e-10
3.518880582731045655e-04
1.708559542466786194e-02
1.932507343678245282e-01
7.375275261847794724e-17
5.184453070073463676e-02
0.000000000000000000e+00
7.064763656412096360e-01
1.348027609213203748e-01
6.176866142594561460e+00
4.273856891554999926e+00
2.053125962045190889e+01
4.058099475797718540e-15
9.984225285100252577e-15
6.601181569324253991e-11
1.623951050421182672e-10
7.654205380560101093e-14
1.425210964387358271e-03
9.961247199273682955e-04
8.715296361245911637e-04
1.646131685479340634e-01
2.204861071404278991e-03
4.921589978152788453e-02
0.000000000000000000e+00
1.538213512679633624e-13
8.279286835263780572e-13
6.737251956245298313e-04
1.681568150430775474e-13
6.335824075178193694e-13
0.000000000000000000e+00
1.538909996091244806e-12
4.533468188128978588e-02
2.054971814942065328e-04
1.085493057450590383e-03
2.071228747477838242e-04
1.111781342063453337e+02
5.118686998383296327e+00
2.596411645706516169e-01
7.543219685792970530e+00
1.439323769267101927e+00
5.111267533199362667e+00
0.000000000000000000e+00
0.000000000000000000e+00
0.000000000000000000e+00
0.000000000000000000e+00
5.973330243019191954e+01
6.640921253986655870e+01
0.000000000000000000e+00
0.000000000000000000e+00
0.000000000000000000e+00
0.000000000000000000e+00
0.000000000000000000e+00
4.223815364579499090e-03
2.774133096800814567e-03
1.581240166662713827e-03
1.182769998121957229e-03
4.187128052566814647e-03
5.376216566653199691e-03
5.376216566653199691e-03
5.376216566653199691e-03
5.376216566653199691e-03
2.461678159087684128e-02
3.794982358112791161e-06
1.263096528889838532e-02
5.376216566653199691e-03
5.376216566653199691e-03
5.376216566653199691e-03
5.376216566653199691e-03
5.376216566653199691e-03
5.376216566653199691e-03
5.376216566653199691e-03
5.376216566653199691e-03
5.376216566653199691e-03
5.376216566653199691e-03
5.376216566653199691e-03
5.376216566653199691e-03
5.376216566653199691e-03
5.717773419555999964e-04
9.420411206955300182e-03
4.703248135821100177e-03
1.498765032630679922e-02
2.770337121422000162e-04
2.087240296962000101e-04
4.123895724454719231e-04
1.506607996170699834e-03
4.947391504349443053e-03
6.244006008113026605e-03
1.846891414280999236e-04
8.557679755932173088e-03
2.098626237056714673e-03
2.764013640355971000e-03
1.397818005394642522e-03
2.844970284934628894e-03
2.796901451767927135e-02
7.245882343675143396e-03
0.000000000000000000e+00
7.702545717278197653e-03
1.850432802003570965e-02
6.629836662173985845e-03
4.485668551477110799e-02
6.910659895062255635e-03
6.906862926662428372e-04
8.209806869615427893e-04
1.121670087042126937e-02
3.162480333325427655e-04
7.248411338893426953e-04
2.101154735764842758e-03
4.050508687674715322e-03
2.023990590993499574e-05
3.714023230983258452e-03
4.627347455917680819e-01
1.050957561232541450e-02
1.264994119370919446e-06
0.000000000000000000e+00
2.244102050314986108e-03
2.529988238741870656e-06
3.175130274519136881e-04
0.000000000000000000e+00
1.920259583674428349e-03
0.000000000000000000e+00
1.411732940707742783e-03
5.433149742698099166e-03
3.710227255604743070e-03
0.000000000000000000e+00
6.324960666650855309e-04
2.392103879730400531e-03
0.000000000000000000e+00
8.222451845706856520e-04
9.487440999976282964e-04
3.048634338153328408e-03
3.047373812625644648e-03
2.876597123959657044e-03
1.574918671637114435e-03
5.059976477483741313e-06
6.957467656540150319e-05
2.642572715365800167e-03
1.717862014105700236e-03
1.444117187371818552e-02
2.876594641408671080e-03
3.454703408593716094e-03
2.330118174860785520e-03
2.155550972428413835e-03
8.006146291968026588e-03
0.000000000000000000e+00
4.111232377486072169e-03
1.539497843274399876e-03
1.036030680274957309e-03
3.238387428140486295e-03
3.162480333325427655e-04
9.487440999976293806e-04
1.581240166662713827e-03
1.122176432247007014e-02
1.301425354196580897e-02
4.478094077878711464e-04
2.928207990311694139e-02
5.435682213487783715e-03
3.526805094336670898e-03
3.162480333325427655e-04
3.151100847863157715e-03
5.419233317854428404e-03
8.614614918017574107e-04
5.897403081017456479e-03
1.635636403326185592e-03
1.264994119370919446e-06
1.011995295496748601e-05
1.817796748140111315e-02
2.508988095084837416e-02
7.257269276790270611e-03
6.579236897399181466e-03
3.162480333325427655e-04
1.073601750385592794e-02
1.631842910498657257e-03
1.579977655094299974e-03
1.074991704735305496e-02
3.720346712049486023e-03
3.219410530309157071e-03
2.236511589088528880e-03
1.156207107655986364e-03
2.909486474553155913e-05
6.805693187724868231e-04
1.657142296375000074e-04
5.059976477483741313e-06
2.214245358989749834e-02
1.168853076768128392e-03
6.324970596854693582e-06
5.059976477483741313e-06
4.933477065546644307e-05
6.388220302823000409e-04
4.317425425923156722e-03
1.770996732220571823e-04
8.032712658005000325e-04
2.024040242005716297e-05
0.000000000000000000e+00
