1.897392000000000053e+03
2.374018327508857169e+02
7.688248494130510480e+00
1.871492369484767266e+02
4.621509956678967468e-01
1.897502775920696825e-67
3.225104378858985702e-103
7.695127004318757180e+00
7.705599352441858230e+00
7.706233330236383239e+00
7.736583553158894233e+00
7.737752932079803081e+00
7.740209804797370197e+00
7.740542825186355280e+00
7.745775761678444837e+00
7.751255715560012582e+00
7.757781948150425322e+00
7.702994801309101192e+00
7.719548196223366965e+00
7.734103718829500096e+00
7.740871038887306987e+00
7.748339188335783945e+00
7.762476504147668876e+00
7.767655459163841591e+00
7.770883704748579923e+00
7.776110927417557939e+00
7.778075592385685688e+00
1.868358417125184079e-01
7.183645071692993156e+01
1.818500473033383003e+01
6.454681026552239013e-04
1.088716396277675723e-05
0.000000000000000000e+00
0.000000000000000000e+00
4.781027833206290012e+01
1.527372697020204271e+02
0.000000000000000000e+00
7.616501495663271726e+00
1.913044341279940719e+00
7.966341530121418145e+03
3.607278527418959602e+00
3.645647369459990850e-02
1.129792504781766183e+03
6.737764655907940714e-01
1.540774104905336062e+00
2.011140457783851332e+01
4.116984606576006733e+00
2.548277238538140810e-01
8.893745183968253532e-01
2.745876893027655363e+00
1.140853458298241030e+01
1.122248238811558219e+00
1.412853745991450012e+02
4.928889374349689234e+01
1.602363146034591423e+01
5.529830230729795915e+01
4.023425947011182835e+00
1.404804114709556728e+01
5.194608715821003919e+00
1.273967216908021394e+00
2.044391083915817831e+01
5.920252174895690445e-01
1.088160185123863357e+02
1.155442461842153179e+01
4.204783536564989710e+00
4.142263567850090311e+01
3.443592095173750867e+00
3.900535968195014025e+00
6.841816228587884741e-01
7.116751492815571112e+01
7.300430231388357338e-01
9.402882472410139414e+00
2.651895616638038788e+01
1.674039374969552796e+01
8.398005092912781688e-02
1.497720318032879916e-01
8.996021984894749039e+03
2.038209948419242412e+00
2.899348299713004007e+00
3.524388928155397505e-01
3.185842871901315571e-02
3.623086841941133146e-02
2.373372062750001271e-03
0.000000000000000000e+00
5.124727332693680637e+00
0.000000000000000000e+00
0.000000000000000000e+00
8.521514355779832295e-01
0.000000000000000000e+00
1.548556606461097473e+01
0.000000000000000000e+00
5.704857782054790312e-04
2.862156843655880648e-03
5.152714310861913885e-06
9.477767968036066293e+01
8.535826080756377110e-03
9.525916821181732255e-05
4.754138510391374695e+00
1.429634000920228286e-09
2.798961453971307212e-05
4.109192901015567737e-09
1.428664496662967487e+01
8.519072470480039080e-05
3.223515749847181837e+02
9.607156284505526126e-07
3.916839263471391663e-01
6.458369318016002580e+01
1.056081236295717857e-04
2.177627464940045011e-06
4.782035775153043033e+01
3.193437684386397956e-04
1.123256568806738187e+02
7.726791713161474953e-08
8.888805257952885888e-05
1.190890394512336432e-03
6.829500740318069418e+00
2.498748151258537581e-02
4.484239426124217236e-05
9.407827185173182677e-04
6.358023065046938774e-08
1.333592592479781535e-06
2.259993256189722615e+03
4.539067001003017370e-07
5.160184530089724074e-05
1.741228822067670626e+04
5.165766849482064139e-03
5.175774759798239255e-02
1.772949462318415726e+03
5.259876999124757455e-04
4.161609583778314893e-03
3.626563231902644839e-03
2.352382212674930251e-01
1.347436715312741606e-06
3.567366291290259839e-01
1.310447816051836709e-10
1.442506817868155251e-12
1.896632276703371139e-12
2.142504081181903692e-04
1.245097215015887837e-10
6.698118278893525068e-02
6.098408511394574738e+00
1.759568672577479989e-11
1.180320843778151652e-12
5.174681123681545959e-13
2.579378108640418542e-09
1.743681441483786268e-10
7.468166651278608938e-11
2.008309830731755650e-12
7.121457474502778667e-19
2.999904802836222234e-10
3.872032671160052952e-13
7.771030096128583571e-11
1.426110139512700847e-14
3.400545370161548436e-09
3.392399360832836458e-12
7.679254856844215993e-16
4.992631906422012691e-18
6.237780807006254087e-19
2.832916320689268757e-16
6.831032641472224047e-17
1.341767073054031361e-17
0.000000000000000000e+00
3.064643917388076844e+01
5.907374984342765600e+01
2.101614387711574509e-04
4.051887557826912159e-04
4.929213190037347157e-05
2.301716080764307828e-13
4.437098699435822536e-13
0.000000000000000000e+00
1.544042177268409155e+01
2.160542506689440455e-04
2.075680286664057128e+00
2.296787172772026334e-02
2.896960281844337005e-03
9.391822280310565541e-01
6.440575160869987015e-06
1.510600046488257262e-06
7.053718855769918751e-15
4.416782553127512003e-11
1.035931071917201238e-11
4.837260895409156005e-20
1.134551860819651361e-20
5.297768837878159512e-29
2.384056803698562377e-01
4.308421961699322386e-03
1.306275725754590056e+00
3.532929718590702844e-02
4.375678372172839104e-16
5.444448766831234999e-24
2.582846800801490759e-32
1.994659838746171629e-17
6.119408030811640184e-20
1.701117508347578103e-17
3.677253785478748253e-19
0.000000000000000000e+00
1.110156124725577326e-14
8.358538526274233666e-20
8.645931592922640621e-29
1.020097299133640941e-27
1.427926343889277727e-22
2.681452361329866862e-28
0.000000000000000000e+00
1.201188160307985713e-36
4.831745235849472638e-36
0.000000000000000000e+00
6.792767617998309456e-31
1.126905984894217467e-36
5.263783822368232000e-45
2.630566101524195112e-16
2.407916478158567920e-38
2.120191856929098705e-16
4.965905570848584270e-18
0.000000000000000000e+00
3.306560055172672426e-31
1.783438889998108403e-38
3.448145492839120003e-47
5.446981969346580959e-47
4.260647391471886826e-55
1.082721849585208450e-63
9.035328103110223245e-34
1.871763487766644500e-41
3.058150892202779616e-33
5.185920130476340228e-36
0.000000000000000000e+00
5.908475732458025043e+00
4.051863145454317539e-05
4.437605961609060925e-14
3.657442594271828930e-19
0.000000000000000000e+00
1.094155410483613517e-14
3.258914603818893955e-31
8.312816551040810076e-20
1.773416759798552227e-38
8.598752813563211484e-29
3.429104686004308924e-47
1.019160727824993184e-27
0.000000000000000000e+00
1.419888853126345728e-22
1.199914951563512134e-36
4.255598418802148049e-55
4.827355925890176156e-36
0.000000000000000000e+00
6.755872755207896404e-31
1.125752858767695138e-36
5.258541682838197737e-45
1.081624769437143417e-63
2.628451276495435346e-16
9.027204998271888027e-34
1.869583672966866126e-41
2.405068535143290500e-38
3.054227921074198611e-33
2.117499603329594247e-16
4.960053210388987067e-18
0.000000000000000000e+00
5.179019878550852723e-36
0.000000000000000000e+00
6.045741814318510647e-18
0.000000000000000000e+00
6.240145608666446856e-36
0.000000000000000000e+00
2.564181792405865545e-23
0.000000000000000000e+00
7.720178911894302369e-19
2.272084573085154373e-35
5.830108357084227273e-24
1.229649725618223249e-42
5.964803028015932542e-33
2.348847562040913814e-51
7.261103120547815978e-32
0.000000000000000000e+00
9.972353986638019709e-27
8.447371184015240125e-41
2.960154957378494606e-59
3.392156525796581655e-40
0.000000000000000000e+00
4.679341512927485426e-35
7.915683898047569322e-41
3.651876645712402397e-49
7.426936575238126635e-68
1.855976675110402898e-20
6.295493275887329835e-38
1.317861980746175434e-45
1.694109294903569143e-42
2.114595843892935557e-37
1.482280882406825781e-20
3.507843569076996759e-22
0.000000000000000000e+00
3.618337772201905405e-40
0.000000000000000000e+00
2.116182397630732920e-18
0.000000000000000000e+00
1.755435902387466952e-13
5.088232181549437891e-30
4.812308603649238693e-19
1.000026690005165321e-37
4.856804739968432826e-28
1.882670930820355596e-46
4.807659495340781868e-28
0.000000000000000000e+00
8.244381548655880935e-22
5.564446208850972803e-37
1.940113300683886316e-55
2.233370753226862666e-36
0.000000000000000000e+00
3.802252334500204884e-30
5.212152014162409714e-37
2.392643661641284509e-45
4.843966741823710034e-64
1.235526615885351660e-16
4.168498565644549059e-34
8.686207571873019296e-42
1.116100624707933769e-38
1.394020118811298618e-33
9.823035293924557294e-17
1.087502026267455040e-17
0.000000000000000000e+00
9.183416421925709063e-36
0.000000000000000000e+00
2.118046310102567004e-18
0.000000000000000000e+00
1.756960249107176578e-13
5.092713632046848313e-30
4.816546101159532946e-19
1.000919351520993402e-37
4.861136338623166783e-28
1.884375232889652100e-46
4.814482459792730564e-28
0.000000000000000000e+00
8.251629993979152456e-22
5.572411802869595135e-37
1.942914903990465971e-55
2.236571684786558077e-36
0.000000000000000000e+00
3.805649780651758051e-30
5.219619407335927562e-37
2.396102205740321828e-45
4.851026113422716087e-64
1.237283002399603707e-16
4.174478144325069784e-34
8.698630298960304328e-42
1.117697787445166424e-38
1.396031694812746582e-33
9.837092856485011966e-17
1.087582545478810065e-17
0.000000000000000000e+00
9.184219646665994781e-36
0.000000000000000000e+00
1.403381994132083373e-17
0.000000000000000000e+00
1.183516270914965479e-35
0.000000000000000000e+00
1.395571457030080503e-22
0.000000000000000000e+00
4.639177982969694727e-18
1.380941607485874316e-34
2.819763763467977921e-23
6.011941864367691298e-42
4.008180324338683333e-32
1.597766414003272716e-50
3.025486537455930606e-31
0.000000000000000000e+00
4.816438898823958110e-26
4.577876468170834136e-40
1.622937753018583099e-58
2.046226587778251998e-39
0.000000000000000000e+00
3.148651461604125913e-34
4.294509524956644115e-40
2.673626044645321611e-48
5.497320353166826055e-67
2.228876362377966290e-20
7.652220188216721986e-38
7.924484380654809245e-46
1.019456879926926759e-42
1.035345686049606796e-36
7.180581422327239252e-20
1.281777257317205718e-21
0.000000000000000000e+00
1.322662979188656310e-39
0.000000000000000000e+00
8.087627948254926687e-22
0.000000000000000000e+00
7.454251544565473133e-17
2.160657618500372291e-33
1.634825254017909769e-22
3.397265000686865779e-41
2.268657081013555944e-31
8.794171148820365872e-50
1.429866906869887377e-31
0.000000000000000000e+00
2.800760381049833058e-25
2.127776319323405465e-40
7.418795508603172682e-59
9.489091961446919444e-40
0.000000000000000000e+00
1.776075668420078122e-33
1.993073962559643950e-40
1.219896718700255203e-48
2.469711113616460053e-67
1.049895242411565037e-20
3.542203266291080793e-38
3.690395682764008856e-46
4.741831079210365887e-43
4.738072696767954810e-37
3.338707854003715902e-20
2.977072741640226928e-21
0.000000000000000000e+00
2.510635286163159978e-39
0.000000000000000000e+00
6.956339891765582624e-20
0.000000000000000000e+00
2.079515181947015601e-15
6.195910639342156473e-32
1.185754165708917027e-20
2.527964167434017128e-39
1.226151273818465416e-29
4.888684133305923818e-48
1.453904026489065169e-28
0.000000000000000000e+00
2.025518506219927656e-23
1.140829577232823307e-37
4.045090707562427475e-56
6.885065104923682190e-37
0.000000000000000000e+00
9.634746046704898229e-32
1.070417387757646636e-37
4.998838119472560411e-46
1.027963886003545380e-64
4.999612566020887758e-17
1.716649068204071956e-34
4.444182221554114771e-42
5.716427284975052720e-39
2.903150574112118410e-34
6.039681939694797017e-17
4.312287624541478872e-19
0.000000000000000000e+00
4.449603525567808624e-37
0.000000000000000000e+00
9.789662383030775247e-20
0.000000000000000000e+00
1.463928881800391912e-15
4.353056200252924520e-32
5.566044897444150362e-20
1.185248263998262033e-38
2.296604925652752823e-29
9.141194336756363748e-48
8.188561791197790251e-28
0.000000000000000000e+00
9.473084734728932442e-23
9.621488483968532425e-37
3.406248701861820513e-55
1.935115026991617118e-36
0.000000000000000000e+00
1.806099296692720264e-31
9.031687273117221221e-37
2.102391509182232382e-45
4.325763618768068037e-64
1.056964320550699738e-16
3.622912325408192642e-34
7.435367276844332124e-42
9.563842294587395350e-39
2.852309481144114496e-33
2.263733956901449701e-16
4.220087026599830218e-18
0.000000000000000000e+00
4.347353523987282148e-36
0.000000000000000000e+00
5.586823322178530625e-20
0.000000000000000000e+00
8.356383075301208939e-16
2.488487248138391451e-32
3.174985561970551964e-20
6.772215481587330472e-39
1.313271089843876166e-29
5.236996557421057973e-48
4.671451133196264768e-28
0.000000000000000000e+00
5.423204409052408154e-23
5.498195784120216943e-37
1.949924814797207349e-55
1.106119742226009307e-36
0.000000000000000000e+00
1.031917599097780070e-31
5.158917698602089037e-37
1.204711946054649554e-45
2.477547862293425858e-64
6.023563036425101730e-17
2.068369514992543242e-34
4.280802558814683286e-42
5.506845456332081642e-39
1.631513499512049758e-33
1.292914860136127073e-16
2.424347911814597130e-18
0.000000000000000000e+00
2.501854771233121331e-36
0.000000000000000000e+00
1.305917405142937649e-21
0.000000000000000000e+00
1.203642492913230305e-16
3.488784091678970978e-33
2.639785457417965282e-22
5.485566992857353134e-41
3.663183212074831378e-31
1.419977900960994851e-49
2.308847292210438334e-31
0.000000000000000000e+00
4.522450598360952592e-25
3.435718847510781715e-40
1.197904807385631967e-58
1.532209716288309836e-39
0.000000000000000000e+00
2.867828504582155442e-33
3.218230928028100294e-40
1.969751080157067320e-48
3.987763000081992626e-67
1.695292098223628463e-20
5.719611132610187202e-38
5.958633339726806486e-46
7.656308784984239653e-43
7.650149614672797054e-37
5.390781808717884693e-20
4.807120157236034655e-21
0.000000000000000000e+00
4.053928838263937255e-39
0.000000000000000000e+00
1.138023648131050516e-20
0.000000000000000000e+00
3.783034409755260299e-16
1.126092745963590750e-32
2.299386612338581125e-21
4.902455192187031533e-40
3.268482193326553790e-30
1.302902369310577295e-48
2.467144712509429801e-29
0.000000000000000000e+00
3.927582710901611966e-24
3.733044629245879468e-38
1.323429165096573790e-56
1.668602121006255936e-37
0.000000000000000000e+00
2.567576246548729064e-32
3.501971540280863108e-38
2.180215538413310244e-46
4.482802025565530150e-65
1.817545207904202731e-18
6.240026909667366240e-36
6.462046307202418593e-44
8.313194427939181844e-41
8.442755694102643479e-35
5.855428679861406908e-18
1.045229999047934634e-19
0.000000000000000000e+00
1.078569990434514114e-37
0.000000000000000000e+00
6.321454574113626583e-19
0.000000000000000000e+00
1.889653170279146626e-14
5.630322909958229351e-31
1.077531010331973761e-19
2.297163600937258997e-38
1.114224746847471988e-28
4.442384558336326041e-47
1.321213479011664082e-27
0.000000000000000000e+00
1.840657922975224760e-22
1.036697416296657251e-36
3.675823333226888368e-55
6.256638999866185163e-36
0.000000000000000000e+00
8.755308855366296295e-31
9.727165627868998339e-37
4.542525235297580731e-45
9.341172788544961666e-64
4.543326493390287760e-16
1.559962457921746324e-33
4.038562332024238386e-41
5.194659810678737732e-38
2.638140261558623002e-33
5.488417059096537019e-16
3.918726472709400856e-18
0.000000000000000000e+00
4.043452805028403010e-36
0.000000000000000000e+00
9.688842751813904321e-19
0.000000000000000000e+00
1.448850116207332056e-14
4.308173923626266617e-31
5.508741359734472239e-19
1.173032093218570346e-37
2.272921057630749828e-28
9.046807323092750101e-47
8.104252486382024985e-27
0.000000000000000000e+00
9.375318912079165826e-22
9.522311192479942325e-36
3.371096148176837309e-54
1.915164695752947858e-35
0.000000000000000000e+00
1.787484379367274353e-30
8.938616898079438124e-36
2.080680307333351325e-44
4.281106468769790379e-63
1.046089316017609988e-15
3.585591424037208474e-33
7.358335265544574466e-41
9.464751434576465251e-38
2.822889065884657761e-32
2.240408068104818084e-15
4.176673047373209003e-17
0.000000000000000000e+00
4.302619565352685249e-35
0.000000000000000000e+00
0.000000000000000000e+00
0.000000000000000000e+00
0.000000000000000000e+00
0.000000000000000000e+00
0.000000000000000000e+00
0.000000000000000000e+00
0.000000000000000000e+00
0.000000000000000000e+00
0.000000000000000000e+00
0.000000000000000000e+00
0.000000000000000000e+00
0.000000000000000000e+00
0.000000000000000000e+00
0.000000000000000000e+00
0.000000000000000000e+00
0.000000000000000000e+00
0.000000000000000000e+00
0.000000000000000000e+00
0.000000000000000000e+00
0.000000000000000000e+00
0.000000000000000000e+00
0.000000000000000000e+00
0.000000000000000000e+00
0.000000000000000000e+00
0.000000000000000000e+00
0.000000000000000000e+00
0.000000000000000000e+00
0.000000000000000000e+00
0.000000000000000000e+00
1.617868893403687336e+00
7.183298124357617861e-05
6.114178730200811707e+00
8.313371498550706917e+01
1.103139757678745225e-01
2.123889079854955675e+00
2.426016810228738052e+01
3.401528097034703380e-02
1.512639756060199758e+01
4.703653285243098559e+00
1.767950553278349102e-10
2.674308019015096960e+00
4.141617363706493072e-10
4.212775392028352837e-11
0.000000000000000000e+00
0.000000000000000000e+00
1.838546404953192666e-12
4.200439174679087423e-03
7.722697285141729646e-17
1.554689946790109900e+01
1.630908941150945338e+03
1.916434965110927813e+00
0.000000000000000000e+00
2.334575794095896839e+01
1.211788382776881612e+00
1.864060261404919316e+00
2.573677229340206110e-02
7.258601363640464210e-02
5.090352187187081654e+02
1.192747719313709496e+02
2.794915441347151273e+02
1.610362031724539803e-11
7.775736245182188533e+00
1.399636829934255786e+02
1.223458429883872185e+02
2.358786111837819988e+01
5.986398832600477959e+01
1.188763727890096818e-13
2.158416253551951377e-11
1.191166749948118126e-09
2.158956431273541930e-09
3.734279072684296352e+01
8.024241869079734529e-09
6.467211856459776920e-01
1.217733386065146944e-01
6.097722707999908565e-02
1.820491785121408554e+02
2.456740901831391311e-13
9.996241482102659575e+03
3.604080806421124716e+00
4.199443268540315466e-01
7.629463223083781109e-01
2.364520293976063670e+01
8.914981939476357420e-02
8.915431274723976118e-01
1.088548294286575135e+01
3.922930117141008033e-01
1.055581421421750016e-01
5.921319225517295004e-02
4.639099229923306034e+00
2.537894108407433791e+00
9.241873380854859210e-03
2.015237311643064402e+02
1.632717243872805923e+01
3.649428563632364092e-02
4.862399356616070034e-01
7.319256025621677653e-01
1.773660605097711063e-01
2.223675315770267957e+01
4.087103520751311323e-13
1.243668776180054600e-10
3.416164922121811287e+02
0.000000000000000000e+00
4.059593279138540822e+01
3.339273114486264404e+01
2.120779306781046785e+02
1.974311654373994418e-01
7.649953701450636911e-01
7.311545079367419930e+01
0.000000000000000000e+00
1.171569509573505580e-11
2.481477516689518126e+01
3.166688579694274597e-10
2.826488302268505004e-01
1.080043101797125703e-10
5.061900829987842814e-04
2.126806148169671853e-02
2.336289620456889760e-01
1.144973898380724827e-16
4.965767367525640574e-02
0.000000000000000000e+00
6.158127032130247258e-01
1.442944300743906616e-01
5.673097604152086859e+00
4.666486494656311379e+00
2.358798355010605974e+01
6.468575261355639274e-15
1.512475437129914376e-14
6.481148100571460532e-11
1.515310912703719534e-10
1.269266377754258480e-13
1.375921008996163191e-03
9.976612909431211047e-04
8.929842356976276348e-04
1.633331712541178371e-01
2.167512825701337510e-03
5.155891335328401798e-02
0.000000000000000000e+00
1.082485137463613100e-13
9.503526336848640810e-13
8.000761414920261458e-04
1.801345425389637185e-13
4.887387266566101897e-13
0.000000000000000000e+00
2.745233339521108708e-12
3.899182344073840595e-02
1.520203673758217106e-04
7.034873380626500668e-04
1.648379239196989473e-04
1.230157965855524651e+02
3.470732877865753796e+00
3.473849093581274361e-01
8.841521405673491429e+00
2.071706584081580260e+00
5.917357912483574900e+00
0.000000000000000000e+00
0.000000000000000000e+00
0.000000000000000000e+00
0.000000000000000000e+00
5.656284651635352390e+01
6.957966845370583542e+01
0.000000000000000000e+00
0.000000000000000000e+00
0.000000000000000000e+00
0.000000000000000000e+00
0.000000000000000000e+00
3.591319297914413126e-03
4.355373263463527961e-03
0.000000000000000000e+00
2.131514098119585525e-03
3.238383952569185483e-03
5.376216566653199691e-03
5.376216566653199691e-03
5.376216566653199691e-03
5.376216566653199691e-03
1.860806895755852744e-02
3.794982358112791161e-06
1.357970938889601492e-02
5.376216566653199691e-03
5.376216566653199691e-03
5.376216566653199691e-03
5.376216566653199691e-03
5.376216566653199691e-03
5.376216566653199691e-03
5.376216566653199691e-03
5.376216566653199691e-03
5.376216566653199691e-03
5.376216566653199691e-03
5.376216566653199691e-03
5.376216566653199691e-03
5.376216566653199691e-03
5.717773419555999964e-04
9.420411206955300182e-03
4.703248135821100177e-03
1.498765032630679922e-02
2.770337121422000162e-04
2.087240296962000101e-04
1.361133672443100382e-03
2.139104062835785365e-03
4.947391504349443053e-03
1.500285508124886424e-03
3.162480333325427655e-04
2.865215155946401141e-03
5.261106570382143195e-03
5.926493973681399956e-03
1.328258720644715147e-04
9.474820849393723009e-04
2.449028615102129963e-02
5.032146110347343604e-03
7.589964716225611122e-06
5.805057517282941927e-03
1.723933588670553338e-02
6.946084695506529912e-03
4.042921304811551014e-02
3.115683495071742016e-03
6.906862926662428372e-04
5.047326536290000238e-04
7.737972503763298517e-03
3.630538087695571394e-04
3.162480333325427655e-04
2.036665357695859751e-04
3.418012621009628924e-03
2.023990590993499574e-05
5.295263397645972279e-03
4.035963633585826216e-01
1.303955987898576009e-02
1.264994119370919446e-06
0.000000000000000000e+00
3.192846150312614838e-03
2.529988238741870656e-06
1.264994119370919446e-06
0.000000000000000000e+00
9.715154836768000526e-04
0.000000000000000000e+00
7.792368740426572522e-04
4.484405642700471303e-03
4.658971355602370933e-03
0.000000000000000000e+00
1.811470585918785849e-03
2.708351913062943296e-03
2.656487650678969017e-05
8.222451845706856520e-04
3.162480333325427655e-04
2.732386304820785643e-03
5.577358079285986772e-03
4.141589257289829407e-03
1.574918671637114435e-03
5.059976477483741313e-06
0.000000000000000000e+00
3.907564848695970795e-03
2.350358080770785767e-03
1.254368367372292806e-02
1.611602508078500019e-03
5.035943575256430355e-03
2.013870141528242754e-03
2.788047039093499366e-03
7.373650225302941057e-03
3.162480333325427655e-04
5.376224510816243231e-03
1.539497843274399659e-03
1.352278713607500075e-03
6.084619728133370750e-03
1.123538713914281450e-18
9.487440999976269954e-04
2.901894523796071969e-03
2.165794942244397489e-02
7.321788941980039191e-03
1.080305474452957328e-03
2.358961530313117075e-02
4.486938113490155852e-03
4.475549194334299194e-03
7.880913363679998467e-04
4.099844947860785578e-03
3.521745117859171811e-03
8.614614918017574107e-04
6.213651114349999678e-03
3.706442699960144755e-04
1.264994119370919446e-06
1.011995295496748601e-05
2.418668011471944435e-02
1.307245568421174300e-02
6.308525176792641881e-03
7.211732964064266997e-03
1.061329569641942952e-03
2.686466720381560855e-02
1.948090943831200022e-03
1.263729621761757209e-03
7.271188680695083242e-03
1.506610478721686665e-03
4.484402663639328566e-03
2.869007655753614411e-03
2.104951207653614660e-03
2.909486474553155913e-05
1.629313418770115011e-03
1.657142296375000074e-04
5.059976477483741313e-06
2.656992605655309272e-02
3.162480333325427655e-04
6.324970596854693582e-06
5.059976477483741313e-06
4.933477065546644307e-05
6.388220302823000409e-04
7.479905759248586111e-03
1.770996732220571823e-04
1.435767332465585563e-03
2.024040242005716297e-05
0.000000000000000000e+00
