1.897392000000000053e+03
2.541304852444957305e+02
4.974231209047776048e+00
3.101822160396917525e+02
1.565697089628041994e-01
1.147258632517617627e-65
3.221472141797054068e-102
4.986405547834181107e+00
5.007144692736957836e+00
5.008409550839604485e+00
5.106989884974526106e+00
5.110903484929310459e+00
5.119689470740514281e+00
5.120891775287066849e+00
5.142406647556527766e+00
5.166556738246352865e+00
5.192909231366850342e+00
5.002729278379669076e+00
5.044519202914642619e+00
5.096627843081224185e+00
5.126033837418943584e+00
5.161645173400197351e+00
5.208266181828142827e+00
5.221521663094689458e+00
5.228222623470296426e+00
5.235091010329528949e+00
5.237097858917356241e+00
1.889357550241339001e-01
7.001226706155119928e+01
1.178163493502630033e+01
7.913304079905890409e-04
1.222629606240346768e-05
0.000000000000000000e+00
0.000000000000000000e+00
5.774046784175889258e+01
1.526484000274332402e+02
0.000000000000000000e+00
8.908912361796808455e+00
1.872990355417814889e+00
7.974404169252943575e+03
2.979133505427099315e+00
3.158857871013496382e-02
1.127554212503207282e+03
7.094327760217032930e-01
1.457547044176428441e+00
1.743345888514599196e+01
3.542710267549613157e+00
2.549008432859414253e-01
8.902566376377279989e-01
2.749335855382606386e+00
1.140888624151689790e+01
1.121540467510934613e+00
1.412958840735315960e+02
4.919919722096990000e+01
1.601891342456294609e+01
5.529828549136991001e+01
4.021915285342951840e+00
1.403975910975911567e+01
5.226609215035090905e+00
1.279099393748953206e+00
2.040708440323626149e+01
5.971672426182220716e-01
1.088058012201011877e+02
1.161867868910298895e+01
4.204572983503044981e+00
4.160047958213915820e+01
3.443745956581491185e+00
3.900685292237550339e+00
6.842043356706455359e-01
7.116750591973199391e+01
7.300690098823293672e-01
9.402916505609248077e+00
2.651894270491460404e+01
1.674040040471106749e+01
8.381751680328947129e-02
1.497720318032879916e-01
8.987404370807311352e+03
1.676437129324982012e+00
2.896365330623420498e+00
3.006964939287564142e-01
3.188003395472333024e-02
3.642034156648242538e-02
2.371209657441177010e-03
0.000000000000000000e+00
5.441272140966744608e+00
0.000000000000000000e+00
0.000000000000000000e+00
1.061974533938241372e+00
0.000000000000000000e+00
1.627883481540288813e+01
0.000000000000000000e+00
6.362078344277120011e-04
2.861521884930299294e-03
5.737980635428644524e-06
8.236256198546691110e+01
8.274715687501805680e-03
1.227895080111764126e-04
5.032861618894808764e+00
1.950946165334362065e-09
4.350800595953342845e-05
6.714705640527991746e-09
1.074713990599074265e+01
8.260604866893844203e-05
3.342420256882514309e+02
1.284113390498250181e-06
4.150846454583947409e-01
6.145631401991357734e+01
1.119966670986638014e-04
3.348293152323087509e-06
3.179645948745221773e+01
3.264132801775739110e-04
1.228695376706324822e+02
1.299579724204132186e-07
1.676129820297242023e-04
2.269552693322786537e-03
4.541142417528487130e+00
3.154723843092418351e-02
1.628650402335775035e-04
2.249638550522174273e-03
8.386625638339146833e-07
1.144062790383087441e-05
2.259945131457305706e+03
5.987034280729442187e-06
4.743888303173455449e-04
1.778198323127080948e+04
4.849701211831689701e-02
4.826197702807110690e-01
1.793396290720231718e+03
4.891154741408187435e-03
3.247809017840050383e-02
3.370129338213449788e-02
1.270470577789534899e-02
6.762652302301468604e-07
3.185829643319630367e-01
1.218018954510152891e-10
1.991706951713756730e-12
2.413569764240295565e-12
1.126183731594978393e-03
1.311061145596428915e-10
2.564051308284474029e-01
6.090437170051423266e+00
1.389676824663576978e-11
1.669198853140158489e-12
1.357085677475308250e-12
1.354727082856712866e-09
1.604491252967924083e-10
1.285849399558071443e-10
4.904555612500748569e-12
1.902334458366890812e-18
4.716086047758799396e-10
1.005094257283867668e-12
2.000729236054352307e-10
1.274722619700894252e-14
2.839557520898671537e-09
2.847914808635449822e-12
6.321855673738253793e-16
4.910836234312628568e-18
6.135909574378869428e-19
3.071729583109531322e-16
1.483816662302482447e-17
1.319784160587114984e-17
0.000000000000000000e+00
2.592613142075821386e+01
5.312365306420764455e+01
2.020868644543518267e-04
4.141445015017931343e-04
4.964440975773783935e-05
2.176178892513366691e-13
4.459154418921453037e-13
0.000000000000000000e+00
1.475249387176440408e+01
2.160543059059044776e-04
4.240754512568514656e+00
2.942390549226150953e-02
1.728596290352533288e-02
6.721587643494780773e-01
5.239279933757327833e-06
1.287072829501880298e-06
5.641868870401455767e-15
4.083926523991034695e-11
1.003250624712756755e-11
4.397737515900307245e-20
1.080340913167942471e-20
4.735661904746656045e-29
2.176345267281251383e-01
1.798299278260711426e-02
1.420361559397030016e+00
1.041473867737058162e-01
3.869826533156386355e-16
6.666735426272129894e-24
3.001980434606969594e-32
1.985660682256757556e-17
6.635033479634181873e-20
3.852218257101905333e-18
3.192372908132937354e-19
0.000000000000000000e+00
8.433962743896369970e-15
7.549222527991128723e-20
7.272660919761879960e-29
1.201763805639357555e-27
1.491417257985249350e-22
3.304037689370091387e-28
0.000000000000000000e+00
1.395036127810939733e-36
5.410947914423693824e-36
0.000000000000000000e+00
6.745170652435009423e-31
1.320316762976226289e-36
5.795748985691308565e-45
2.508892946817827791e-16
2.839488828642985193e-38
1.005475897262213036e-16
6.070942722377587930e-18
0.000000000000000000e+00
2.178588683049616322e-31
1.593674455141711829e-38
2.921541043459778255e-47
6.883169414437581527e-47
5.021497523114608666e-55
1.232675224144557757e-63
8.667144389370543092e-34
2.200541655584267709e-41
2.997192354419665066e-34
6.481000297410181359e-36
0.000000000000000000e+00
5.313118756055239089e+00
4.141465087475203096e-05
4.459702155252553698e-14
3.177442242423163972e-19
0.000000000000000000e+00
8.328606174903767014e-15
2.151367214079108357e-31
7.513336346836079271e-20
1.585895823057333058e-38
7.238193314523016870e-29
2.907544987286397033e-47
1.200771646531374838e-27
0.000000000000000000e+00
1.484152490958274357e-22
1.393708403208892600e-36
5.016126576070618457e-55
5.406591486055122331e-36
0.000000000000000000e+00
6.713459610611546256e-31
1.319104804466419184e-36
5.790624943896403544e-45
1.231554272915089653e-63
2.507138045476828757e-16
8.660393442697262977e-34
2.198253910833168279e-41
2.836380891932290640e-38
2.994131266182264701e-34
1.004314830283707920e-16
6.064734036672263910e-18
0.000000000000000000e+00
6.473484890180694523e-36
0.000000000000000000e+00
7.201311864901985435e-18
0.000000000000000000e+00
7.605875998383481027e-36
0.000000000000000000e+00
2.223526765284462250e-23
0.000000000000000000e+00
5.878721136959670058e-19
1.499336703284454780e-35
5.248548527231304675e-24
1.096062202727396903e-42
5.014463943487004283e-33
1.991812529226831418e-51
8.518371170728864070e-32
0.000000000000000000e+00
1.040939302935791730e-26
9.771484305407252187e-41
3.473298078897630991e-59
3.792376260641430577e-40
0.000000000000000000e+00
4.656105207102025521e-35
9.237381772544531136e-41
4.014974298569693810e-49
8.432753767134722579e-68
1.768981486387056084e-20
6.040313945195248434e-38
1.543578457236894063e-45
1.979204026637029466e-42
2.089384363136334452e-38
6.994382445110369646e-21
4.281132174859378734e-22
0.000000000000000000e+00
4.514484864860350820e-40
0.000000000000000000e+00
1.591810492823245810e-18
0.000000000000000000e+00
1.161205413629070773e-13
2.912438152357221334e-30
3.749580042077262139e-19
7.721833898189232225e-38
3.544993766341235171e-28
1.387974845563571133e-46
5.056310062434911143e-28
0.000000000000000000e+00
7.473119411570549418e-22
5.771122642944024179e-37
2.040694758604159968e-55
2.240650692877058684e-36
0.000000000000000000e+00
3.295104093801877877e-30
5.453135838873117943e-37
2.360857079302352353e-45
4.934001420716051208e-64
1.057081506644509177e-16
3.591288240545685062e-34
9.116485228275703027e-42
1.165796039199984359e-38
1.242649359977531332e-34
4.154851964399266937e-17
1.216252699004467293e-17
0.000000000000000000e+00
1.042832615690697914e-35
0.000000000000000000e+00
1.593215288466077231e-18
0.000000000000000000e+00
1.162212186184631418e-13
2.915002272367816407e-30
3.752895677997207976e-19
7.728750301922530114e-38
3.548159269976511956e-28
1.389231051000534004e-46
5.063508228514224799e-28
0.000000000000000000e+00
7.479697271353413970e-22
5.779408710853266581e-37
2.043651418707428862e-55
2.243866409620313610e-36
0.000000000000000000e+00
3.298043153092516508e-30
5.460971999905845018e-37
2.364273807193665256e-45
4.941206886376455382e-64
1.058585224130987284e-16
3.596440222298621986e-34
9.129564468945865354e-42
1.167476261088179945e-38
1.244431238795433357e-34
4.160819503572297863e-17
1.216344079122145289e-17
0.000000000000000000e+00
1.042925743650564277e-35
0.000000000000000000e+00
1.516077443984411243e-17
0.000000000000000000e+00
1.298088293182875981e-35
0.000000000000000000e+00
9.541988780569537694e-23
0.000000000000000000e+00
2.779619628791950444e-18
7.175270710980030138e-35
2.005621155535323081e-23
4.230826264355865003e-42
2.655332978256982252e-32
1.066225474352354883e-50
2.805067896912096286e-31
0.000000000000000000e+00
3.962258585494799764e-26
4.184147903710707829e-40
1.505267091889963691e-58
1.803541040572042322e-39
0.000000000000000000e+00
2.462685114026649776e-34
3.959775371998047299e-40
2.316912117265393771e-48
4.925443634380369552e-67
1.673227619986811278e-20
5.777863857285895436e-38
7.332518813410852592e-46
9.459635474843227299e-43
7.989753653990166477e-38
2.679868650861433413e-20
1.201589296248912316e-21
0.000000000000000000e+00
1.268758017537009973e-39
0.000000000000000000e+00
4.788188471593672022e-22
0.000000000000000000e+00
3.880966945611627441e-17
9.733910564694971730e-34
1.002564605957039843e-22
2.064666826519992137e-41
1.303302801597621542e-31
5.102859863869749689e-50
1.183607082078993308e-31
0.000000000000000000e+00
1.998166795801844407e-25
1.736904646059963529e-40
6.141803175083968970e-59
7.492896849669804978e-40
0.000000000000000000e+00
1.211438667864613490e-33
1.641210880415954202e-40
9.473845751885059047e-49
1.979956427921494074e-67
7.069916886800153510e-21
2.401905224792777033e-38
3.048464497101936318e-46
3.898308090566877558e-43
3.324239541617151603e-38
1.111473776300202126e-20
2.531318115190059424e-21
0.000000000000000000e+00
2.167329640511274775e-39
0.000000000000000000e+00
5.190112582250633573e-20
0.000000000000000000e+00
1.359528346486294338e-15
3.512943321417461268e-32
9.203495194770625137e-21
1.941396825853800278e-39
8.864133620440100374e-30
3.559992339860107085e-48
1.470996433385209393e-28
0.000000000000000000e+00
1.818267664612669852e-23
1.137892819798720671e-37
4.094405001519806531e-56
6.622227996531495080e-37
0.000000000000000000e+00
8.222996126642141958e-32
1.077084261143735230e-37
4.727288442830223088e-46
1.005135616591919053e-64
4.095547711102204767e-17
1.414396444865894180e-34
4.487478628475097407e-42
5.788830731705464517e-39
2.444535438230237098e-35
2.459869468785480186e-17
4.411233984778997817e-19
0.000000000000000000e+00
4.657642348190075401e-37
0.000000000000000000e+00
7.617850527346985198e-20
0.000000000000000000e+00
9.987413436865368193e-16
2.575194490692050199e-32
4.504404988836456327e-20
9.491340012726022310e-39
1.731649308876222628e-29
6.944433973684505480e-48
8.636220130326375910e-28
0.000000000000000000e+00
8.869662742558398758e-23
1.000394813160552867e-36
3.593844596198404914e-55
1.940852027318259898e-36
0.000000000000000000e+00
1.608415468114462158e-31
9.473688507911446107e-37
2.073263186743788671e-45
4.409843876252257431e-64
9.030733818039063830e-17
3.113798869929180067e-34
7.827712043909845334e-42
1.009045933755062653e-38
2.507560151249926228e-34
9.609811085837665318e-17
4.502244232913600371e-18
0.000000000000000000e+00
4.745956272411845728e-36
0.000000000000000000e+00
4.645277593503587233e-20
0.000000000000000000e+00
6.088146450031581833e-16
1.572332201734828085e-32
2.746355609452390663e-20
5.796013207376273826e-39
1.058027409474206455e-29
4.249969426517161047e-48
5.267308857940312315e-28
0.000000000000000000e+00
5.425350711667679694e-23
6.111693998484039556e-37
2.199593522167221866e-55
1.185639849991688354e-36
0.000000000000000000e+00
9.814711070391923116e-32
5.785163574792290147e-37
1.269639755187726702e-45
2.699769684310836279e-64
5.498945180242813804e-17
1.899178641043373406e-34
4.817166870985120689e-42
6.214960357698286725e-39
1.530914446049092506e-34
5.868551130295472162e-17
2.763754776077436208e-18
0.000000000000000000e+00
2.918496122744600862e-36
0.000000000000000000e+00
8.190191656438294897e-22
0.000000000000000000e+00
6.638393861440263659e-17
1.664963293573801373e-33
1.714893242891068331e-22
3.531586009563252112e-41
2.229275122995090697e-31
8.728295096404407209e-50
2.024576893149448643e-31
0.000000000000000000e+00
3.417890986828306606e-25
2.970946378482273597e-40
1.050537981571633149e-58
1.281656072566209580e-39
0.000000000000000000e+00
2.072157922314515270e-33
2.807277509172285867e-40
1.620476978177522302e-48
3.386620585423080199e-67
1.209320720733014633e-20
4.108448687989897090e-38
5.214131179581912200e-46
6.667670644637887173e-43
5.685824411970783283e-38
1.901075408844941259e-20
4.329833586417367692e-21
0.000000000000000000e+00
3.707200599989128389e-39
0.000000000000000000e+00
8.242646540572856273e-21
0.000000000000000000e+00
2.401116802729458377e-16
6.198202709423717625e-33
1.732513735228325122e-21
3.654707116311608370e-40
2.293751850620977719e-30
9.210352396641783752e-49
2.423099510627762681e-29
0.000000000000000000e+00
3.422714471560513787e-24
3.614386702680502173e-38
1.300291936796940073e-56
1.557950408512987137e-37
0.000000000000000000e+00
2.127336960924061963e-32
3.420566753252102619e-38
2.001413676501357507e-46
4.254733562488307050e-65
1.445382657075888711e-18
4.991084243810870430e-36
6.334039362148671240e-44
8.171501714945332661e-41
6.901777545504552947e-36
2.314946979039178117e-18
1.037967867469427218e-19
0.000000000000000000e+00
1.095989738638390854e-37
0.000000000000000000e+00
4.716456293927466515e-19
0.000000000000000000e+00
1.235414755638042557e-14
3.192297987361929777e-31
8.363531352686848796e-20
1.764157628831881863e-38
8.055044173321914171e-29
3.235018440587841976e-47
1.336749255309484834e-27
0.000000000000000000e+00
1.652332958306655198e-22
1.034031385940198116e-36
3.720643676934415092e-55
6.017822029767449122e-36
0.000000000000000000e+00
7.472491493346541382e-31
9.787775705999650210e-37
4.295785540998944897e-45
9.133764806701495319e-64
3.721795121655068579e-16
1.285307450082078843e-33
4.077925568701290171e-41
5.260451444657072284e-38
2.221418056228458424e-34
2.235351718281660787e-16
4.008666079936748991e-18
0.000000000000000000e+00
4.232527158019419272e-36
0.000000000000000000e+00
7.539474699682133549e-19
0.000000000000000000e+00
9.884682262706047615e-15
2.548676887732930990e-31
4.458066515208449751e-19
9.393595278433470748e-38
1.713809513058703618e-28
6.872812592495176340e-47
8.547355834521887406e-27
0.000000000000000000e+00
8.778217996775171259e-22
9.900892539151819536e-36
3.556777357390897747e-54
1.920859605979336519e-35
0.000000000000000000e+00
1.591859650208994663e-30
9.376124879973192157e-36
2.051871313475217519e-44
4.364351853160008390e-63
8.937911535524408934e-16
3.081757895374240569e-33
7.746676010232590663e-41
9.985937439085867507e-38
2.481740184049448609e-33
9.510842460539902413e-16
4.455954431137275869e-17
0.000000000000000000e+00
4.697149022387481313e-35
0.000000000000000000e+00
0.000000000000000000e+00
0.000000000000000000e+00
0.000000000000000000e+00
0.000000000000000000e+00
0.000000000000000000e+00
0.000000000000000000e+00
0.000000000000000000e+00
0.000000000000000000e+00
0.000000000000000000e+00
0.000000000000000000e+00
0.000000000000000000e+00
0.000000000000000000e+00
0.000000000000000000e+00
0.000000000000000000e+00
0.000000000000000000e+00
0.000000000000000000e+00
0.000000000000000000e+00
0.000000000000000000e+00
0.000000000000000000e+00
0.000000000000000000e+00
0.000000000000000000e+00
0.000000000000000000e+00
0.000000000000000000e+00
0.000000000000000000e+00
0.000000000000000000e+00
0.000000000000000000e+00
0.000000000000000000e+00
0.000000000000000000e+00
0.000000000000000000e+00
1.562795738429214376e+00
7.183297304430193836e-05
5.287783704793396211e+00
7.718281811077474686e+01
8.682449430263657064e-02
1.776668441492367689e+00
2.083416666755712043e+01
2.879250192595014454e-02
1.488814504399266703e+01
4.209646464662426091e+00
1.509981257258349791e-10
2.559510475808473906e+00
2.031035949108564928e-10
3.943945455974341065e-11
0.000000000000000000e+00
0.000000000000000000e+00
1.197447591384400103e-12
4.200438822872825349e-03
5.029802621599712740e-17
1.761677622194140724e+01
1.727660046536526124e+03
1.752248329501574275e+00
0.000000000000000000e+00
2.357587695323588051e+01
1.151733328954492430e+00
2.001952417125406392e+00
2.090544803344330377e-02
7.263040711021546969e-02
4.438267782292791139e+02
1.158143021749080503e+02
3.021409374825772716e+02
1.718921390038431854e-11
8.264701075417363541e+00
1.487655996492528061e+02
1.203064889065370124e+02
2.465470913928584196e+01
6.255890080180881085e+01
1.134982077527006416e-13
1.678801518865134276e-11
1.096682262738713860e-09
2.094158150107820474e-09
3.691300688887261572e+01
7.639818037256467053e-09
6.467211741339280451e-01
1.323272517502475099e-01
6.623733102305819076e-02
2.381999596230001828e+02
1.599041377253744008e-13
9.996291816055243544e+03
3.530903875990077712e+00
4.515314928209152590e-01
7.160942502426511647e-01
2.314200568454763030e+01
1.008946709629744282e-01
1.009018546416845741e+00
1.325112333169681555e+01
4.678352762721362801e-01
1.066996368336685513e-01
9.205411468135857311e-02
3.302143532552173077e+00
2.842501717389963378e+00
1.045553573695043661e-02
2.236118391670174503e+02
2.049283698552028810e+01
2.754747015440189503e-02
5.471626424668336597e-01
8.919713329351615094e-01
1.506680492433426777e-01
2.119701406293502188e+01
2.537663311815202502e-13
7.728311044090328247e-11
3.399379159139115814e+02
0.000000000000000000e+00
3.816354606830285690e+01
3.283904554313416213e+01
2.254291583599723481e+02
1.607146193698757441e-01
7.112443308360764105e-01
6.516019989210073504e+01
0.000000000000000000e+00
7.484588907878319266e-12
2.644643226592889107e+01
3.160505940033643799e-10
3.441748377331039777e-01
1.230633149227151650e-10
4.732889628977752800e-04
1.779318848946231241e-02
2.360286902154417887e-01
7.899653344394183545e-17
5.144824346080224819e-02
0.000000000000000000e+00
5.372547669190994579e-01
1.401938221771599768e-01
5.765369408427678088e+00
4.960995322294630583e+00
2.465495618121473598e+01
6.452866389955809721e-15
1.534731458199985041e-14
6.235043597604480054e-11
1.482698280112499146e-10
7.842133536835828545e-14
1.449376414771764727e-03
1.116713212259830669e-03
1.010979089761229223e-03
2.051151134603638737e-01
2.760474728422297481e-03
6.167040376584320693e-02
0.000000000000000000e+00
1.234003091260049649e-13
9.482098890152094848e-13
7.371088375355160831e-04
1.509302325206760186e-13
5.130369633793968598e-13
0.000000000000000000e+00
2.268191812891245613e-12
3.630470481862010934e-02
1.318008961244094646e-04
5.317886792622775541e-04
1.387674888670700974e-04
1.137560601338853701e+02
3.902867227832260255e+00
4.006594104982161841e-01
8.891123489768601118e+00
2.320091177111514469e+00
4.822588490368148406e+00
0.000000000000000000e+00
0.000000000000000000e+00
0.000000000000000000e+00
0.000000000000000000e+00
5.901302069574250453e+01
6.712949427432420180e+01
0.000000000000000000e+00
0.000000000000000000e+00
0.000000000000000000e+00
0.000000000000000000e+00
0.000000000000000000e+00
5.172559464577127820e-03
6.885357530123870085e-03
0.000000000000000000e+00
2.764010164784671056e-03
3.238383952569185483e-03
5.376216566653199691e-03
5.376216566653199691e-03
5.376216566653199691e-03
5.376216566653199691e-03
2.493302962420938448e-02
3.794982358112791161e-06
1.010098102223804667e-02
5.376216566653199691e-03
5.376216566653199691e-03
5.376216566653199691e-03
5.376216566653199691e-03
5.376216566653199691e-03
5.376216566653199691e-03
5.376216566653199691e-03
5.376216566653199691e-03
5.376216566653199691e-03
5.376216566653199691e-03
5.376216566653199691e-03
5.376216566653199691e-03
5.376216566653199691e-03
5.717773419555999964e-04
9.420411206955300182e-03
4.703248135821100177e-03
1.498765032630679922e-02
2.770337121422000162e-04
2.087240296962000101e-04
1.993629739108185913e-03
9.487440999976282964e-04
6.844879704344699646e-03
4.030269774785227681e-03
0.000000000000000000e+00
9.190175822597257752e-03
1.149882137059085943e-03
2.764013640355971434e-03
2.346562105392270819e-03
3.477466351599714425e-03
3.208023895100232947e-02
4.083402010349715741e-03
7.589964716225612816e-06
3.591321283955141701e-03
1.091437522005468154e-02
9.792316995499414367e-03
5.687411078140773568e-02
4.064427595069370312e-03
5.819022600115726564e-05
5.047326536290000238e-04
5.840484303768041924e-03
6.793018421020998506e-04
7.248411338893426953e-04
2.417402769097384222e-03
2.469268521012000193e-03
2.023990590993499574e-05
3.397775197650715687e-03
4.301611981585162225e-01
1.588579217897864368e-02
1.264994119370919446e-06
0.000000000000000000e+00
4.141590250310243568e-03
2.529988238741870656e-06
1.264994119370919446e-06
0.000000000000000000e+00
1.287763517009342818e-03
3.162480333325427655e-04
7.792368740426572522e-04
7.330637942693355759e-03
2.445235122274572008e-03
4.667823335376427673e-04
5.464784525886147871e-04
1.127111746400229252e-03
2.656487650678969017e-05
0.000000000000000000e+00
1.720396967445572288e-04
2.099890238155700112e-03
6.209854145951072303e-03
4.774085323954914938e-03
1.258670638304571670e-03
5.059976477483741313e-06
0.000000000000000000e+00
5.488805015358685056e-03
2.034110047438243002e-03
1.665490810704598271e-02
1.611602508078500019e-03
7.565927841916771611e-03
1.065126041530614458e-03
3.420543105758585330e-03
5.476162025307685331e-03
3.162480333325427655e-04
7.273712710811499824e-03
1.539497843274399659e-03
1.984774780272585606e-03
3.554635461473029494e-03
1.897488199995256593e-03
2.846232299992886190e-03
2.529984266660340823e-03
8.059283989144641613e-03
8.586781075310211120e-03
1.712801541118042208e-03
2.517085546979388674e-02
3.854442046825072056e-03
8.270525594324810645e-03
7.880913363679998467e-04
2.518604781198072184e-03
7.316721517849682395e-03
6.324960666650855309e-04
9.692379481007967063e-03
3.706442699960144755e-04
1.264994119370919446e-06
1.011995295496748601e-05
2.450292814805198061e-02
1.117496748421648381e-02
1.073599764344824320e-02
7.211732964064274803e-03
4.288335029768574214e-04
1.421474587051389619e-02
6.830988105010289604e-04
1.263729621761757209e-03
7.271188680695083242e-03
3.087850645384400058e-03
4.168154630306785367e-03
6.031487989079042066e-03
4.951183507646499983e-03
3.453428980780743653e-04
2.894305552100285422e-03
0.000000000000000000e+00
5.059976477483741313e-06
2.593742998988801327e-02
0.000000000000000000e+00
6.324970596854693582e-06
5.059976477483741313e-06
4.933477065546644307e-05
6.388220302823000409e-04
6.214913625918413315e-03
0.000000000000000000e+00
3.162480333325427655e-04
6.527364690851426973e-04
0.000000000000000000e+00
