1.897392000000000053e+03
2.521732516717698331e+02
6.908242307531203608e+00
2.396157704482656925e+02
6.121857681721084354e+00
4.836619665616255968e-74
1.101386518740141074e-102
6.926501881045760811e+00
6.959433462228460598e+00
6.961448841608661731e+00
7.188373758415635528e+00
7.197518987623482190e+00
7.218785821588458163e+00
7.221710238191645814e+00
7.279521712068367734e+00
7.354173648748418834e+00
7.456089342319977220e+00
6.952978642632979600e+00
7.026920537794718591e+00
7.136579329543193850e+00
7.205877808364324011e+00
7.306742171126084706e+00
7.529217019236615016e+00
7.612588551459008812e+00
7.664997236727068675e+00
7.752214141167592665e+00
7.785465464949704817e+00
6.783396992885236676e-01
6.915950859428390629e+01
1.555809848565536591e+01
3.011582549300727578e-04
1.159604021286652507e-05
0.000000000000000000e+00
0.000000000000000000e+00
5.262802859697667657e+01
1.522797061635549198e+02
0.000000000000000000e+00
7.505928765749664500e+00
1.495736659048340522e+00
7.968438830827996753e+03
3.566021358238935512e+00
3.615405406869363208e-02
1.129167943802772697e+03
7.617438362036613730e-01
1.538844944733430475e+00
1.996261328866711438e+01
4.063756835166032033e+00
2.547071641669877429e-01
8.895101776203344635e-01
2.746432525921123524e+00
1.140863596359173116e+01
1.122007833154463396e+00
1.412877245787271647e+02
4.926353370648542551e+01
1.602285812653576969e+01
5.529829890701581263e+01
4.022820023709598125e+00
1.404539293520647014e+01
5.203725553818934202e+00
1.275528751758906232e+00
2.043681603464668228e+01
5.934866560467477736e-01
1.088130804623211105e+02
1.157283614746419609e+01
4.204496903551630638e+00
4.147370463037668031e+01
3.443634867885041029e+00
3.900569080458707205e+00
6.841865457254110439e-01
7.116751334458621159e+01
7.300486691287746410e-01
9.402889899049505118e+00
2.651895312204567645e+01
1.674039515105692644e+01
8.394057825203415923e-02
1.497720318032879916e-01
8.993454404037744098e+03
2.009791378693255304e+00
2.895623313245131669e+00
3.440486418435826921e-01
3.183454476664346333e-02
3.625267634663319888e-02
2.370473656704767500e-03
0.000000000000000000e+00
5.542098058503750480e+00
0.000000000000000000e+00
0.000000000000000000e+00
8.238800701022956918e-01
0.000000000000000000e+00
1.753814706024153836e+01
0.000000000000000000e+00
6.325133070303878965e-04
2.861552919077295018e-03
5.707708245233060851e-06
8.720246752475031826e+01
8.704489283453025958e-03
9.817959298285309719e-05
5.051727576733591185e+00
1.565721716258668973e-09
3.130562987432201769e-05
5.205212632502296202e-09
1.413813495995095515e+01
8.688915787515797545e-05
3.191283299403778528e+02
9.802855418768734117e-07
3.884039847449801131e-01
6.380099635178537909e+01
1.155650811610820959e-04
2.787535049077556003e-06
3.933090983836984833e+01
3.359088586417169689e-04
1.180860141755849213e+02
1.039816535441023831e-07
1.323863672424058539e-04
1.788926947922706403e-03
5.616837372766677383e+00
3.083903177197366841e-02
1.011901161539776971e-04
1.752095830483407259e-03
3.237722608380194439e-07
5.656366384223681699e-06
2.259967582076155395e+03
2.311451907724542610e-06
2.784794214795182667e-04
1.760012720754534894e+04
2.817892107015855171e-02
2.825735609323424269e-01
1.847655249059919470e+03
2.958211887627571358e-03
2.115306405524015193e-02
1.980764922980433537e-02
5.510102610743890933e-02
1.723858955280401363e-06
3.475268319401914052e-01
1.376472003865555334e-10
1.791607673955483283e-12
2.231373819203486015e-12
8.889485775870183343e-04
1.544505695632752355e-10
2.722627502922895237e-01
6.101142093801586341e+00
1.910689721455233457e-11
2.355212447793114658e-12
1.105392311775680105e-12
2.291797847780683126e-09
2.821035815330506507e-10
1.238035542415977416e-10
6.619929569213230432e-12
2.467755663886042028e-18
7.939832926398497898e-10
1.223128154629908615e-12
2.445535842437093796e-10
1.485401336361406323e-14
3.545576238187243896e-09
3.530280013017078139e-12
6.707633527819541374e-16
4.909209231765309685e-18
6.133704788791060146e-19
2.607979378252437957e-16
6.131950845870404444e-17
1.319346932435799034e-17
0.000000000000000000e+00
2.981618332093421486e+01
5.508092554843656075e+01
2.164552461635076282e-04
3.999377047397917545e-04
4.945440604016063921e-05
2.329878751750362290e-13
4.304292977530372383e-13
0.000000000000000000e+00
1.498198281904203455e+01
2.160542873677428848e-04
2.004068885785422971e+00
3.595905381488984087e-02
6.240045018024739307e-03
8.889877998697656158e-01
6.453752214910232220e-06
1.474517107950932694e-06
6.946601463411947508e-15
4.685277865067193384e-11
1.070466007627672277e-11
5.043075250488321372e-20
1.152213547399291795e-20
5.428196302983129283e-29
2.244573753881853873e-01
4.016266090074300556e-03
1.643098297047621559e+00
8.086429761304929353e-02
3.293210780414449849e-16
5.358471690310210095e-24
2.481427820784053144e-32
1.956632190645822247e-17
5.632701808030967737e-20
1.716375069466282506e-17
2.659445464875424807e-19
0.000000000000000000e+00
7.853189597228538557e-15
5.957839292561010326e-20
6.474048156062523262e-29
1.032564059555824607e-27
1.360334567161873248e-22
2.646741269993999589e-28
0.000000000000000000e+00
1.196117228591701169e-36
4.774587844484887565e-36
0.000000000000000000e+00
6.280349489576039350e-31
1.086779897728188251e-36
5.116970344875603331e-45
2.503611071697120617e-16
1.913421885148402656e-38
2.217874082443310129e-16
6.149039770573486660e-18
0.000000000000000000e+00
1.976227625981228478e-31
1.293208471225118471e-38
2.638186168218590149e-47
5.283972837776457886e-47
4.100379998526774756e-55
1.027195881945113254e-63
8.545447370418663122e-34
1.585793189664408502e-41
2.974112750415919932e-33
6.328850706630779774e-36
0.000000000000000000e+00
5.508921746829464894e+00
3.999334578018160901e-05
4.304753608247535607e-14
2.641305101418651795e-19
0.000000000000000000e+00
7.709346136478601079e-15
1.940038748483673000e-31
5.916778320896938060e-20
1.284129236996345713e-38
6.429479788547557317e-29
2.619904977903308165e-47
1.031465031019950618e-27
0.000000000000000000e+00
1.350809618792114856e-22
1.194690271980659872e-36
4.095028153991439666e-55
4.769562175998261892e-36
0.000000000000000000e+00
6.237402948792759376e-31
1.085529550773190991e-36
5.111190984119613163e-45
1.026012857068884860e-63
2.501261596604921488e-16
8.536761797586880232e-34
1.583635849485715318e-41
1.910762046013797360e-38
2.970221168895706237e-33
2.214995011317102739e-16
6.141831925418720849e-18
0.000000000000000000e+00
6.320528998656978899e-36
0.000000000000000000e+00
7.147192419603046515e-18
0.000000000000000000e+00
7.272890977410746604e-36
0.000000000000000000e+00
1.843907861560168320e-23
0.000000000000000000e+00
5.440848560119031019e-19
1.352351082877782845e-35
4.135935677921749115e-24
8.884507290974327650e-43
4.439875737391237121e-33
1.791766276494829710e-51
7.311592674594151992e-32
0.000000000000000000e+00
9.484819306883976505e-27
8.370220746521442805e-41
2.835632170903246297e-59
3.334148458825663938e-40
0.000000000000000000e+00
4.320124334042889359e-35
7.601958870519815518e-41
3.532077901198242617e-49
7.007360890522711544e-68
1.762267790059726239e-20
5.949259359298940736e-38
1.100375092290375696e-45
1.324728963856136990e-42
2.064839207710348635e-37
1.554189967293630184e-20
4.321704239575912253e-22
0.000000000000000000e+00
4.391447016927031289e-40
0.000000000000000000e+00
1.922684438227316633e-18
0.000000000000000000e+00
1.566438848662915380e-13
3.828629104332243301e-30
4.318520666161277066e-19
9.149766796923177260e-38
4.564335155812415114e-28
1.818627612091699447e-46
5.862196906782409068e-28
0.000000000000000000e+00
9.952329680169391077e-22
6.677507211587233372e-37
2.251241593645543609e-55
2.658005073763810709e-36
0.000000000000000000e+00
4.457142362559150881e-30
6.063958942416979768e-37
2.802404370367576860e-45
5.533895236036587411e-64
1.421820465076918931e-16
4.777160821308703600e-34
8.744465148184675636e-42
1.051807390761076733e-38
1.655375091096952395e-33
1.250852511197487792e-16
1.421546289429378880e-17
0.000000000000000000e+00
1.201057792868187099e-35
0.000000000000000000e+00
1.924388881878818350e-18
0.000000000000000000e+00
1.567806371676543434e-13
3.832022985866168427e-30
4.322343713725587348e-19
9.157969027594598973e-38
4.568434691488294849e-28
1.820280512602108401e-46
5.870545444763746443e-28
0.000000000000000000e+00
9.961097446303387180e-22
6.687097818947512933e-37
2.254502516725336772e-55
2.661828408530120135e-36
0.000000000000000000e+00
4.461131877363755352e-30
6.072670854474815872e-37
2.806469201328903112e-45
5.541990475830073754e-64
1.423844908879564175e-16
4.784017152991272026e-34
8.757102998758005748e-42
1.053329932194057509e-38
1.657755835953034075e-33
1.252639432349992509e-16
1.421661220447084133e-17
0.000000000000000000e+00
1.201171665704055873e-35
0.000000000000000000e+00
1.743759715639146518e-17
0.000000000000000000e+00
1.471265037549414223e-35
0.000000000000000000e+00
9.399241684194999413e-23
0.000000000000000000e+00
3.048670723828472341e-18
7.667480650274204176e-35
1.871803083458378635e-23
4.060213418061115043e-42
2.795086206856027091e-32
1.138603758015198100e-50
2.855657867572353980e-31
0.000000000000000000e+00
4.273846592702767407e-26
4.250864896928730832e-40
1.456514757022965437e-58
1.885511886895148983e-39
0.000000000000000000e+00
2.711528933150082858e-34
3.862180660476172281e-40
2.423672720268337232e-48
4.863426002421212110e-67
1.978270220117892343e-20
6.749864078808422959e-38
6.258410934940168843e-46
7.551070154214511297e-43
9.392918145951390025e-37
7.006748281682977386e-20
1.413201485254498588e-21
0.000000000000000000e+00
1.437683547156174487e-39
0.000000000000000000e+00
6.852866007815824663e-22
0.000000000000000000e+00
6.203384380061569939e-17
1.516207480308991963e-33
1.368198040216244762e-22
2.898838783705909461e-41
1.988346234765931192e-31
7.922469967536772767e-50
1.625991828279428304e-31
0.000000000000000000e+00
3.153106838745548165e-25
2.381302720336490510e-40
8.028320296355027740e-59
1.053212042696193215e-39
0.000000000000000000e+00
1.941660218253039813e-33
2.162513168453458560e-40
1.332515095752748560e-48
2.631312027291887423e-67
1.126768432632187657e-20
3.785819006023208330e-38
3.464756125395985541e-46
4.167500432356005578e-43
5.247177748758184921e-37
3.964928876069605493e-20
3.449796390019396225e-21
0.000000000000000000e+00
2.910673045202323160e-39
0.000000000000000000e+00
4.947244670394268314e-20
0.000000000000000000e+00
1.442988972227737076e-15
3.632494595423510797e-32
8.311533259757553945e-21
1.802722860091164677e-39
9.028723221428963872e-30
3.678449855880234843e-48
1.449077582717771515e-28
0.000000000000000000e+00
1.897811772218238434e-23
1.118591589407613157e-37
3.833291651357802549e-56
6.699173508876720736e-37
0.000000000000000000e+00
8.760751089694737235e-32
1.016493084221558807e-37
4.784891535888248827e-46
9.602751924369955116e-65
4.685585523244365202e-17
1.598835864977650455e-34
3.706516426412324413e-42
4.471503292704333821e-39
2.780839364781452355e-34
6.222613657828841783e-17
5.020423639597234240e-19
0.000000000000000000e+00
5.107113209067779769e-37
0.000000000000000000e+00
6.293213513628682205e-20
0.000000000000000000e+00
9.185163552817143083e-16
2.307559168599005502e-32
3.527025925745955243e-20
7.642156071549958445e-39
1.528576642928925483e-29
6.219790771336323697e-48
7.377328229524058926e-28
0.000000000000000000e+00
8.027390672516973061e-23
8.527878734394839634e-37
2.917961820432509061e-55
1.701974350600846520e-36
0.000000000000000000e+00
1.485323612127477078e-31
7.753796239432865420e-37
1.819132072431793757e-45
3.652550863630938772e-64
8.957721298814803004e-17
3.052009004162122563e-34
5.598513746653745835e-42
6.752488454542621038e-39
2.472640957934189020e-33
2.110441169609928369e-16
4.441335153023162385e-18
0.000000000000000000e+00
4.510283700531520604e-36
0.000000000000000000e+00
5.302050564374085691e-20
0.000000000000000000e+00
7.737662176408984852e-16
1.946820153738483927e-32
2.969767082175961151e-20
6.444362857273483486e-39
1.290425575642693219e-29
5.258285391168569678e-48
6.213028971874109435e-28
0.000000000000000000e+00
6.780462623048444333e-23
7.193928978981451345e-37
2.465790733902554688e-55
1.436187172676259801e-36
0.000000000000000000e+00
1.252079998616738131e-31
6.537371453567639000e-37
1.538797085450739704e-45
3.088419608979946234e-64
7.533032440389429776e-17
2.570605433407861134e-34
4.764499486210479859e-42
5.748488120424702302e-39
2.085315627700465910e-33
1.777485923192769572e-16
3.766365271835735975e-18
0.000000000000000000e+00
3.831885231315502718e-36
0.000000000000000000e+00
1.066970402212192345e-21
0.000000000000000000e+00
9.658466886356738015e-17
2.360654129977351616e-33
2.130258314500630165e-22
4.513386895501987162e-41
3.095758848146001032e-31
1.233484671414214873e-49
2.531651168830811265e-31
0.000000000000000000e+00
4.909348209880309087e-25
3.707594712962941998e-40
1.249970371425534160e-58
1.639816218212257183e-39
0.000000000000000000e+00
3.023098633960970610e-33
3.366967119165463075e-40
2.074657041799055998e-48
4.096766486582011438e-67
1.754366408470923274e-20
5.894413249620304174e-38
5.394211327774059764e-46
6.488285428249198168e-43
8.169285849357120088e-37
6.173022463032399107e-20
5.371235434555423316e-21
0.000000000000000000e+00
4.531801491982754207e-39
0.000000000000000000e+00
7.390568979923728659e-21
0.000000000000000000e+00
2.397152589716679856e-16
6.028891064596085946e-33
1.471788147207962710e-21
3.192519946299026455e-40
2.197758299492307963e-30
8.952763569284509583e-49
2.245388164299724675e-29
0.000000000000000000e+00
3.360501962920934862e-24
3.342429651198565319e-38
1.145248130166012151e-56
1.482566552585516236e-37
0.000000000000000000e+00
2.132057664658577934e-32
3.036809185179349469e-38
1.905717855457845195e-46
3.824077413084795622e-65
1.555502718182066271e-18
5.307377578441659240e-36
4.920948056563339107e-44
5.937357497466540658e-41
7.385593958993031242e-35
5.509365960173360887e-18
1.111192374453252730e-19
0.000000000000000000e+00
1.130442007405175470e-37
0.000000000000000000e+00
4.495712738209918933e-19
0.000000000000000000e+00
1.311242180985834095e-14
3.300905034476811121e-31
7.552931790859621754e-20
1.638135299630202967e-38
8.204536263643960235e-29
3.342636639176040468e-47
1.316824648211651136e-27
0.000000000000000000e+00
1.724608721190549070e-22
1.016487238463492707e-36
3.483352548151746088e-55
6.087701096258168101e-36
0.000000000000000000e+00
7.961101972608170733e-31
9.237129501597187971e-37
4.348100012714975201e-45
8.726060081422573980e-64
4.257960555495609919e-16
1.452905360975296928e-33
3.368187154790619053e-41
4.063316905102450585e-38
2.527008610737711734e-33
5.654678654629573066e-16
4.562225770059114677e-18
0.000000000000000000e+00
4.640935112181299129e-36
0.000000000000000000e+00
6.228401391808181714e-19
0.000000000000000000e+00
9.090575126114990582e-15
2.283771975002737810e-31
3.490717099395679054e-19
7.563404523538597634e-38
1.512812804300364686e-28
6.155586185519767797e-47
7.301371972723877004e-27
0.000000000000000000e+00
7.944576462003146294e-22
8.439976704014538754e-36
2.887849788697807721e-54
1.684427684620557725e-35
0.000000000000000000e+00
1.470020955428820151e-30
7.673902583180575049e-36
1.800346581247763988e-44
3.614842733764042165e-63
8.865582723778508732e-16
3.020583130902450181e-33
5.540461309594893891e-41
6.682454234883018930e-38
2.447158417647488505e-32
2.088710954907687693e-15
4.395649335579380560e-17
0.000000000000000000e+00
4.463876984014334629e-35
0.000000000000000000e+00
0.000000000000000000e+00
0.000000000000000000e+00
0.000000000000000000e+00
0.000000000000000000e+00
0.000000000000000000e+00
0.000000000000000000e+00
0.000000000000000000e+00
0.000000000000000000e+00
0.000000000000000000e+00
0.000000000000000000e+00
0.000000000000000000e+00
0.000000000000000000e+00
0.000000000000000000e+00
0.000000000000000000e+00
0.000000000000000000e+00
0.000000000000000000e+00
0.000000000000000000e+00
0.000000000000000000e+00
0.000000000000000000e+00
0.000000000000000000e+00
0.000000000000000000e+00
0.000000000000000000e+00
0.000000000000000000e+00
0.000000000000000000e+00
0.000000000000000000e+00
0.000000000000000000e+00
0.000000000000000000e+00
0.000000000000000000e+00
0.000000000000000000e+00
1.538885758931283876e+00
7.183297263576638760e-05
7.843449418842483922e+00
7.486841117527745837e+01
1.028784015707595312e-01
1.899423182093430862e+00
2.389289463452612239e+01
3.070461300939998639e-02
1.432941119867702362e+01
4.187776240782634218e+00
8.627696548520908764e-11
3.514800463363686678e+00
3.500337527655454461e-10
2.260726488435683962e-11
0.000000000000000000e+00
0.000000000000000000e+00
1.303010591813804101e-12
4.200440715811345690e-03
5.473215087899955922e-17
1.371515905430494087e+01
1.572590226124061246e+03
2.150704757857951233e+00
0.000000000000000000e+00
2.498575368285459675e+01
1.353052143680669506e+00
1.838644516333449275e+00
2.934067811826570477e-02
7.299393614117538620e-02
4.836263936085775867e+02
1.112264194226679734e+02
2.558895231458274395e+02
1.722680506405145656e-11
7.451988664651523209e+00
1.341359979780149843e+02
1.138456184274582341e+02
2.103458585367134859e+01
5.338596077094327796e+01
7.299982991681111854e-14
1.160723846064517596e-11
1.086001351644492536e-09
1.848359146391970055e-09
2.252825990563711755e+01
4.175044322618465768e-09
6.467211805723306339e-01
2.166521617129452681e-01
1.083484768226742750e-01
2.754793825255806610e+02
1.741381040618842485e-13
9.996252371644792220e+03
3.589532301362623024e+00
4.260826373750036811e-01
8.096991996470883635e-01
2.494356760498082082e+01
8.550931582786945595e-02
8.551662640871640075e-01
9.898614277411363460e+00
3.552829055213390097e-01
1.028186990849866422e-01
6.509880158362596481e-02
4.270485430004380412e+00
2.500315868043853751e+00
8.867326252388747082e-03
1.868565492188870394e+02
1.451250131659168119e+01
3.985401398069743362e-02
4.996920567868708418e-01
7.210677335157031909e-01
1.990672227535382199e-01
2.190460952281163998e+01
2.853258584328187547e-13
8.737548978358346378e-11
3.446309987479903043e+02
0.000000000000000000e+00
4.479610098824467457e+01
3.495052881700163994e+01
2.032418699144296568e+02
1.564919547058954974e-01
5.907671530971434493e-01
6.155934920822181056e+01
0.000000000000000000e+00
9.707522644002220950e-12
2.525204299631890947e+01
1.729802357094193225e-10
3.206120847561449994e-01
6.574993495866737491e-11
3.393079653647773294e-04
1.900823502242124374e-02
2.499958742673381862e-01
7.824462869016780450e-17
4.916206760456190428e-02
0.000000000000000000e+00
5.883625146134013884e-01
1.353141859136728631e-01
5.731411018396452839e+00
4.471734051739440829e+00
2.103467585698822262e+01
3.542201129853629270e-15
8.900885842273964254e-15
5.268764704129224211e-11
1.323815754777835000e-10
8.939081429384574263e-14
1.390397435036399079e-03
9.589070353859655872e-04
8.569301943636028996e-04
1.452654755736532133e-01
2.136589356748390314e-03
5.077822798393086257e-02
0.000000000000000000e+00
6.589224522105729474e-14
5.189804499918520218e-13
6.083061242293825045e-04
8.606570029377062475e-14
5.472248902221693634e-13
0.000000000000000000e+00
1.414620801600485576e-12
3.972647591704286246e-02
1.578143067980580046e-04
6.938465484876394458e-04
1.595738036711837862e-04
1.129130538004809097e+02
3.610386515742262770e+00
3.379849864840471230e-01
8.172888694810508170e+00
1.879639920352411009e+00
4.699540745226174820e+00
0.000000000000000000e+00
0.000000000000000000e+00
0.000000000000000000e+00
0.000000000000000000e+00
5.924654438808605050e+01
6.689597058197973922e+01
0.000000000000000000e+00
0.000000000000000000e+00
0.000000000000000000e+00
0.000000000000000000e+00
0.000000000000000000e+00
4.856311431244584621e-03
4.355373263463527961e-03
1.358602194673728079e-03
1.499018031454499994e-03
1.657143785906471656e-03
5.376216566653199691e-03
5.376216566653199691e-03
5.376216566653199691e-03
5.376216566653199691e-03
2.398428552421175489e-02
3.794982358112791161e-06
1.357970938889601492e-02
5.376216566653199691e-03
5.376216566653199691e-03
5.376216566653199691e-03
5.376216566653199691e-03
5.376216566653199691e-03
5.376216566653199691e-03
5.376216566653199691e-03
5.376216566653199691e-03
5.376216566653199691e-03
5.376216566653199691e-03
5.376216566653199691e-03
5.376216566653199691e-03
5.376216566653199691e-03
5.717773419555999964e-04
9.420411206955300182e-03
4.703248135821100177e-03
1.498765032630679922e-02
2.770337121422000162e-04
2.087240296962000101e-04
1.677381705775643148e-03
1.506607996170700051e-03
4.947391504349443053e-03
4.030269774785227681e-03
3.162480333325427655e-04
5.711447455939286898e-03
4.944858537049599996e-03
5.610245940348856757e-03
2.030314072059728053e-03
2.213736233327799358e-03
1.974656565103315858e-02
5.348394143679886803e-03
0.000000000000000000e+00
3.591321283955141701e-03
1.882057605336823897e-02
8.527324862169243305e-03
4.485668551477110799e-02
6.594411861729713303e-03
3.162480333325427655e-04
5.047326536290000238e-04
7.737972503763298517e-03
9.955498754346426161e-04
1.264992133330171062e-03
2.733650802429927421e-03
2.469268521012000193e-03
2.023990590993499574e-05
4.346519297648343549e-03
4.225712453585351858e-01
1.430455201231592595e-02
1.264994119370919446e-06
0.000000000000000000e+00
5.406582383640414630e-03
2.529988238741870656e-06
1.264994119370919446e-06
3.288984710364431345e-05
1.604011550341885584e-03
0.000000000000000000e+00
1.095484907375200018e-03
4.168157609367928972e-03
3.710227255604743070e-03
7.830303668701854786e-04
1.811470585918785632e-03
1.443359779732772017e-03
2.656487650678970711e-05
3.162480333325427655e-04
3.162480333325427655e-04
4.313626471483499036e-03
2.731125779293100582e-03
2.244101057294571513e-03
2.839910804967285714e-03
5.059976477483741313e-06
0.000000000000000000e+00
5.172556982026141857e-03
1.401613980773157471e-03
1.317617974038801446e-02
2.244098574743585116e-03
4.403447508591344824e-03
1.065126041530614458e-03
1.523054905763328304e-03
6.424906125305313194e-03
0.000000000000000000e+00
5.376224510816243231e-03
1.539497843274399659e-03
1.668526746940042840e-03
3.554635461473029060e-03
3.162480333325427655e-04
9.487440999976282964e-04
3.719102571357301161e-04
1.406799662246295546e-02
1.174926140863564138e-02
1.396553507785500093e-03
2.928207990311694139e-02
7.965666480148125839e-03
5.108045260999384725e-03
1.104339369700542721e-03
4.416092981193328777e-03
5.419233317854428404e-03
8.614614918017573023e-04
5.897403081017456479e-03
2.584380503323813888e-03
1.264994119370919446e-06
0.000000000000000000e+00
2.292168798138926808e-02
2.097865651752531951e-02
5.992277143460099549e-03
9.741717230724609988e-03
0.000000000000000000e+00
1.263350570385118367e-02
9.993468438335717258e-04
1.579977655094299757e-03
7.587436714027625574e-03
2.455354578719314961e-03
2.270666430311528775e-03
3.185255689086157176e-03
2.737447274318700191e-03
2.909486474553155913e-05
1.945561452102657126e-03
1.657142296375000074e-04
5.059976477483740466e-06
1.866372522323952315e-02
0.000000000000000000e+00
6.324970596854693582e-06
5.059976477483741313e-06
4.933477065546644307e-05
9.550700636148428064e-04
4.317425425923156722e-03
8.095957398871426319e-04
1.119519299133042798e-03
2.024040242005716297e-05
0.000000000000000000e+00
