1.897392000000000053e+03
1.471082664213298585e+02
5.529300905870978333e+00
3.405924008585126899e+02
9.286447934481988353e-01
1.046882675141319485e-71
7.059834967415259441e-102
5.558086475866801379e+00
5.608565234466885485e+00
5.611649312127877209e+00
5.891246129451116254e+00
5.902421743361721873e+00
5.927909316998040801e+00
5.931404781755522215e+00
5.996793145818701376e+00
6.075372648905684514e+00
6.173412341157135330e+00
5.598208901940860294e+00
5.704645201066573357e+00
5.845617680628751422e+00
5.928321537071711056e+00
6.036479436701504220e+00
6.238350268894841122e+00
6.310073289918317840e+00
6.353861988674044170e+00
6.424203999508352858e+00
6.450708794878712737e+00
4.126075305108509172e-01
6.238913749746428294e+01
1.395736630581879645e+01
3.949339007060648893e-04
1.273148202646008015e-05
0.000000000000000000e+00
0.000000000000000000e+00
3.954395906324477039e+01
1.524311584960158825e+02
0.000000000000000000e+00
6.551011177369663763e+00
1.487543990618067857e+00
7.966118243025203810e+03
3.896296844064294440e+00
3.851760434195379557e-02
1.129568194237107491e+03
7.430780668712341219e-01
1.575055425028162981e+00
2.127797290976009492e+01
4.350812435723321769e+00
2.544418615811649964e-01
8.884836385258608749e-01
2.742451680008489046e+00
1.140852562300132078e+01
1.122647116136128664e+00
1.412768369626882645e+02
4.929320493239637102e+01
1.602826807771424455e+01
5.529830564957714500e+01
4.022833723829729813e+00
1.404707595577059820e+01
5.193319673632492695e+00
1.275716653111081511e+00
2.047824378693983505e+01
5.918185731884679779e-01
1.088163038231776341e+02
1.155099853512027686e+01
4.204443224145764546e+00
4.141698456912872217e+01
3.443588251107466469e+00
3.900511228737104652e+00
6.841776837471872375e-01
7.116751714277633312e+01
7.300385374111449943e-01
9.402876650663715807e+00
2.651895827958493612e+01
1.674039252040912373e+01
8.411094788089670815e-02
1.497720318032879916e-01
8.993982407989966305e+03
2.199038137034230456e+00
2.895643215381144664e+00
3.681103430379364938e-01
3.178319497562838436e-02
3.617968147299791687e-02
2.370251216086729108e-03
0.000000000000000000e+00
4.770790441190740694e+00
0.000000000000000000e+00
0.000000000000000000e+00
1.048349368094524170e+00
0.000000000000000000e+00
1.543050565620585601e+01
0.000000000000000000e+00
6.045336510435994366e-04
2.861818665349826363e-03
5.457963422222416205e-06
8.487591339073384233e+01
8.104494484068526863e-03
8.055591195240180869e-05
4.929532330476726898e+00
1.253595325769812382e-09
2.144642400210524025e-05
3.137357177540065630e-09
1.604662849438114591e+01
8.091720461080450730e-05
3.133655146494613177e+02
7.897967810025774297e-07
3.695070349239328311e-01
6.379847739525783368e+01
1.105692701906372567e-04
3.152447741298781925e-06
3.385180012902632996e+01
3.272922310603649295e-04
1.198973332400043859e+02
1.193970683807529587e-07
1.515127010156569498e-04
2.048431026614215035e-03
4.834636112505370953e+00
3.032668551387282529e-02
1.326750510384757590e-04
1.952740704126605014e-03
5.565592398246667720e-07
8.096744845105163229e-06
2.259961994947927906e+03
3.973213899483615204e-06
3.286564612738572511e-04
1.755401169755954106e+04
3.316810727639726147e-02
3.303721927374440592e-01
1.854635931269956018e+03
3.504315197290179887e-03
2.198239238323762904e-02
2.308033904059492852e-02
6.049486788265029391e-02
2.205329575852439673e-06
4.058125345040720644e-01
8.360498717056772229e-11
1.140264427658194941e-12
1.376741817575279623e-12
6.273739667746758026e-04
1.115168207630508306e-10
2.137272727847530918e-01
6.087037388152134909e+00
1.813058675874084736e-11
2.639662323145496824e-12
2.953807034665066873e-12
1.877268817700830588e-09
2.717425201494376133e-10
3.014575437458556741e-10
5.110999306860734482e-12
1.934437207026703390e-18
5.168799692664396359e-10
9.638888599410763805e-13
1.915242250775120232e-10
1.728582741418055887e-14
3.402194947847323813e-09
3.419337587462116975e-12
4.111422885372095466e-16
4.432027273914314659e-18
6.136410181219977214e-19
1.304737160310605299e-16
4.633000441425848106e-17
1.319871610092386015e-17
0.000000000000000000e+00
3.017180284906423182e+01
5.689164117987752434e+01
2.132656166759640086e-04
4.022094018643611758e-04
4.928243115231660786e-05
2.297616679144720288e-13
4.332644808361066960e-13
0.000000000000000000e+00
1.428482212253364558e+01
2.160542414247876070e-04
2.043700481404265190e+00
1.032378969686269590e-02
1.724216857758235910e-02
9.103225560902424851e-01
6.434519798906239707e-06
1.486916866063822758e-06
6.932146837800966036e-15
4.548241936204899392e-11
1.051027560257863883e-11
4.899989732608989387e-20
1.132310973402750477e-20
5.278940680768953778e-29
2.040554593305193565e-01
4.176682815209907529e-03
1.009702249722800316e+00
6.673610146024655521e-02
2.377893848124659970e-16
5.263451105191339614e-24
2.435236732093417052e-32
1.996848229809176599e-17
2.817760872090419346e-20
1.379660605525161865e-17
2.067978207265712757e-19
0.000000000000000000e+00
5.958488328264762999e-15
4.648655063695389633e-20
4.711215344625117093e-29
1.013856438698385253e-27
1.374957168613641348e-22
2.592301070743677534e-28
0.000000000000000000e+00
1.177868604411108889e-36
4.674052411131792494e-36
0.000000000000000000e+00
6.354014945305273519e-31
1.077843767301133702e-36
5.010745618418103499e-45
2.446502065572405695e-16
5.537054584769397846e-39
1.878764493510773062e-16
4.234586346165137969e-18
0.000000000000000000e+00
9.574113138072023400e-32
8.989006015187694343e-39
1.717110169970962310e-47
4.751943487278073481e-47
3.726433705380678946e-55
9.309793668421336400e-64
8.566614610905302206e-34
3.968573006680294175e-42
1.910859469013593397e-33
4.498701635357974714e-36
0.000000000000000000e+00
5.690221381500509601e+00
4.022115829963528828e-05
4.333179209310953273e-14
2.055193914041699667e-19
0.000000000000000000e+00
5.858939947854688541e-15
9.414265550842722495e-32
4.619704043752514081e-20
8.932693303191794211e-39
4.681821809791225525e-29
1.706371881683467280e-47
1.012983349702024051e-27
0.000000000000000000e+00
1.366247644873487195e-22
1.176707329904887194e-36
3.722765754302803989e-55
4.669939595490535459e-36
0.000000000000000000e+00
6.314604072842002438e-31
1.076824224211291832e-36
5.005945546316298915e-45
9.301238919941767281e-64
2.444459647639556545e-16
8.558772365890759004e-34
3.963617925440942562e-42
5.530700191406456769e-39
1.908505175587551578e-33
1.876532899529721573e-16
4.230162727425313959e-18
0.000000000000000000e+00
4.493387388124814868e-36
0.000000000000000000e+00
4.989313733395733586e-18
0.000000000000000000e+00
5.244178898532355121e-36
0.000000000000000000e+00
1.447183775491253042e-23
0.000000000000000000e+00
4.163497263703086144e-19
6.628857032286122944e-36
3.247561782928837008e-24
6.268967774796292313e-43
3.264847937277876816e-33
1.184162461282794570e-51
7.246749823187715072e-32
0.000000000000000000e+00
9.639894760032755779e-27
8.318199625601458029e-41
2.628586294173938136e-59
3.306178032129058286e-40
0.000000000000000000e+00
4.409191005108268687e-35
7.609221439947488320e-41
3.502974920216978494e-49
6.497412179254260888e-68
1.726743416124823405e-20
5.971064847457329289e-38
2.775528272063000764e-46
3.904481727661008990e-43
1.320585319384283158e-37
1.313828876767199942e-20
2.986720045113577207e-22
0.000000000000000000e+00
3.132148599664748812e-40
0.000000000000000000e+00
1.393916301405284569e-18
0.000000000000000000e+00
1.108138817465096377e-13
1.742921439772980125e-30
3.121715729832088056e-19
6.005763994196874903e-38
3.106451496021379050e-28
1.118077220119186070e-46
5.419072130843544151e-28
0.000000000000000000e+00
9.295524950476949531e-22
6.188577179673765818e-37
1.954493109348912607e-55
2.461663070513362600e-36
0.000000000000000000e+00
4.194669211288187406e-30
5.660530813944704593e-37
2.595591989019833932e-45
4.811016594591724726e-64
1.296274520286057268e-16
4.458683610373155765e-34
2.062186866798023628e-42
2.905004850305102791e-39
9.823985570360474394e-34
9.821762067343818554e-17
1.005462391627868927e-17
0.000000000000000000e+00
8.601706504195053106e-36
0.000000000000000000e+00
1.395140209462253838e-18
0.000000000000000000e+00
1.109096713254407233e-13
1.744444829267983105e-30
3.124461935606731238e-19
6.011061112861402230e-38
3.109210202040507665e-28
1.119076659370893092e-46
5.426743743804917859e-28
0.000000000000000000e+00
9.303673649160990155e-22
6.197413903297455463e-37
1.957286412639905028e-55
2.465174022686634679e-36
0.000000000000000000e+00
4.198392094026628573e-30
5.668615533093247898e-37
2.599325172611050932e-45
4.817944768063240754e-64
1.298117540305431834e-16
4.465080365984114103e-34
2.065147700567297737e-42
2.909155645758437600e-39
9.838166102594382265e-34
9.835819189053983506e-17
1.005538105915648330e-17
0.000000000000000000e+00
8.602476204429438747e-36
0.000000000000000000e+00
1.240051042948722259e-17
0.000000000000000000e+00
1.059376305048395294e-35
0.000000000000000000e+00
6.853430537450312108e-23
0.000000000000000000e+00
2.171115422616811692e-18
3.486798671057960057e-35
1.369402698344270896e-23
2.647139778994651895e-42
1.907265975280926848e-32
6.950387108541534086e-51
2.628130662820841640e-31
0.000000000000000000e+00
4.050362323270436571e-26
3.923448724051663937e-40
1.241214905262648354e-58
1.730169193899272145e-39
0.000000000000000000e+00
2.572290464041613115e-34
3.590150391583235065e-40
2.224587619898265049e-48
4.133136847204396733e-67
1.811353359852465338e-20
6.339773827187902732e-38
1.467114139453499571e-46
2.048581612472583718e-43
5.652913414209053435e-37
5.560524006780877682e-20
9.242737192005022712e-22
0.000000000000000000e+00
9.712116927996386639e-40
0.000000000000000000e+00
4.653479651794988870e-22
0.000000000000000000e+00
4.110420752041526324e-17
6.465018725760190638e-34
9.263696572358319363e-23
1.782211320958730640e-41
1.267522662150397641e-31
4.562104877400203911e-50
1.407861867383642705e-31
0.000000000000000000e+00
2.758448837696189356e-25
2.067130171907951778e-40
6.528501867462567179e-59
9.136198612677843365e-40
0.000000000000000000e+00
1.711556634626804332e-33
1.890760674900261144e-40
1.155990911228223651e-48
2.142667703929114612e-67
9.621969288367521613e-21
3.309584331110401928e-38
7.653201301471349678e-47
1.078107527378247368e-43
2.916706362458941641e-37
2.916047392054340923e-20
2.297869567741123450e-21
0.000000000000000000e+00
1.963050612152512918e-39
0.000000000000000000e+00
3.050704803375116228e-20
0.000000000000000000e+00
8.690766321893085408e-16
1.397020698469248566e-32
5.142648648085390684e-21
9.939346465813675801e-40
5.210450561607440274e-30
1.898943317625979040e-48
1.127829090434347950e-28
0.000000000000000000e+00
1.521112954980489270e-23
8.731473766317347030e-38
2.762349800522208753e-56
5.198614435878373963e-37
0.000000000000000000e+00
7.028881151555908873e-32
7.991193795837906013e-38
3.714234944335662277e-46
6.900924086499780608e-65
3.628566623939663489e-17
1.270151845472472723e-34
7.349786523832755585e-43
1.025873465295686992e-39
1.415663673271687428e-34
4.176943872835457632e-17
2.777099285297453918e-19
0.000000000000000000e+00
2.918033925732523656e-37
0.000000000000000000e+00
4.510511108724702594e-20
0.000000000000000000e+00
6.428901600640973653e-16
1.031818120565012664e-32
2.535450590087812127e-20
4.901411176970005193e-39
1.025434067934662379e-29
3.735277960833433383e-48
6.673897669136894618e-28
0.000000000000000000e+00
7.474647840057130975e-23
7.737088672899673693e-37
2.447680685434018816e-55
1.535861525108367656e-36
0.000000000000000000e+00
1.385085618198306217e-31
7.085166513992535636e-37
1.642062157470039255e-45
3.056708643761368893e-64
8.055716592125754032e-17
2.814984637604434903e-34
1.289183988174900650e-42
1.802483965735981337e-39
1.460223304585874608e-33
1.643948498267713314e-16
2.852895775656327568e-18
0.000000000000000000e+00
2.992488592223398380e-36
0.000000000000000000e+00
4.017413569283335717e-20
0.000000000000000000e+00
5.726289187379286489e-16
9.199923108168829643e-33
2.257881442206010878e-20
4.365763376997572948e-39
9.150518216001731848e-30
3.335350876230011647e-48
5.941834196329221934e-28
0.000000000000000000e+00
6.677928644541040528e-23
6.899981204408893557e-37
2.183244706674779800e-55
1.369413563765080690e-36
0.000000000000000000e+00
1.234362918187092601e-31
6.315035962385644581e-37
1.467695365588548274e-45
2.726968184059839770e-64
7.168400930394366818e-17
2.509413856862471483e-34
1.160981253323521430e-42
1.620472580749659700e-39
1.304535822239905770e-33
1.466174573969185282e-16
2.560089776929526100e-18
0.000000000000000000e+00
2.690353853149522890e-36
0.000000000000000000e+00
7.830103658984373370e-22
0.000000000000000000e+00
6.916325163544983085e-17
1.087814320643225914e-33
1.558748112360375055e-22
2.998816073243423178e-41
2.132755723464462536e-31
7.676279620660211376e-50
2.368945749406702292e-31
0.000000000000000000e+00
4.641494908573013774e-25
3.478203480083961523e-40
1.098506918244536616e-58
1.537290879873307465e-39
0.000000000000000000e+00
2.879914085587051262e-33
3.181458154930344581e-40
1.945090294893753214e-48
3.605283350847545593e-67
1.619035632323074894e-20
5.568783694764903162e-38
1.287681397947421761e-46
1.813970996825977811e-43
4.907436445793094118e-37
4.906387157202393139e-20
3.866465340350642391e-21
0.000000000000000000e+00
3.303063181241514995e-39
0.000000000000000000e+00
5.823665467364548349e-21
0.000000000000000000e+00
1.844893901528972943e-16
2.962886498954072476e-33
1.163642576414621949e-21
2.249391817650054017e-40
1.620687744783648228e-30
5.906048180693798826e-49
2.233240823210295284e-29
0.000000000000000000e+00
3.441774162655820787e-24
3.333928653071724519e-38
1.054715363879850604e-56
1.470201709790734712e-37
0.000000000000000000e+00
2.185788101092277284e-32
3.050709899778130178e-38
1.890329747480256527e-46
3.512107501738447830e-65
1.539187574268702369e-18
5.387185047947235454e-36
1.246670407047495160e-44
1.740770323260100165e-41
4.803527247466956697e-35
4.725022909584777674e-18
7.853965224153216868e-20
0.000000000000000000e+00
8.252814555708430855e-38
0.000000000000000000e+00
2.772286470141499198e-19
0.000000000000000000e+00
7.897330552388507507e-15
1.269505354123684292e-31
4.673291193848227341e-20
9.031997548543270771e-39
4.734848341450215376e-29
1.725606170116090461e-47
1.024902178140047604e-27
0.000000000000000000e+00
1.382293624586590518e-22
7.934520843228326058e-37
2.510217700575829781e-55
4.724152272998701815e-36
0.000000000000000000e+00
6.387351265806054644e-31
7.261846963726950268e-37
3.375211313074337850e-45
6.271018219028638982e-64
3.297411048305364152e-16
1.154220187367187274e-33
6.678851381113454050e-42
9.322376656626195414e-39
1.286435480530161387e-33
3.795700001491030660e-16
2.523643211947624718e-18
0.000000000000000000e+00
2.651675837048365709e-36
0.000000000000000000e+00
4.464101702288136021e-19
0.000000000000000000e+00
6.362751922720675505e-15
1.021193967867297419e-31
2.509366306720071988e-19
4.850979012188444034e-38
1.014869783940922126e-28
3.696779920762840375e-47
6.605248961296972622e-27
0.000000000000000000e+00
7.397581774141404458e-22
7.657412422194316136e-36
2.422471880562724966e-54
1.520047658562728121e-35
0.000000000000000000e+00
1.370828810189472954e-30
7.012231506495063226e-36
1.625126794941273270e-44
3.025223584256302895e-63
7.972881852203015521e-16
2.786003881182020315e-33
1.275818895053020417e-41
1.783820421939861940e-38
1.445167996685475415e-32
1.627018435870730118e-15
2.823544141560808306e-17
0.000000000000000000e+00
2.961692970595325912e-35
0.000000000000000000e+00
0.000000000000000000e+00
0.000000000000000000e+00
0.000000000000000000e+00
0.000000000000000000e+00
0.000000000000000000e+00
0.000000000000000000e+00
0.000000000000000000e+00
0.000000000000000000e+00
0.000000000000000000e+00
0.000000000000000000e+00
0.000000000000000000e+00
0.000000000000000000e+00
0.000000000000000000e+00
0.000000000000000000e+00
0.000000000000000000e+00
0.000000000000000000e+00
0.000000000000000000e+00
0.000000000000000000e+00
0.000000000000000000e+00
0.000000000000000000e+00
0.000000000000000000e+00
0.000000000000000000e+00
0.000000000000000000e+00
0.000000000000000000e+00
0.000000000000000000e+00
0.000000000000000000e+00
0.000000000000000000e+00
0.000000000000000000e+00
0.000000000000000000e+00
1.546484110940392842e+00
7.183298059672063043e-05
7.156601011616657182e+00
8.265134595998340217e+01
9.636038137771194001e-02
1.816467816371883703e+00
1.893136702509549352e+01
2.573076826407038123e-02
1.520215379209696316e+01
3.849752657686462687e+00
6.567600296004936005e-11
3.421937006690376926e+00
2.592964209076755228e-10
1.926564849463977628e-11
0.000000000000000000e+00
0.000000000000000000e+00
7.959735750814971155e-13
4.200439948071927644e-03
3.343437577908534368e-17
1.648266717343710397e+01
1.699489820314506460e+03
1.872442797793544500e+00
0.000000000000000000e+00
2.439986965874561164e+01
1.295961590285721998e+00
2.091976889875633461e+00
2.062124831039527373e-02
6.894518334371306512e-02
4.439428396603320834e+02
1.225815784611665720e+02
3.380449088773033282e+02
1.304137684170468477e-11
7.605768649232737211e+00
1.369047689450057135e+02
1.174254256534469789e+02
2.214572890024471263e+01
5.618956689952933203e+01
6.578882907624092547e-14
1.154221104065184101e-11
8.354764227763957126e-10
1.466682075657992384e-09
2.620544661223977556e+01
3.855950122881253112e-09
6.467211940329142816e-01
2.113843085397039134e-01
1.058128541720240734e-01
3.191604702722866023e+02
1.062744565793899142e-13
9.996221229334871168e+03
3.587351282547841524e+00
4.269838199347295582e-01
8.072531841723312729e-01
2.542951424845002961e+01
1.048708280242476309e-01
1.048758475807880286e+00
1.229432859892367702e+01
4.410110173730711347e-01
1.372303644926297916e-01
5.670991889441628214e-02
4.192603529343839952e+00
2.296345117677424774e+00
1.086957348834644357e-02
2.026790859302111016e+02
1.931690374823678624e+01
4.000958971652390089e-02
4.799031575434470898e-01
7.490531397113562306e-01
1.919882336609343709e-01
2.085144414166465054e+01
1.659367038290206319e-13
5.071227041669603056e-11
3.407295331141442034e+02
0.000000000000000000e+00
2.949004119119683764e+01
2.701171993479766442e+01
2.074569188259515045e+02
1.516640864216732276e-01
6.942073733260548662e-01
6.430374301577158747e+01
0.000000000000000000e+00
8.661798882996973211e-12
3.015589749564065158e+01
1.758570168359094460e-10
3.403307730614341664e-01
5.925520100836123166e-11
2.233125732074154040e-04
1.817322030885461931e-02
2.444109592618359528e-01
5.165489111705297515e-17
5.143805444120896908e-02
0.000000000000000000e+00
5.101278854256526829e-01
1.408562851799770588e-01
4.984485268918029455e+00
4.565573266411824704e+00
2.214597922535143937e+01
3.360123829867708775e-15
8.187440365962260725e-15
4.266701794047011569e-11
1.039573645732252810e-10
5.139882615071764149e-14
1.392491653977317653e-03
1.186691292482087729e-03
1.050427133998317478e-03
1.932369993775709116e-01
2.516508686299066822e-03
4.977804935534878988e-02
0.000000000000000000e+00
5.960597967621936434e-14
5.281546911053307236e-13
7.229915510407577050e-04
6.742237880141273537e-14
3.201762663732793960e-13
0.000000000000000000e+00
1.435926681649960430e-12
3.300190889843989533e-02
1.089054341714218254e-04
4.395250895401318371e-04
1.213615979677742332e-04
1.134529634508796647e+02
3.848857457297278017e+00
4.374383478203543452e-01
9.709821802948406244e+00
2.681059491280313622e+00
4.547527872498156043e+00
0.000000000000000000e+00
0.000000000000000000e+00
0.000000000000000000e+00
0.000000000000000000e+00
5.909674239800890660e+01
6.704577257205427543e+01
0.000000000000000000e+00
0.000000000000000000e+00
0.000000000000000000e+00
0.000000000000000000e+00
0.000000000000000000e+00
2.958823231249328028e-03
6.885357530123869217e-03
0.000000000000000000e+00
5.502739314568716976e-04
1.973391819239014421e-03
5.376216566653199691e-03
5.376216566653199691e-03
5.376216566653199691e-03
5.376216566653199691e-03
2.271929339088158556e-02
3.794982358112791161e-06
1.389595742222855639e-02
5.376216566653199691e-03
5.376216566653199691e-03
5.376216566653199691e-03
5.376216566653199691e-03
5.376216566653199691e-03
5.376216566653199691e-03
5.376216566653199691e-03
5.376216566653199691e-03
5.376216566653199691e-03
5.376216566653199691e-03
5.376216566653199691e-03
5.376216566653199691e-03
5.376216566653199691e-03
5.717773419555999964e-04
9.420411206955300182e-03
4.703248135821100177e-03
1.498765032630679922e-02
2.770337121422000162e-04
2.087240296962000101e-04
4.123895724454720857e-04
1.190359962838157069e-03
6.212383637679614115e-03
2.765277641455057486e-03
3.162480333325427655e-04
5.078951389274200499e-03
1.466130170391628709e-03
6.558990040346485487e-03
2.030314072059728053e-03
2.528722251602084393e-03
2.101155778436332791e-02
4.715898077014800405e-03
7.589964716225612816e-06
4.540065383952769998e-03
1.154687128671976967e-02
6.313588628841443513e-03
5.466037454807993329e-02
5.013171695066999042e-03
5.819022600115726564e-05
1.884846202964572583e-04
9.002964637093468711e-03
9.955498754346426161e-04
1.357337200554428226e-03
3.366146869095012952e-03
1.204276387681829132e-03
0.000000000000000000e+00
4.979015364313429080e-03
4.418623753918202723e-01
1.209081577898813049e-02
1.264994119370919446e-06
0.000000000000000000e+00
2.876598116980072072e-03
2.529988238741870656e-06
1.264994119370919446e-06
0.000000000000000000e+00
9.715154836768000526e-04
0.000000000000000000e+00
1.095484907375200018e-03
6.065645809363184697e-03
2.445235122274572008e-03
3.162480333325427655e-04
3.162480333325427655e-04
1.127111746400228168e-03
2.656487650678969017e-05
0.000000000000000000e+00
3.162480333325427655e-04
3.048634338153328408e-03
4.944862012620899507e-03
4.141589257289828539e-03
1.258670638304571670e-03
5.059976477483740466e-06
6.957467656540143543e-05
1.377580582035629105e-03
3.299102180768414064e-03
1.444117187371818552e-02
9.791064414134144876e-04
1.199340030857237206e-02
2.013870141528242754e-03
2.155550972428413835e-03
8.954890391965654450e-03
0.000000000000000000e+00
4.743728444151157700e-03
2.171993909939485407e-03
2.301022813605128371e-03
5.768371694800827551e-03
0.000000000000000000e+00
1.404423392392851812e-18
1.581240166662714912e-03
1.090551628913752694e-02
1.396299764196344030e-02
7.640574411204146708e-04
2.611959956979151287e-02
7.016922380150497976e-03
4.791797227666842393e-03
3.162480333325427655e-04
3.151100847863157715e-03
3.837993151191711975e-03
2.289654251366718526e-04
4.632410947687285417e-03
1.003140336661100061e-03
1.264994119370919446e-06
3.263679862875102549e-04
2.766540848137740913e-02
1.149121551754902874e-02
4.727285010129928487e-03
6.262988864066646941e-03
7.450815363094001869e-04
2.275344277049256431e-02
1.631842910498657474e-03
1.579977655094299974e-03
8.852428847357797503e-03
3.087850645384400058e-03
1.321922330313900478e-03
3.185255689086157176e-03
2.074630076583582029e-04
2.909486474553155913e-05
2.578057518767742657e-03
1.657142296375000074e-04
5.059976477483741313e-06
2.245870162323004154e-02
3.162480333325427655e-04
6.324970596854693582e-06
5.059976477483741313e-06
4.933477065546644307e-05
6.325963617214519273e-06
2.419937225927900129e-03
1.770996732220571823e-04
8.032712658005000325e-04
6.527364690851426973e-04
0.000000000000000000e+00
