1.897392000000000053e+03
4.225812045954093037e+02
5.299848000095844114e+00
2.263946787832493328e+02
2.776434679692799889e+00
1.498750889688016330e-73
1.890220838373270268e-102
5.296164557030937026e+00
5.290647196610311909e+00
5.290313535969704439e+00
5.286316063840322599e+00
5.286200007139660428e+00
5.286165280123998222e+00
5.286164871323973280e+00
5.287678318476986661e+00
5.291685706181248783e+00
5.300028833331529299e+00
5.292053162468308258e+00
5.284099487821662500e+00
5.280596203850295822e+00
5.280993600759011031e+00
5.285675000401256263e+00
5.307260391626330787e+00
5.316576199852403484e+00
5.322855998165169744e+00
5.334290703484707130e+00
5.338785471456184872e+00
6.376750819768032263e-01
6.887756227041676027e+01
1.291179964697454352e+01
3.184871759933661497e-04
1.190818194219002475e-05
0.000000000000000000e+00
0.000000000000000000e+00
5.775078911743098331e+01
1.525606511404770345e+02
0.000000000000000000e+00
7.732098730744351833e+00
1.603888430148503463e+00
7.965815445367534267e+03
3.827494363718985326e+00
3.802828723595765709e-02
1.129680224416235887e+03
7.221595331718462241e-01
1.566938434055855867e+00
2.099961940365722413e+01
4.300783393008065225e+00
2.545467110175376746e-01
8.885657240391351408e-01
2.742754635486441828e+00
1.140850617790895249e+01
1.122681992191574274e+00
1.412772322443955204e+02
4.929777840736721117e+01
1.602786645538024501e+01
5.529830539197453021e+01
4.023060900070806412e+00
1.404777341328999540e+01
5.191641576213844367e+00
1.275258450879756866e+00
2.047566900065310591e+01
5.915500189147714361e-01
1.088168629815850039e+02
1.154756808872503449e+01
4.204574853409254409e+00
4.140732832407888253e+01
3.443580680444399356e+00
3.900510660406301788e+00
6.841776856248962257e-01
7.116751675490247919e+01
7.300385274682332781e-01
9.402876606796262138e+00
2.651895840900198209e+01
1.674039256576953605e+01
8.410655039233397301e-02
1.497720318032879916e-01
8.994524120988515278e+03
2.161594870803127844e+00
2.897850024070349750e+00
3.661943287078701648e-01
3.180552605313518438e-02
3.619303772624592186e-02
2.372040675704142117e-03
0.000000000000000000e+00
4.961770171437663635e+00
0.000000000000000000e+00
0.000000000000000000e+00
9.825441225248755517e-01
0.000000000000000000e+00
1.541141369261145400e+01
0.000000000000000000e+00
5.840681377486853752e-04
2.862029226649103874e-03
5.272549261233863037e-06
9.097978839925517036e+01
8.390765228058922123e-03
9.796401591392871623e-05
4.803254122348632471e+00
1.485438696737856907e-09
2.785003101646493217e-05
4.069106930259884842e-09
1.365741795600244224e+01
8.375144668642757050e-05
3.296818933885174374e+02
1.010476166703666528e-06
3.841598447820978590e-01
6.058918639975595966e+01
1.015332734187775871e-04
2.909030821201841926e-06
3.455933988421145386e+01
3.085613417925860439e-04
1.172794571029518522e+02
1.077726489557163951e-07
1.433293586851783837e-04
1.944128080788660746e-03
4.935441861117664253e+00
2.942423393806716664e-02
1.195091299780482867e-04
1.808313698808039841e-03
4.516003514091733438e-07
6.829859736836606060e-06
2.259963407802877100e+03
3.223999704579509187e-06
3.229688298142253922e-04
1.721647342788003516e+04
3.196791748433384928e-02
3.196046145819587125e-01
1.776200199975637815e+03
3.298086889884935258e-03
2.248979547088899092e-02
2.236971150729042540e-02
1.018701855668339706e-01
3.599148318822841817e-06
4.063094168374211113e-01
1.171179539922761753e-10
2.077134490332225039e-12
2.694276368459392862e-12
8.402510657233976197e-04
1.739944602356997657e-10
2.466704705370890149e-01
6.094994101188202507e+00
1.863708177465560146e-11
1.596666205370209138e-12
1.422559252410107360e-12
1.964897724094941787e-09
1.671045749991489163e-10
1.451777895399299630e-10
4.904521600420899931e-12
1.815825220200074027e-18
5.214722786832854041e-10
9.591650810801959654e-13
1.922124921564300823e-10
1.476248889624059658e-14
3.636821990733286342e-09
3.644763317177702532e-12
4.693451154059049435e-16
4.907797318320986184e-18
6.131930906389938334e-19
2.952123296152801227e-16
3.806467803390317298e-17
1.318967939540082803e-17
0.000000000000000000e+00
2.642513516978730337e+01
5.167170013047162058e+01
2.086141041087092348e-04
4.079787183450841841e-04
4.962774549127105478e-05
2.244983514390003394e-13
4.389864972615224341e-13
0.000000000000000000e+00
1.530660213330653718e+01
2.160542583481059309e-04
2.071029233535448988e+00
2.915175356371936533e-02
1.760368126765289934e-02
6.982819657005115976e-01
5.512595934313714988e-06
1.311404894118452921e-06
5.932264841341319718e-15
4.351991857213251802e-11
1.035305959057927765e-11
4.683305032356977061e-20
1.114122858497595880e-20
5.039840778376620141e-29
2.342907511951508315e-01
4.289133254472572883e-03
1.218143765985288729e+00
1.115155211066478080e-01
2.745793401468553689e-16
6.422431545553369964e-24
2.982960784489098435e-32
1.978996042139681344e-17
6.376620208078782740e-20
1.120538244764090179e-17
2.264784641904323800e-19
0.000000000000000000e+00
6.044008967432680149e-15
5.174234802327817188e-20
5.281771874143431690e-29
1.189647252794444741e-27
1.460101555411381844e-22
3.182210122058725908e-28
0.000000000000000000e+00
1.378335846170717994e-36
5.530155226755204602e-36
0.000000000000000000e+00
6.811412918544447712e-31
1.305425807579701862e-36
5.918795474385836078e-45
2.591906470547533060e-16
2.585644731946608233e-38
1.536418927736310702e-16
4.888015635239791251e-18
0.000000000000000000e+00
1.137428273661431297e-31
1.100771525735550656e-38
2.139095234937266774e-47
6.574514843020519030e-47
4.929279015537030215e-55
1.246348202342389558e-63
8.819676997769702562e-34
2.032418293752078393e-41
1.306308139211001667e-33
5.123640983945429624e-36
0.000000000000000000e+00
5.167818288594214771e+00
4.079785755102655043e-05
4.390380831531545688e-14
2.253752101829116202e-19
0.000000000000000000e+00
5.965736136823212652e-15
1.122678160086805213e-31
5.148527207207274681e-20
1.095154873465238925e-38
5.255693725418968050e-29
2.128419830698996654e-47
1.188584681202122825e-27
0.000000000000000000e+00
1.452706697062945561e-22
1.376920498339391966e-36
4.923608959418625822e-55
5.525401999195025851e-36
0.000000000000000000e+00
6.778179342517643089e-31
1.304135410394949006e-36
5.913221487303738972e-45
1.245143307363224065e-63
2.590014071615041845e-16
8.812480446098157195e-34
2.030170380051608988e-41
2.582704572340125496e-38
1.304982781988536965e-33
1.534769784494182416e-16
4.882672797478175252e-18
0.000000000000000000e+00
5.117301011383022631e-36
0.000000000000000000e+00
5.832578091817656257e-18
0.000000000000000000e+00
6.045107025019783454e-36
0.000000000000000000e+00
1.571785674330845625e-23
0.000000000000000000e+00
4.201904863989652532e-19
7.782427135475902733e-36
3.588513236789197544e-24
7.551913721668546485e-43
3.626165067850591396e-33
1.452447069505390267e-51
8.418284685953892661e-32
0.000000000000000000e+00
1.019612478306290562e-26
9.638805137383338501e-41
3.404250679271676583e-59
3.865437317554096858e-40
0.000000000000000000e+00
4.698958081044862757e-35
9.120620058223367136e-41
4.089466924706795883e-49
8.504493967273590789e-68
1.828146972246040322e-20
6.146464287829729185e-38
1.424490137651169087e-45
1.806814064179546989e-42
9.157724698333882927e-38
1.079691708341223614e-20
3.449164525646946870e-22
0.000000000000000000e+00
3.571216792024210014e-40
0.000000000000000000e+00
1.160356159154727680e-18
0.000000000000000000e+00
8.570093323645673287e-14
1.555658155205966172e-30
2.646650410303914433e-19
5.493312151611910474e-38
2.640675121668220617e-28
1.043347218224135158e-46
5.125763909905095856e-28
0.000000000000000000e+00
7.583445076564002918e-22
5.839693653779669994e-37
2.051857351330244886e-55
2.341721490932715247e-36
0.000000000000000000e+00
3.441164496975779255e-30
5.523799502964020342e-37
2.465689025172378718e-45
5.102206501486156006e-64
1.121580026388771351e-16
3.751281249025649458e-34
8.637052513774498819e-42
1.093939913451826566e-38
5.600574807002682613e-34
6.609957536968633330e-17
1.002607580763914975e-17
0.000000000000000000e+00
8.475459438109445726e-36
0.000000000000000000e+00
1.161383974576970299e-18
0.000000000000000000e+00
8.577544339582834725e-14
1.557036409566432328e-30
2.648996641442843888e-19
5.498244694775786152e-38
2.643044126347496131e-28
1.044295493945885911e-46
5.133069144970096022e-28
0.000000000000000000e+00
7.590114514972224453e-22
5.848087288387844348e-37
2.054833226438316031e-55
2.345088573040466039e-36
0.000000000000000000e+00
3.444234926443772677e-30
5.531744391455299220e-37
2.469264012981373931e-45
5.109671174459893738e-64
1.123174973664318966e-16
3.756662429713172767e-34
8.649447322463704677e-42
1.095513335983027793e-38
5.608575301224035554e-34
6.619383110839924289e-17
1.002682311618632996e-17
0.000000000000000000e+00
8.476207863606458721e-36
0.000000000000000000e+00
1.263294654853252983e-17
0.000000000000000000e+00
1.066464060391712522e-35
0.000000000000000000e+00
7.913521214967627008e-23
0.000000000000000000e+00
2.328045501102932691e-18
4.377606758712965924e-35
1.607035553263424314e-23
3.416222056120324557e-42
2.254288547181253784e-32
9.125726418642641095e-51
3.246855577011083440e-31
0.000000000000000000e+00
4.535395084444546570e-26
4.833824026973613986e-40
1.727717899776085026e-58
2.155224202542637661e-39
0.000000000000000000e+00
2.907487066390046264e-34
4.577855663707967160e-40
2.766505654699236830e-48
5.822813734244154534e-67
2.021372123238035876e-20
6.875226416124839911e-38
7.918477232856308491e-46
1.007329097413780759e-42
4.073167074912443276e-37
4.790852269120898262e-20
1.138087837993957193e-21
0.000000000000000000e+00
1.179239340334278750e-39
0.000000000000000000e+00
4.081028217683560317e-22
0.000000000000000000e+00
3.348997939563950443e-17
6.079153140839550244e-34
8.274176594776974486e-23
1.717363374081877712e-41
1.135123593343279143e-31
4.484966504118728284e-50
1.402913733095740400e-31
0.000000000000000000e+00
2.370800049297585080e-25
2.054963601630009010e-40
7.220435025920158120e-59
9.156073030127505870e-40
0.000000000000000000e+00
1.479231655737506833e-33
1.943812682482490214e-40
1.156893149858908704e-48
2.393936609989910084e-67
8.770708346000324649e-21
2.933483931824505373e-38
3.376894017150139292e-46
4.277059153959062526e-43
1.751760082622989625e-37
2.067477335873010877e-20
2.466201041736397642e-21
0.000000000000000000e+00
2.081927371667392445e-39
0.000000000000000000e+00
3.765469655545813492e-20
0.000000000000000000e+00
9.960918381178603599e-16
1.875004386160752810e-32
6.451057769611538583e-21
1.371332866030932397e-39
6.583337140626710570e-30
2.665570887028538643e-48
1.489437266319392979e-28
0.000000000000000000e+00
1.820586706820389792e-23
1.149952486072297055e-37
4.111008617625567684e-56
6.922671278710466661e-37
0.000000000000000000e+00
8.492524610150287792e-32
1.089270893162168883e-37
4.937885366128030203e-46
1.039494627529140188e-64
4.327997822539409512e-17
1.472244896388808231e-34
4.239262945611351091e-42
5.392202612744279723e-39
1.090034315115364562e-34
3.846188563066124154e-17
3.654786726918340631e-19
0.000000000000000000e+00
3.786814055591532058e-37
0.000000000000000000e+00
5.752301618860628311e-20
0.000000000000000000e+00
7.616941367761111603e-16
1.430079144446726773e-32
3.286694291352348384e-20
6.979065291506117611e-39
1.338473140467599832e-29
5.411521756983418986e-48
9.104506432410211613e-28
0.000000000000000000e+00
9.248774652578137071e-23
1.052628313073992184e-36
3.757048988288130014e-55
2.112129196321252786e-36
0.000000000000000000e+00
1.729616493492071467e-31
9.975689229981526994e-37
2.254483773027956345e-45
4.747804946826639234e-64
9.938264495970442214e-17
3.375128292001829844e-34
7.699213383370625630e-42
9.790418363596554298e-39
1.165410150201060042e-33
1.566995563296391995e-16
3.884524902716501954e-18
0.000000000000000000e+00
4.018262131968757316e-36
0.000000000000000000e+00
3.945826620983407480e-20
0.000000000000000000e+00
5.222501019743092433e-16
9.825753243911620455e-33
2.253798282159366012e-20
4.793339030439611028e-39
9.200083357083055103e-30
3.725734733564821414e-48
6.244188003362205374e-28
0.000000000000000000e+00
6.359957786126919809e-23
7.231302865602543194e-37
2.585688388233975296e-55
1.451115964379727632e-36
0.000000000000000000e+00
1.186754643347571636e-31
6.849800074530158328e-37
1.552704873134645904e-45
3.268913173324120291e-64
6.803432586824973766e-17
2.314457331173340359e-34
5.327924812704478170e-42
6.777717588429318271e-39
7.991940302775417714e-34
1.074229403807544433e-16
2.680863215387588358e-18
0.000000000000000000e+00
2.778050617883294555e-36
0.000000000000000000e+00
7.134548560574499741e-22
0.000000000000000000e+00
5.854804383936994547e-17
1.062755791712737409e-33
1.446518611430991674e-22
3.002316846132198784e-41
1.984427208474922431e-31
7.840591324451911525e-50
2.452632474851360099e-31
0.000000000000000000e+00
4.144738974778981295e-25
3.592508247378453796e-40
1.262275245256593544e-58
1.600682914134732489e-39
0.000000000000000000e+00
2.586026372332009798e-33
3.398210562547655823e-40
2.022479550150787792e-48
4.185023378432769963e-67
1.533336697447766655e-20
5.128392140049719939e-38
5.903282245744169029e-46
7.476872649155106799e-43
3.062341105835378337e-37
3.614271646636191119e-20
4.311500009395637358e-21
0.000000000000000000e+00
3.639672450648199718e-39
0.000000000000000000e+00
6.986687570199983658e-21
0.000000000000000000e+00
2.055384950799974800e-16
3.864897215227533291e-33
1.418819278204362697e-21
3.016110788280975289e-40
1.990264121113718626e-30
8.056908004439470518e-49
2.866584096187453518e-29
0.000000000000000000e+00
4.004210117609361035e-24
4.267684145972386352e-38
1.525365721982229711e-56
1.902803188145629448e-37
0.000000000000000000e+00
2.566959606470846789e-32
4.041694323689966443e-38
2.442489366978810000e-46
5.140835822598287151e-65
1.784629045626666880e-18
6.069996827725872972e-36
6.991060672445086047e-44
8.893501037267506487e-41
3.596116979416226394e-35
4.229747346947343252e-18
1.004795115208973465e-19
0.000000000000000000e+00
1.041126551357760401e-37
0.000000000000000000e+00
3.421798569909320386e-19
0.000000000000000000e+00
9.051496824609792554e-15
1.703843654992305234e-31
5.862255322482155476e-20
1.246128538582199843e-38
5.982377278572799295e-29
2.422222425888563444e-47
1.353499316552714686e-27
0.000000000000000000e+00
1.654433138515204774e-22
1.044984350286793076e-36
3.735710702497790318e-55
6.290800016912334361e-36
0.000000000000000000e+00
7.717375162637160178e-31
9.898464063428730692e-37
4.487128373911845344e-45
9.445924859236739018e-64
3.933013822048492687e-16
1.337869532054615699e-33
3.852338159596006187e-41
4.900010138600630326e-38
9.905463386250552492e-34
3.495156806191284553e-16
3.321237066941051747e-18
0.000000000000000000e+00
3.441166226392366402e-36
0.000000000000000000e+00
5.693052674372437266e-19
0.000000000000000000e+00
7.538510815914812953e-15
1.415332987532519517e-31
3.252849095432236539e-19
6.907120689043086645e-38
1.324667778680145235e-28
5.355644863898470328e-47
9.010742162955740511e-27
0.000000000000000000e+00
9.153353966317367685e-22
1.041775302987822323e-35
3.718265300253166114e-54
2.090351249591723719e-35
0.000000000000000000e+00
1.711798199748705669e-30
9.872869052711969936e-36
2.231199589521621285e-44
4.698779857166510021e-63
9.836039872157386276e-16
3.340371789395661982e-33
7.619437758042150640e-41
9.688947693337879041e-38
1.153408673299056253e-32
1.550862148858051785e-15
3.844565260426246507e-17
0.000000000000000000e+00
3.976916818501430603e-35
0.000000000000000000e+00
0.000000000000000000e+00
0.000000000000000000e+00
0.000000000000000000e+00
0.000000000000000000e+00
0.000000000000000000e+00
0.000000000000000000e+00
0.000000000000000000e+00
0.000000000000000000e+00
0.000000000000000000e+00
0.000000000000000000e+00
0.000000000000000000e+00
0.000000000000000000e+00
0.000000000000000000e+00
0.000000000000000000e+00
0.000000000000000000e+00
0.000000000000000000e+00
0.000000000000000000e+00
0.000000000000000000e+00
0.000000000000000000e+00
0.000000000000000000e+00
0.000000000000000000e+00
0.000000000000000000e+00
0.000000000000000000e+00
0.000000000000000000e+00
0.000000000000000000e+00
0.000000000000000000e+00
0.000000000000000000e+00
0.000000000000000000e+00
0.000000000000000000e+00
1.579728502902898901e+00
7.183296936568578372e-05
5.480195947368658338e+00
8.348010748040591977e+01
1.015170829938748798e-01
1.983487235937525517e+00
2.131205381226370932e+01
3.148908779517031742e-02
1.518929492141756121e+01
4.486323409990353284e+00
1.452748816234306986e-10
3.065517068130365175e+00
4.851061878563222324e-10
3.634030558606390273e-11
0.000000000000000000e+00
0.000000000000000000e+00
9.053452799652129921e-13
4.200439452459400064e-03
3.802845624540887815e-17
1.698800007624686259e+01
1.765761516713034098e+03
1.893407735315432161e+00
0.000000000000000000e+00
2.289075090409187396e+01
1.171431230701731607e+00
1.968065754768787645e+00
1.735860300526105918e-02
5.600611944425227390e-02
4.955325145043963175e+02
1.191003691813977383e+02
2.862375861323513391e+02
1.353634304649142922e-11
7.887150632489390745e+00
1.419693815772789378e+02
1.144703686164147456e+02
2.238631337592501325e+01
5.680710320728871210e+01
3.336767388286089224e-14
5.194016594694137780e-12
1.036870274845181199e-09
1.870264951458800878e-09
1.839977531130112709e+01
3.412703191947344417e-09
6.467211953639890876e-01
2.140898928080816332e-01
1.070572939181098637e-01
2.674039134208435939e+02
1.209384431852107793e-13
9.996242898688306013e+03
3.611103628800836685e+00
4.169861752554854806e-01
8.502095790749608639e-01
2.595933117224838682e+01
8.712981375748951596e-02
8.713187384341181119e-01
9.190141379055996040e+00
3.318550236150048516e-01
6.891483856566510413e-02
1.928489696759300986e-01
2.148081462315682977e+00
3.798044730345466302e+00
9.030309883368099408e-03
1.853268221232517021e+02
1.467570541795214822e+01
3.434864525883501996e-02
5.580895187892002118e-01
8.428219523577069605e-01
1.916385512246125133e-01
2.111216037277307933e+01
1.910870377709555738e-13
5.873261343709990677e-11
3.443168834624504484e+02
0.000000000000000000e+00
3.965425287912451324e+01
3.307609676414337230e+01
2.151234010855351073e+02
2.657299644321157728e-01
1.000962921835434782e+00
6.851087128685635719e+01
0.000000000000000000e+00
3.015719041705844422e-11
2.746340986227358272e+01
3.022195791134818521e-10
3.114991426365759652e-01
1.025172652139903092e-10
3.535567643297698190e-04
1.985319702229277825e-02
2.290912759564474876e-01
6.104333993687757351e-17
5.360864681504103058e-02
0.000000000000000000e+00
4.625463806993160287e-01
1.111722328109238656e-01
5.675254731362098681e+00
4.733801020443547003e+00
2.238649964468145726e+01
1.722785581852654965e-15
4.306016541453095531e-15
5.353624265725068155e-11
1.337950713149396324e-10
5.981206699418985622e-14
1.368891047431664834e-03
9.404875162204515268e-04
8.724719091754797907e-04
1.467984876995502286e-01
2.431364060846662439e-03
6.002662778935966698e-02
0.000000000000000000e+00
1.029084977474052165e-13
9.072955122282693672e-13
1.052419475747251457e-03
1.482074672419190418e-13
4.069263859398635006e-13
0.000000000000000000e+00
6.698681487469667693e-13
2.850507788383751032e-02
8.124219347390358411e-05
3.659824240633374444e-04
8.796324246822972330e-05
1.133427268426432448e+02
3.522104444681498858e+00
3.872313137332638600e-01
9.594246180859634876e+00
2.305961638450883644e+00
7.958308729226482470e+00
0.000000000000000000e+00
0.000000000000000000e+00
0.000000000000000000e+00
0.000000000000000000e+00
5.912725532233431380e+01
6.701525964772758925e+01
0.000000000000000000e+00
0.000000000000000000e+00
0.000000000000000000e+00
0.000000000000000000e+00
0.000000000000000000e+00
7.702543731237469077e-03
3.722877196798442864e-03
9.487440999976282964e-04
1.182769998121957229e-03
2.289639852571557187e-03
5.376216566653199691e-03
5.376216566653199691e-03
5.376216566653199691e-03
5.376216566653199691e-03
2.493302962420938448e-02
3.794982358112791161e-06
1.073347708890312960e-02
5.376216566653199691e-03
5.376216566653199691e-03
5.376216566653199691e-03
5.376216566653199691e-03
5.376216566653199691e-03
5.376216566653199691e-03
5.376216566653199691e-03
5.376216566653199691e-03
5.376216566653199691e-03
5.376216566653199691e-03
5.376216566653199691e-03
5.376216566653199691e-03
5.376216566653199691e-03
5.717773419555999964e-04
9.420411206955300182e-03
4.703248135821100177e-03
1.498765032630679922e-02
2.770337121422000162e-04
2.087240296962000101e-04
3.258621872438356975e-03
2.139104062835785365e-03
5.896135604347070916e-03
3.397773708120143017e-03
0.000000000000000000e+00
6.027695489271828362e-03
3.047370337054343837e-03
2.447765607023428668e-03
4.490739053970142802e-04
1.896226184937000597e-03
3.113149485100470334e-02
1.553417743689373617e-03
7.589964716225612816e-06
7.702545717278197653e-03
1.186311932005230420e-02
9.476068962166871168e-03
2.746304368148124245e-02
3.748179561736827547e-03
9.487440999976282964e-04
0.000000000000000000e+00
8.686716603760927247e-03
6.793018421020998506e-04
9.487440999976282964e-04
1.152410635767214244e-03
2.469268521012000193e-03
2.023990590993499574e-05
3.081527164318172921e-03
3.782965206919791656e-01
1.398830397898338795e-02
1.264994119370919446e-06
0.000000000000000000e+00
3.825342216977700369e-03
2.529988238741870656e-06
1.264994119370919446e-06
0.000000000000000000e+00
1.287763517009342818e-03
3.162480333325427655e-04
7.792368740426572522e-04
7.646885976025898958e-03
3.077731188939657539e-03
1.505343002051000019e-04
1.495222552586243083e-03
3.657096013060570291e-03
2.656487650678970711e-05
3.162480333325427655e-04
6.324960666650855309e-04
1.467394171490614581e-03
4.628613979288358909e-03
4.141589257289829407e-03
2.523662771634742948e-03
5.059976477483741313e-06
0.000000000000000000e+00
3.591316815363427596e-03
4.564094314098584258e-03
1.444117187371818552e-02
2.876594641408671080e-03
5.668439641921515018e-03
2.013870141528242754e-03
1.839302939095871069e-03
8.006146291968026588e-03
3.162480333325427655e-04
5.059976477483700032e-03
5.907537432767715792e-04
1.984774780272585606e-03
5.135875628135742020e-03
3.162480333325427655e-04
6.324960666650869404e-04
1.897488199995257894e-03
1.375174858913041226e-02
1.080051730863801004e-02
7.640574411204146708e-04
2.105963103647082862e-02
7.649418446815583507e-03
1.629316894341414305e-03
1.420587403033085052e-03
3.151100847863157715e-03
4.470489217856799674e-03
5.452134584692143199e-04
8.427387347677796001e-03
6.868923033285572952e-04
1.264994119370919446e-06
3.263679862875102549e-04
2.197294388139164542e-02
2.097865651752531951e-02
8.206013376787899341e-03
9.741717230724611723e-03
2.010073669639571032e-03
1.800972227050440938e-02
2.580587010496285336e-03
1.579977655094299757e-03
1.296365328068085215e-02
2.139106545386771762e-03
2.903162496976614739e-03
4.450247822416328672e-03
4.002439407648872120e-03
2.909486474553155913e-05
2.578057518767743524e-03
0.000000000000000000e+00
0.000000000000000000e+00
1.961246932323715622e-02
5.363570101030429695e-04
6.324970596854693582e-06
5.059976477483741313e-06
4.933477065546644307e-05
6.388220302823000409e-04
5.266169525920787187e-03
1.770996732220571823e-04
1.119519299133042798e-03
6.527364690851426973e-04
0.000000000000000000e+00
