1.897392000000000053e+03
1.792045288840697026e+02
7.072341038532550250e+00
1.349690915347553073e+02
5.319806789497918409e+00
2.102693622145631661e-69
2.392702545375357325e-102
7.056607152442127884e+00
7.029228218420805696e+00
7.027556286877786995e+00
6.875389749030816233e+00
6.869305978899278742e+00
6.855412923739353737e+00
6.853507206574949606e+00
6.817495062757621405e+00
6.773216467271445218e+00
6.715569943637593298e+00
7.034932641101878659e+00
6.978172824594684798e+00
6.903229276499970979e+00
6.858846367886648032e+00
6.798822969350414525e+00
6.675755404804933235e+00
6.630402478524717758e+00
6.602087871823528964e+00
6.555112824827148188e+00
6.537204645528277069e+00
3.443815009546370987e-01
7.135660423003102437e+01
1.001196711853845756e+01
5.143345151263850959e-04
1.205484114888834354e-05
0.000000000000000000e+00
0.000000000000000000e+00
6.062208035439980591e+01
1.523326126950804849e+02
0.000000000000000000e+00
7.274868968816665671e+00
1.741085373632344835e+00
7.968409476819637348e+03
3.835042266680977807e+00
3.809518269040770844e-02
1.129061451114102056e+03
8.885545381425938860e-01
1.573400246736673225e+00
2.106700047792450547e+01
4.274632132723476197e+00
2.543724287807921924e-01
8.888313339880020703e-01
2.743831190617582738e+00
1.140864525233049953e+01
1.122288110283466533e+00
1.412815110234587337e+02
4.926334464011097225e+01
1.602637667149576473e+01
5.529830101105569184e+01
4.022170828317076285e+00
1.404398008869769221e+01
5.204071782596129125e+00
1.277161299182734799e+00
2.046224213372079248e+01
5.935420200659057288e-01
1.088128362493490044e+02
1.157342317899526307e+01
4.204107606922250717e+00
4.147718490985642603e+01
3.443638049049087435e+00
3.900552475403061603e+00
6.841838712552247292e-01
7.116751460739136803e+01
7.300456156364097948e-01
9.402885915553342855e+00
2.651895463795635166e+01
1.674039434349953837e+01
8.403673874169845237e-02
1.497720318032879916e-01
8.992582544815661095e+03
2.156472469393905467e+00
2.892783312996682898e+00
3.588516781376195897e-01
3.177578166489148509e-02
3.622223213481342435e-02
2.368092628811054035e-03
0.000000000000000000e+00
4.812709440153131624e+00
0.000000000000000000e+00
0.000000000000000000e+00
5.782284569454336776e-01
0.000000000000000000e+00
1.528412232705448304e+01
0.000000000000000000e+00
5.905539037543462710e-04
2.861952842423979605e-03
5.332895528540655293e-06
8.747889866829838468e+01
8.158639061203851531e-03
1.010915069149208312e-04
4.786339213158005812e+00
1.527441773141881854e-09
2.668665868665895274e-05
3.866911872804854991e-09
1.286531075145413006e+01
8.141293487615699684e-05
3.193338343529559324e+02
1.009993276848365362e-06
3.844899244773276048e-01
6.510964863546641368e+01
1.101964402852830991e-04
3.161934999549805453e-06
3.320496952158615045e+01
3.218972320788617957e-04
1.127021168780940599e+02
1.125689959554396538e-07
1.483039207027669762e-04
2.011750360799798541e-03
4.742483032440306445e+00
2.926265452631869254e-02
1.279664572364928908e-04
1.850963912445592347e-03
5.177539658880997753e-07
7.405908476916712780e-06
2.259961944868896808e+03
3.696147732536084186e-06
3.333902672715358811e-04
1.736235628036168055e+04
3.327876345426367122e-02
3.320789159330991280e-01
1.794357553465553565e+03
3.439281261420003896e-03
2.309001291587634355e-02
2.322094048788738221e-02
5.550048371236167288e-02
2.035441387842926872e-06
3.396348008614669123e-01
2.464092096470072667e-10
3.139828520547467626e-12
3.837837201228165433e-12
8.273676395710916932e-04
2.455860597734937554e-10
2.277361500213146150e-01
6.086904531165729715e+00
2.263096319282522657e-11
2.635727045199211778e-12
3.983384969720299597e-12
2.292560390546737921e-09
2.558748248948527855e-10
3.968567230593518264e-10
7.040259622083018169e-12
2.504783915178104472e-18
7.176264604300451837e-10
1.209527216253614761e-12
2.416891959264856630e-10
1.864277209096042339e-14
3.862543286516314536e-09
3.888010274341247443e-12
4.798255928310933566e-16
4.907809444824102527e-18
6.131946202509096939e-19
2.470269889009314185e-16
9.365824646770757462e-17
1.318970783633037875e-17
0.000000000000000000e+00
3.538188037319579848e+01
6.077658950924816850e+01
2.259630176852665861e-04
3.882114057722133157e-04
4.881861673168624095e-05
2.434104051023471838e-13
4.181330850414816640e-13
0.000000000000000000e+00
1.534950821110054697e+01
2.160542761393094999e-04
2.040818621998550686e+00
1.785505006156196811e-02
1.162389986762238370e-02
1.251856866694957882e+00
7.994873450637573912e-06
1.727268097477023293e-06
8.612084391616738188e-15
5.105932752561597297e-11
1.103121244611729014e-11
5.500115045738286303e-20
1.188283130385865451e-20
5.924728543542893984e-29
2.356051962081334161e-01
4.164914948756248507e-03
1.459563584100820766e+00
3.327606770467215341e-02
2.634917141246099823e-16
4.592595137016403581e-24
2.280474624290480964e-32
1.955665797153642770e-17
5.334802926732431710e-20
2.426465810540114662e-17
2.325539842274431652e-19
0.000000000000000000e+00
7.652268240971604793e-15
4.917071824275243824e-20
5.478997789726340067e-29
9.279393526702585979e-28
1.390007054254043124e-22
2.239263610472638920e-28
0.000000000000000000e+00
1.075743920748732821e-36
4.600201089752361669e-36
0.000000000000000000e+00
6.897518024357013811e-31
9.912274032389363374e-37
4.938049691132501528e-45
2.562926080791419311e-16
1.666676852754221185e-38
3.052071482259935764e-16
6.001909797532479376e-18
0.000000000000000000e+00
1.374279812841515414e-31
1.035188888808493677e-38
2.129089705551642494e-47
4.362829460385451863e-47
3.666369201849756198e-55
9.681248813707704393e-64
8.669706276447907525e-34
1.422447484387311961e-41
6.042558689240225392e-33
6.333384435381179801e-36
0.000000000000000000e+00
6.078621961572230781e+00
3.882099813427229403e-05
4.181805632539172705e-14
2.311551767326158194e-19
0.000000000000000000e+00
7.528387192830808976e-15
1.352038549659432573e-31
4.887244869586711290e-20
1.028765453083975472e-38
5.445695492072969110e-29
2.116022944064553596e-47
9.270617838515209407e-28
0.000000000000000000e+00
1.381388275373498033e-22
1.074590925928082929e-36
3.662038340138934324e-55
4.595875279612858833e-36
0.000000000000000000e+00
6.855781362827260508e-31
9.902078561717984053e-37
4.933034249623765271e-45
9.671198032498721288e-64
2.560717958413347099e-16
8.661517667237635826e-34
1.420556455309989674e-41
1.664427362375981917e-38
6.034416887807927130e-33
3.048165680052495515e-16
5.995520863518589251e-18
0.000000000000000000e+00
6.325742505316964613e-36
0.000000000000000000e+00
7.084753920726905762e-18
0.000000000000000000e+00
7.393107794966577056e-36
0.000000000000000000e+00
1.621651039688010995e-23
0.000000000000000000e+00
5.338717884492153621e-19
9.468389860364821489e-36
3.427435655891811401e-24
7.133652432306076656e-43
3.780513428197549856e-33
1.451118378927699821e-51
6.577543474835074215e-32
0.000000000000000000e+00
9.701414323816390212e-27
7.535469386160818014e-41
2.537683478349963481e-59
3.221871213203273899e-40
0.000000000000000000e+00
4.756955810499364948e-35
6.940705605422281953e-41
3.418766168953664374e-49
6.624319586349817607e-68
1.800914350111517581e-20
6.023363442689349364e-38
9.784740127896257871e-46
1.146268453192493946e-42
4.142494468456122093e-37
2.126222697377903823e-20
4.230442190149534430e-22
0.000000000000000000e+00
4.407465342777763396e-40
0.000000000000000000e+00
1.492458427603727737e-18
0.000000000000000000e+00
1.360065466197529029e-13
2.373346880423422201e-30
3.152915440894787282e-19
6.467885424099945422e-38
3.432188070250645154e-28
1.297858588387129346e-46
4.752673358985675880e-28
0.000000000000000000e+00
8.937439515169391133e-22
5.418182647256200806e-37
1.815792838839576999e-55
2.316649894140141210e-36
0.000000000000000000e+00
4.317125698971342569e-30
4.989660298805186905e-37
2.446785270221609060e-45
4.719119380812560268e-64
1.308303285909849567e-16
4.355706607250794836e-34
6.985055942774262083e-42
8.183587891395574583e-39
2.977829434140049855e-33
1.538511153114327418e-16
1.309557191784691720e-17
0.000000000000000000e+00
1.126237421835282786e-35
0.000000000000000000e+00
1.493779230776004024e-18
0.000000000000000000e+00
1.361248001363797614e-13
2.375441618805942352e-30
3.155706902524028560e-19
6.473689391212725150e-38
3.435263935148779124e-28
1.299038516197854674e-46
4.759454065898158940e-28
0.000000000000000000e+00
8.945340575011569173e-22
5.425978513717619080e-37
1.818428004090552920e-55
2.319983634601011390e-36
0.000000000000000000e+00
4.320996416355080632e-30
4.996841852271269431e-37
2.450335560553517780e-45
4.726024990862657657e-64
1.310172891348218330e-16
4.361981563647927047e-34
6.995237006805626420e-42
8.195516333481864305e-39
2.982161148827235746e-33
1.540723362641105328e-16
1.309661458955892554e-17
0.000000000000000000e+00
1.126343029030051473e-35
0.000000000000000000e+00
1.621280239535657484e-17
0.000000000000000000e+00
1.392376918297887843e-35
0.000000000000000000e+00
7.436896567679440380e-23
0.000000000000000000e+00
2.691724448998063700e-18
4.830904604684491627e-35
1.397764647320118179e-23
2.940383518448300927e-42
2.140252518100414687e-32
8.312687203196175169e-51
2.320183887926502255e-31
0.000000000000000000e+00
3.950870558771852026e-26
3.456244484710834075e-40
1.177332073827193901e-58
1.642418734772259707e-39
0.000000000000000000e+00
2.694042659721731155e-34
3.184599660482759878e-40
2.114501698263855539e-48
4.143741481530815991e-67
1.830628291768018019e-20
6.189839041371890021e-38
5.072643112199582576e-46
5.943639594822795062e-43
1.724088953712942909e-36
8.714008167771360151e-20
1.266425912261705111e-21
0.000000000000000000e+00
1.321161888358788562e-39
0.000000000000000000e+00
4.809402340025563120e-22
0.000000000000000000e+00
4.869671941777377649e-17
8.497687360893690162e-34
9.031317966144448135e-23
1.852681642572204646e-41
1.351791818535696366e-31
5.111733815582108276e-50
1.191848015608736656e-31
0.000000000000000000e+00
2.560070712380598002e-25
1.746940893747703562e-40
5.854542999824639624e-59
8.299366340773511259e-40
0.000000000000000000e+00
1.700340475858341016e-33
1.608785011389575183e-40
1.051868142143427286e-48
2.028738483938190588e-67
9.373962984396031820e-21
3.120851471019737051e-38
2.502255122530293555e-46
2.931604961955387561e-43
8.533979271055959061e-37
4.409129728443056521e-20
2.899950054320707165e-21
0.000000000000000000e+00
2.490488743799377090e-39
0.000000000000000000e+00
4.541243208858185779e-20
0.000000000000000000e+00
1.478024339374096174e-15
2.655304717903307501e-32
7.200649400738990597e-21
1.514741784214526958e-39
8.021082719412862359e-30
3.116057678604330019e-48
1.365945763984249463e-28
0.000000000000000000e+00
2.035440021148559001e-23
1.055229298602548303e-37
3.595220466884780203e-56
6.770414528795273866e-37
0.000000000000000000e+00
1.009934088867796747e-31
9.724740604261710974e-38
4.843605192933296815e-46
9.493555033263039666e-65
5.030717487659051503e-17
1.701222335602970618e-34
3.486345599535571207e-42
4.084361522508427570e-39
5.923578299510605101e-34
8.979681011505576459e-17
5.219577333083982317e-19
0.000000000000000000e+00
5.445046429712509364e-37
0.000000000000000000e+00
5.289463628670292668e-20
0.000000000000000000e+00
8.615638692215336535e-16
1.544634212410619990e-32
2.797226365739722346e-20
5.877426461652350982e-39
1.243497674751883732e-29
4.822860829095684456e-48
6.363649205114396755e-28
0.000000000000000000e+00
7.877959311182308685e-23
7.361729776220048020e-37
2.504349452388732719e-55
1.574444504482857850e-36
0.000000000000000000e+00
1.567143460406392508e-31
6.788293342091234398e-37
1.685555389148389000e-45
3.305360958156340325e-64
8.797433595123570620e-17
2.970236874565496091e-34
4.812263010834141031e-42
5.637525817892328225e-39
4.810306176609749941e-33
2.784055295674641519e-16
4.226610579770923392e-18
0.000000000000000000e+00
4.401676504126052395e-36
0.000000000000000000e+00
4.857066090000345298e-20
0.000000000000000000e+00
7.909426352644019265e-16
1.420210551032695274e-32
2.567649578192087272e-20
5.403997884069104985e-39
1.144083053069091853e-29
4.445383608401097199e-48
5.844867670263788014e-28
0.000000000000000000e+00
7.257635852419789481e-23
6.772842380165302330e-37
2.308018958818456089e-55
1.448538035314518330e-36
0.000000000000000000e+00
1.440490096982559769e-31
6.241743215032756372e-37
1.554542932321224575e-45
3.047150335134683326e-64
8.071833206934869090e-17
2.729800060973342546e-34
4.472757171891503658e-42
5.240523506062088170e-39
4.433477911901332493e-33
2.560011635639776806e-16
3.907886623836524538e-18
0.000000000000000000e+00
4.077209266125911687e-36
0.000000000000000000e+00
8.474551814886331645e-22
0.000000000000000000e+00
8.580756567349989817e-17
1.497341892538502814e-33
1.591399612147610865e-22
3.264553247775076129e-41
2.381938960577591640e-31
9.007123605729821051e-50
2.100149070120241969e-31
0.000000000000000000e+00
4.511081185893989138e-25
3.078219589609641020e-40
1.031600860556886352e-58
1.462409103704406214e-39
0.000000000000000000e+00
2.996119812293712957e-33
2.834796251865421585e-40
1.853446707245509451e-48
3.574699749026540147e-67
1.651777260187686169e-20
5.499160075730043926e-38
4.408861227155052853e-46
5.165356093304006512e-43
1.503653156857177159e-36
7.768839911993943100e-20
5.109953977113006120e-21
0.000000000000000000e+00
4.388415108994767614e-39
0.000000000000000000e+00
6.617946661288412466e-21
0.000000000000000000e+00
2.395312835585987129e-16
4.298923177317188852e-33
1.243843156260230972e-21
2.616586755336970952e-40
1.904566797952980855e-30
7.397285026613089382e-49
2.064686068130099782e-29
0.000000000000000000e+00
3.515801768867692871e-24
3.075642077995295303e-38
1.047683353164878619e-56
1.461555196795498745e-37
0.000000000000000000e+00
2.397372752498335765e-32
2.833910515474871828e-38
1.881650999085267200e-46
3.687426966196176749e-65
1.629039574689346398e-18
5.508211402003671537e-36
4.514037471947007928e-44
5.289118974451991837e-41
1.534230478005469706e-34
7.754419079962918875e-18
1.126967433257308076e-19
0.000000000000000000e+00
1.175675408341263559e-37
0.000000000000000000e+00
4.126822677133872806e-19
0.000000000000000000e+00
1.343098088475926038e-14
2.412951020806273449e-31
6.543517869334267339e-20
1.376461834036440611e-38
7.288979145100860005e-29
2.831618608906507570e-47
1.241291751436683532e-27
0.000000000000000000e+00
1.849693061492133019e-22
9.589176617339617815e-37
3.267045639089608760e-55
6.152508544654447535e-36
0.000000000000000000e+00
9.177607541796459091e-31
8.837202188328820250e-37
4.401503474011926749e-45
8.626930451264497922e-64
4.571625904097536266e-16
1.545956203722607996e-33
3.168114406304065024e-41
3.711521307128254254e-38
5.382862219364502281e-33
8.160130391425088526e-16
4.743257230675247148e-18
0.000000000000000000e+00
4.948078193318007880e-36
0.000000000000000000e+00
5.235079819188418729e-19
0.000000000000000000e+00
8.527071133624126126e-15
1.528739020990461878e-31
2.768473885481022256e-19
5.816945075454086652e-38
1.230695665982356757e-28
4.773148053130287141e-47
6.298211235642471617e-27
0.000000000000000000e+00
7.796783697295104154e-22
7.285942137856407929e-36
2.478537707481154632e-54
1.558235828833832681e-35
0.000000000000000000e+00
1.551019798078843730e-30
6.718435913598754500e-36
1.668174220082043125e-44
3.271286419579630157e-63
8.707031228011695986e-16
2.939680318146803899e-33
4.762377167372436152e-41
5.579079392927430584e-38
4.760724488539709774e-32
2.755404037666888877e-15
4.183175946281707826e-17
0.000000000000000000e+00
4.356431506433220968e-35
0.000000000000000000e+00
0.000000000000000000e+00
0.000000000000000000e+00
0.000000000000000000e+00
0.000000000000000000e+00
0.000000000000000000e+00
0.000000000000000000e+00
0.000000000000000000e+00
0.000000000000000000e+00
0.000000000000000000e+00
0.000000000000000000e+00
0.000000000000000000e+00
0.000000000000000000e+00
0.000000000000000000e+00
0.000000000000000000e+00
0.000000000000000000e+00
0.000000000000000000e+00
0.000000000000000000e+00
0.000000000000000000e+00
0.000000000000000000e+00
0.000000000000000000e+00
0.000000000000000000e+00
0.000000000000000000e+00
0.000000000000000000e+00
0.000000000000000000e+00
0.000000000000000000e+00
0.000000000000000000e+00
0.000000000000000000e+00
0.000000000000000000e+00
0.000000000000000000e+00
1.552833077741172518e+00
7.183297195037288674e-05
6.910959572627842995e+00
6.380274062878658015e+01
9.301468209943676568e-02
1.596005709617229540e+00
2.505829177012881459e+01
2.742600957434854214e-02
1.497634777668512207e+01
4.016639116427194622e+00
9.374696513896789255e-11
3.678613967492301740e+00
4.609667738051046391e-10
2.571920414843162404e-11
0.000000000000000000e+00
0.000000000000000000e+00
1.359409799189100715e-12
4.200439214304772101e-03
5.710114820693615594e-17
1.530471215318755540e+01
1.779762267855252503e+03
2.189666598697238342e+00
0.000000000000000000e+00
1.944386103468880123e+01
1.132749802456562760e+00
1.715248340113672221e+00
2.784880031470010273e-02
6.995976802943808248e-02
5.637009532382003272e+02
1.158336478199548338e+02
2.379270118126781313e+02
1.473260230380579354e-11
6.928875113824104481e+00
1.247202336523610029e+02
1.177219438630265671e+02
2.022467635695479515e+01
5.131895669510226554e+01
7.449610857269846891e-14
1.108943978036857456e-11
9.299610451073194098e-10
1.485838729902642742e-09
3.767568365499081295e+01
5.542092208363872688e-09
6.467211840136687373e-01
1.586374672251279483e-01
7.947517953847692274e-02
1.905047023265343284e+02
1.815624537165849563e-13
9.996341605787298249e+03
3.500376307296411582e+00
4.651812267968631898e-01
7.489173214099082987e-01
2.398643532789564148e+01
9.061332937211666327e-02
9.061623957748377034e-01
1.163502224789674955e+01
4.072475238476134796e-01
1.100421573025240907e-01
6.548759050046590313e-02
3.959094790487249771e+00
2.474006535646152027e+00
9.382610056636328869e-03
1.824875217626110668e+02
1.502445416739532469e+01
4.004182107463383905e-02
5.164010507672062156e-01
7.215331110568184991e-01
2.066149544401463256e-01
2.106676786226012865e+01
2.863176667633254292e-13
8.785016511248792699e-11
3.426699470763763884e+02
0.000000000000000000e+00
4.686581230296721401e+01
3.495611847589211862e+01
1.889831858524538859e+02
1.814083006505613771e-01
6.911911563499932853e-01
6.507041325416540190e+01
0.000000000000000000e+00
1.575872318741427770e-11
2.637563654671056312e+01
2.055273567542064664e-10
4.354694405626093889e-01
1.014653228501461582e-10
4.798110727364052956e-04
1.598001009367929631e-02
1.946081585732493680e-01
9.238576020115834274e-17
5.585366037741723577e-02
0.000000000000000000e+00
6.572711040989943632e-01
1.350611098541983912e-01
5.575317183055875425e+00
4.158495173286198110e+00
2.022487123830026334e+01
3.474828776810863662e-15
8.445697919031365124e-15
4.338612999696944312e-11
1.054413063887409647e-10
8.919171729114958629e-14
1.480280973694298634e-03
1.016648767000216148e-03
9.074831083066207775e-04
1.503295340896037002e-01
2.339711516505527545e-03
4.879407460088352327e-02
0.000000000000000000e+00
1.018172018066454345e-13
6.166898913451063717e-13
7.471704413838056074e-04
9.391156308067115352e-14
4.680723131204152123e-13
0.000000000000000000e+00
1.256617838392675015e-12
4.088292864841544527e-02
1.671044657372161861e-04
8.563335342612790179e-04
1.759660203574380682e-04
1.115806470586066013e+02
4.841854737591481772e+00
2.941319101121530055e-01
8.290093414287397877e+00
1.703510519726157302e+00
5.412823526847824418e+00
0.000000000000000000e+00
0.000000000000000000e+00
0.000000000000000000e+00
0.000000000000000000e+00
5.961957787657649277e+01
6.652293709348560924e+01
0.000000000000000000e+00
0.000000000000000000e+00
0.000000000000000000e+00
0.000000000000000000e+00
0.000000000000000000e+00
2.958823231249328028e-03
3.090381130133357333e-03
1.264992133330171062e-03
1.499018031454499994e-03
4.187128052566813780e-03
5.376216566653199691e-03
5.376216566653199691e-03
5.376216566653199691e-03
5.376216566653199691e-03
3.252298242419041086e-02
3.794982358112791161e-06
1.104972512223567453e-02
5.376216566653199691e-03
5.376216566653199691e-03
5.376216566653199691e-03
5.376216566653199691e-03
5.376216566653199691e-03
5.376216566653199691e-03
5.376216566653199691e-03
5.376216566653199691e-03
5.376216566653199691e-03
5.376216566653199691e-03
5.376216566653199691e-03
5.376216566653199691e-03
5.376216566653199691e-03
5.717773419555999964e-04
9.420411206955300182e-03
4.703248135821100177e-03
1.498765032630679922e-02
2.770337121422000162e-04
2.087240296962000101e-04
6.324960666650855309e-04
2.139104062835785365e-03
3.998647404351815191e-03
2.449029608122514721e-03
0.000000000000000000e+00
4.762703355941657300e-03
3.047370337054343837e-03
3.396509707021056965e-03
1.081569972062099757e-03
9.474820849393723009e-04
2.227654991769350071e-02
4.399650043682258073e-03
7.589964716225611122e-06
5.172561450617856396e-03
8.068142920061791012e-03
7.894828795504156907e-03
3.948046894811788055e-02
3.748179561736827547e-03
6.324960666650855309e-04
1.137228720294085555e-03
1.184919693708635577e-02
1.944293975432270912e-03
1.989833267219513757e-03
2.101154735764841457e-03
2.153020487679457428e-03
2.023990590993499574e-05
4.979015364313429080e-03
3.596378867253591793e-01
1.398830397898338795e-02
1.264994119370919446e-06
0.000000000000000000e+00
5.090334350307872298e-03
2.529988238741870656e-06
1.264994119370919446e-06
3.288984710364429312e-05
1.920259583674428349e-03
0.000000000000000000e+00
1.727980974040285549e-03
4.800653676033014502e-03
4.342723322269828601e-03
3.162480333325427655e-04
3.162480333325427655e-04
1.759607813065313699e-03
2.656487650678970711e-05
0.000000000000000000e+00
8.045357634096427868e-04
2.732386304820785643e-03
2.098629712628015051e-03
4.457837290622371738e-03
1.891166704969657201e-03
0.000000000000000000e+00
0.000000000000000000e+00
2.642572715365800167e-03
1.401613980773157471e-03
1.697115614037852591e-02
1.611602508078500019e-03
5.035943575256428620e-03
3.595110308190957882e-03
3.736791139091128096e-03
6.108658091972769995e-03
0.000000000000000000e+00
4.111232377486072169e-03
1.223249809941856893e-03
2.933518880270213902e-03
5.768371694800827551e-03
3.162480333325427655e-04
0.000000000000000000e+00
6.696870923786585154e-03
8.691780055809728012e-03
9.851773208640382182e-03
2.029049574450585407e-03
2.390586333646371395e-02
5.435682213487786317e-03
3.843053127669212362e-03
4.718433030354571354e-04
2.834852814530614950e-03
6.051729384519513935e-03
1.810205591799385382e-03
6.846147181015085209e-03
6.868923033285572952e-04
1.264994119370919446e-06
1.011995295496748601e-05
1.185300681475026478e-02
1.813242421753242725e-02
4.411036976797386155e-03
6.895484930731723798e-03
3.275065802969741660e-03
1.769347423717186271e-02
2.580587010496285336e-03
1.579977655094299757e-03
9.484924914022882167e-03
4.352842778714571988e-03
3.219410530309157071e-03
3.817751755751242707e-03
1.788703174321071895e-03
2.909486474553155913e-05
1.945561452102657126e-03
4.819622629700427729e-04
5.059976477483741313e-06
1.929622128990460955e-02
0.000000000000000000e+00
6.324970596854693582e-06
5.059976477483741313e-06
4.933477065546644307e-05
6.325963617214519273e-06
4.633673459255699921e-03
1.770996732220571823e-04
1.707751991354144474e-04
3.364884357525999318e-04
0.000000000000000000e+00
