1.897392000000000053e+03
2.226003276656869616e+02
5.273512821998117772e+00
3.295903807603770588e+02
2.071388851432972800e+00
1.312948705067344557e-73
8.645304549542632496e-102
5.295453221742691063e+00
5.334504508178342874e+00
5.336892576250225950e+00
5.585069976058945507e+00
5.595043494486052538e+00
5.618081062453251562e+00
5.621246065588526797e+00
5.682496857154460734e+00
5.759174547155110346e+00
5.859393196589387287e+00
5.326750683006528320e+00
5.412938065839843382e+00
5.536041377674696840e+00
5.611715295120823122e+00
5.716912616367474165e+00
5.928714692526658503e+00
6.005566370256439690e+00
6.052942224103794899e+00
6.129505111899951508e+00
6.158379013578841210e+00
6.325034508538114331e-01
6.335672241108923686e+01
1.418112515000395213e+01
3.167635553859394571e-04
1.285041400158542354e-05
0.000000000000000000e+00
0.000000000000000000e+00
4.771604708598464839e+01
1.523923155356433483e+02
0.000000000000000000e+00
7.189188255633879088e+00
2.103705904349064237e+00
7.973171426280268861e+03
3.020305186850835266e+00
3.193006860923942869e-02
1.127999335642446340e+03
6.723769385796173337e-01
1.462570439214680995e+00
1.761082861435030011e+01
3.587172792952170397e+00
2.549790105137100249e-01
8.903589745817193091e-01
2.749724179898801690e+00
1.140883616028595249e+01
1.121534991739069786e+00
1.412967159833501967e+02
4.921166351137459571e+01
1.601839334855366559e+01
5.529828756012255297e+01
4.022260000484935816e+00
1.404116773149423381e+01
5.222133947518782016e+00
1.277853595087739214e+00
2.040367122861989913e+01
5.964461239093871159e-01
1.088072523449245494e+02
1.161009353523949805e+01
4.204718624556337048e+00
4.157534872269216919e+01
3.443723102054820018e+00
3.900665437245890654e+00
6.842013311344458115e-01
7.116750688489982224e+01
7.300655650361752569e-01
9.402911975539906209e+00
2.651894456152654556e+01
1.674039955015916803e+01
8.380644286911573260e-02
1.497720318032879916e-01
8.989544966799901886e+03
1.701928483539304704e+00
2.897665021082714620e+00
3.060821942673543350e-01
3.189263355449974829e-02
3.640118698255943169e-02
2.372135228363291860e-03
0.000000000000000000e+00
5.128514160142087164e+00
0.000000000000000000e+00
0.000000000000000000e+00
1.027871937671717140e+00
0.000000000000000000e+00
1.542235380237156761e+01
0.000000000000000000e+00
5.894227327090737888e-04
2.861967586313064488e-03
5.322009334576750042e-06
9.013886736524891319e+01
8.390193075119647265e-03
9.191178571706460699e-05
4.941304811357954740e+00
1.433706376210247217e-09
2.662815985468507148e-05
3.893346362510847937e-09
1.455536865680868175e+01
8.374375062783412837e-05
3.188138757939112224e+02
9.167869558257880486e-07
3.855987090340556311e-01
6.730261141338513653e+01
1.135464916127457380e-04
3.381324337337562332e-06
3.139526781901098573e+01
3.252990529869017895e-04
1.201388872443872629e+02
1.283234003533581628e-07
1.679400826547640228e-04
2.276491887667059059e-03
4.483816550837236292e+00
3.124773729340540873e-02
1.638629190050665155e-04
2.237654460490672449e-03
8.489779350584712629e-07
1.147515582242774814e-05
2.259942557263430899e+03
6.060685011842672631e-06
4.974801164724092055e-04
1.761330674392986111e+04
5.037540184400068205e-02
5.017070335371695000e-01
1.945331417407509434e+03
5.563794082124229670e-03
3.537202693183748303e-02
3.504797799321602431e-02
1.680279286848994358e-01
9.301258349857607937e-06
5.871293428708589390e-01
5.143423929289505972e-11
1.600075699096838249e-12
2.052939676082954056e-12
1.063120127131697394e-03
1.441493846775855361e-10
3.284122024711908505e-01
6.095748823691592655e+00
1.911784160428438740e-11
2.511217803595715974e-12
9.088207808180842964e-13
1.833430123292210129e-09
2.384299117819912490e-10
8.333534025368464045e-11
5.455203580875681251e-12
2.068935888824613488e-18
5.286110006078292774e-10
1.033155108534685589e-12
2.066931343325540313e-10
1.383092298229518349e-14
3.610869836411123132e-09
3.620678351365415621e-12
5.980654340635292240e-16
4.931859838072669977e-18
6.162242027247355184e-19
4.094159201229713354e-16
4.161218620449092303e-17
1.325434068062680025e-17
0.000000000000000000e+00
2.531185309687344187e+01
4.792978442293185282e+01
2.133856832629663243e-04
4.041308246467687805e-04
4.978102267548968342e-05
2.306970362073733515e-13
4.368605067893423156e-13
0.000000000000000000e+00
1.453421372998816530e+01
2.160543152310942679e-04
2.085416946771480262e+00
4.116775294831894610e-02
1.831727412029541049e-02
6.406785991621665177e-01
5.401097089011981042e-06
1.260029776489797036e-06
5.839203285288600131e-15
4.553342615246007269e-11
1.062255905287002287e-11
4.922683801965768368e-20
1.148420046615639837e-20
5.321983840261392920e-29
2.112413690349714546e-01
4.348933207704580237e-03
1.776549715942835173e+00
8.120659135035705745e-02
3.417409601035371874e-16
6.664943409408863571e-24
3.097611762972217614e-32
1.976521916147044278e-17
8.843641119425137680e-20
1.176680358218970159e-17
2.949196889929862716e-19
0.000000000000000000e+00
7.171472874764218972e-15
6.769144409954092719e-20
6.773451933698746019e-29
1.269908879752632962e-27
1.448253609199377985e-22
3.314084529318217093e-28
0.000000000000000000e+00
1.479912772514435754e-36
5.891617155457722243e-36
0.000000000000000000e+00
6.734620182251402329e-31
1.368629808980094369e-36
6.336846620137148454e-45
2.456895331767096745e-16
5.353190345688783749e-38
1.591220660625036464e-16
7.106732907824737260e-18
0.000000000000000000e+00
1.731948414558198470e-31
1.439306664561797025e-38
2.728537811892104999e-47
6.923556623878208913e-47
5.279330737076411863e-55
1.343598603351875555e-63
8.536721485224026779e-34
3.909388019208103476e-41
1.428777671900145500e-33
7.476010677701101273e-36
0.000000000000000000e+00
4.793722070712595595e+00
4.041283013320811040e-05
4.369093533881554742e-14
2.933703893505069044e-19
0.000000000000000000e+00
7.070260215587883398e-15
1.707509708179080839e-31
6.733282730839011789e-20
1.431490540364094691e-38
6.737402725598277705e-29
2.713866144262146213e-47
1.268800495221543991e-27
0.000000000000000000e+00
1.440356004389041172e-22
1.478433996760395616e-36
5.273480652107692971e-55
5.886505212647304024e-36
0.000000000000000000e+00
6.698938463965729922e-31
1.367318153322940530e-36
6.330857914409378041e-45
1.342302432829344292e-63
2.455005183725384886e-16
8.529500071593134682e-34
3.905143381861306375e-41
5.347410047073572311e-38
1.427078226970470646e-33
1.589414417295478905e-16
7.098940085334802463e-18
0.000000000000000000e+00
7.466763554350050103e-36
0.000000000000000000e+00
8.382147399839831728e-18
0.000000000000000000e+00
8.721053805616503542e-36
0.000000000000000000e+00
2.059807984221847394e-23
0.000000000000000000e+00
5.002475552591590260e-19
1.194239183456095486e-35
4.729645009336633513e-24
9.939643987941334660e-43
4.674140726152286338e-33
1.860332823165278105e-51
9.007128681193832994e-32
0.000000000000000000e+00
1.011179932258427149e-26
1.037268169383286867e-40
3.656699778661851601e-59
4.123975405995052288e-40
0.000000000000000000e+00
4.642668919233770605e-35
9.587855165467723751e-41
4.384101445801518753e-49
9.187278904191419599e-68
1.729875536900491501e-20
5.942681976497666993e-38
2.755602016795225849e-45
3.771700979473720730e-42
9.864220707696352312e-38
1.112827053687671227e-20
4.988611374922875626e-22
0.000000000000000000e+00
5.181201645766771838e-40
0.000000000000000000e+00
1.660811910757769294e-18
0.000000000000000000e+00
1.111496711646944932e-13
2.616159031191044085e-30
3.814634454790930330e-19
7.897721543236074481e-38
3.713925909434974701e-28
1.455752866874552267e-46
5.852369204124118501e-28
0.000000000000000000e+00
8.142178624254248804e-22
6.706257762901779122e-37
2.352870671100446677e-55
2.665252320534323209e-36
0.000000000000000000e+00
3.679262897021142987e-30
6.197714635990825023e-37
2.819941069151037963e-45
5.882677187671912729e-64
1.130229353877141890e-16
3.864064484811298768e-34
1.785491561283678312e-41
2.442548795824538720e-38
6.389883106762942704e-34
7.247174614092759561e-17
1.359306130463606233e-17
0.000000000000000000e+00
1.173533819016380461e-35
0.000000000000000000e+00
1.662277681138868345e-18
0.000000000000000000e+00
1.112462913291008780e-13
2.618463904814199576e-30
3.817999833324618090e-19
7.904785848013598791e-38
3.717249377856248060e-28
1.457074424089680021e-46
5.860710746235297677e-28
0.000000000000000000e+00
8.149370058671861885e-22
6.715897967453652372e-37
2.356281700640126150e-55
2.669087202397417447e-36
0.000000000000000000e+00
3.682561662730204090e-30
6.206627143235564750e-37
2.824032711916100475e-45
5.891284759215356962e-64
1.131841672563891631e-16
3.869622123539515575e-34
1.788047865674018470e-41
2.446047544388328259e-38
6.399128627783938406e-34
7.257563545634889449e-17
1.359417999181126499e-17
0.000000000000000000e+00
1.173647116061326213e-35
0.000000000000000000e+00
1.689722130334058554e-17
0.000000000000000000e+00
1.456743117982309967e-35
0.000000000000000000e+00
9.557675581745635727e-23
0.000000000000000000e+00
2.559689312596991240e-18
6.177978195390980162e-35
1.950101980967398934e-23
4.143227397516599540e-42
2.681232386006682782e-32
1.079563015055968043e-50
3.215408182051512084e-31
0.000000000000000000e+00
4.171387357247276743e-26
4.814986835810566402e-40
1.716755076392700450e-58
2.130047317357195872e-39
0.000000000000000000e+00
2.665502921396838422e-34
4.452749625883771714e-40
2.747732807659874272e-48
5.823499106907903849e-67
1.777242044198078833e-20
6.172673355447330904e-38
1.413065645213602111e-45
1.935244937213638136e-42
4.129677509847102652e-37
4.601583175222141725e-20
1.516929620687244751e-21
0.000000000000000000e+00
1.577809578974739962e-39
0.000000000000000000e+00
5.419250059490629077e-22
0.000000000000000000e+00
4.029748042474110830e-17
9.484918148269036394e-34
1.106424022249421532e-22
2.290710524879020955e-41
1.481159658410341655e-31
5.805751540048560749e-50
1.486087684314225731e-31
0.000000000000000000e+00
2.361615945211743492e-25
2.189448376411152831e-40
7.681653083215909775e-59
9.668357520979894300e-40
0.000000000000000000e+00
1.467343746159609620e-33
2.023431354069473889e-40
1.227539213750966378e-48
2.560767097682508473e-67
8.199950469545758190e-21
2.803423729472219820e-38
6.476647473623917784e-46
8.860040124734776649e-43
1.854278710745700496e-37
2.103057405966988576e-20
3.060384888077408665e-21
0.000000000000000000e+00
2.638390447805905919e-39
0.000000000000000000e+00
4.680022411853924370e-20
0.000000000000000000e+00
1.127098882874842560e-15
2.722980994592842350e-32
8.055686908541911561e-21
1.711501932551976331e-39
8.057870620863786701e-30
3.245073737071751366e-48
1.517988133651399983e-28
0.000000000000000000e+00
1.723316365206247492e-23
1.178842074592725341e-37
4.203876385867386028e-56
7.041178942853106433e-37
0.000000000000000000e+00
8.012846646801326889e-32
1.090360075528814550e-37
5.047277432020247339e-46
1.069889913277784287e-64
3.916383999760336976e-17
1.360375827134203661e-34
7.785388168735473929e-42
1.066022677374361978e-38
1.137651134598295600e-34
3.802274637295485402e-17
5.013867157071616208e-19
0.000000000000000000e+00
5.214950215027780108e-37
0.000000000000000000e+00
6.862052685109278884e-20
0.000000000000000000e+00
8.268848236373874012e-16
1.993857216415459977e-32
3.939862640989710479e-20
8.360608453300173579e-39
1.572213378974938871e-29
6.321572637088075031e-48
8.900961027332323682e-28
0.000000000000000000e+00
8.395287389177528322e-23
1.035102316270688822e-36
3.685659381486348551e-55
2.060558154974138323e-36
0.000000000000000000e+00
1.564818355306825893e-31
9.579402431593152020e-37
2.210310472556499560e-45
4.687602290730720246e-64
8.622069962241071304e-17
2.990263275694147430e-34
1.356561996589209458e-41
1.858136453852942076e-38
1.163914232619933859e-33
1.484530692013585663e-16
5.106635571012693090e-18
0.000000000000000000e+00
5.302353995573574955e-36
0.000000000000000000e+00
5.495316795675453270e-20
0.000000000000000000e+00
6.621779825880193370e-16
1.598931075665305629e-32
3.153625284099554838e-20
6.703441242761552778e-39
1.261809684759772297e-29
5.082489869331387421e-48
7.131124410425048450e-28
0.000000000000000000e+00
6.746050993377944726e-23
8.306694451972480536e-37
2.962867811484052909e-55
1.653906949239568491e-36
0.000000000000000000e+00
1.254740757573646633e-31
7.683279805559730021e-37
1.778453195003498478e-45
3.770121483163109168e-64
6.898773740581273291e-17
2.396470442366353427e-34
1.096435715479972829e-41
1.501433181220399595e-38
9.347610930018315652e-34
1.190045425754546753e-16
4.121353470460282049e-18
0.000000000000000000e+00
4.287183736807592923e-36
0.000000000000000000e+00
9.388794590760435044e-22
0.000000000000000000e+00
6.981485283221256989e-17
1.643230456311801755e-33
1.916880474060918225e-22
3.968609639963877341e-41
2.566062505349343258e-31
1.005821420788914758e-49
2.574650314721213643e-31
0.000000000000000000e+00
4.091497383626510872e-25
3.793155514015310872e-40
1.330816000410344297e-58
1.675022737427862905e-39
0.000000000000000000e+00
2.542138043786213428e-33
3.505555359746783453e-40
2.126660510062730744e-48
4.436368477815468281e-67
1.420641588077422540e-20
4.856875700751149360e-38
1.122018941377074028e-45
1.534918472629362053e-42
3.212317096558885552e-37
3.643344846372367894e-20
5.302065646100018015e-21
0.000000000000000000e+00
4.570931621065171411e-39
0.000000000000000000e+00
8.362344986985848643e-21
0.000000000000000000e+00
2.239562244909704752e-16
5.405325565037744119e-33
1.706212761469341097e-21
3.625051814560388474e-40
2.345902140304067280e-30
9.445461055066364570e-49
2.813273668148267046e-29
0.000000000000000000e+00
3.649693160300076904e-24
4.212798525618297000e-38
1.502047460438374532e-56
1.863651942319391381e-37
0.000000000000000000e+00
2.332139332907184071e-32
3.895864183287098513e-38
2.404084665327222208e-46
5.095173884434643350e-65
1.554971123318365069e-18
5.400684823777529036e-36
1.236339930121222359e-43
1.693213011546763274e-40
3.613195666846058614e-35
4.026084776793775266e-18
1.327214593932264960e-19
0.000000000000000000e+00
1.380480012956955149e-37
0.000000000000000000e+00
4.252953433422465635e-19
0.000000000000000000e+00
1.024210420476797525e-14
2.474458622702988393e-31
7.320558322418321301e-20
1.555266774099480791e-38
7.322427514316266236e-29
2.948866089477930747e-47
1.379462714825345056e-27
0.000000000000000000e+00
1.566057323932085903e-22
1.071251072702719048e-36
3.820153138297019974e-55
6.398572415414551131e-36
0.000000000000000000e+00
7.281556197086441639e-31
9.908497661431650517e-37
4.586592900765140539e-45
9.722259918183312131e-64
3.558998968508618361e-16
1.236223571361499448e-33
7.074898228830790194e-41
9.687355047317031668e-38
1.033813679428799734e-33
3.455273262265826188e-16
4.556310888147552648e-18
0.000000000000000000e+00
4.738973759925842930e-36
0.000000000000000000e+00
6.791514251869579938e-19
0.000000000000000000e+00
8.183849812566319817e-15
1.973342298207553000e-31
3.899376618965511419e-19
8.274597006154892330e-38
1.556028053404397294e-28
6.256417303360758885e-47
8.809438984735430356e-27
0.000000000000000000e+00
8.308790705117676814e-22
1.024446960270658993e-35
3.647675161773024121e-54
2.039344368263556551e-35
0.000000000000000000e+00
1.548718994227838992e-30
9.480828354995553237e-36
2.187517208064126158e-44
4.639276479134765687e-63
8.533491625839971254e-16
2.959509367485801327e-33
1.342529678411772537e-40
1.838919419522699611e-37
1.151926594516967297e-32
1.469260083837256615e-15
5.054160428019521869e-17
0.000000000000000000e+00
5.247853990932793204e-35
0.000000000000000000e+00
0.000000000000000000e+00
0.000000000000000000e+00
0.000000000000000000e+00
0.000000000000000000e+00
0.000000000000000000e+00
0.000000000000000000e+00
0.000000000000000000e+00
0.000000000000000000e+00
0.000000000000000000e+00
0.000000000000000000e+00
0.000000000000000000e+00
0.000000000000000000e+00
0.000000000000000000e+00
0.000000000000000000e+00
0.000000000000000000e+00
0.000000000000000000e+00
0.000000000000000000e+00
0.000000000000000000e+00
0.000000000000000000e+00
0.000000000000000000e+00
0.000000000000000000e+00
0.000000000000000000e+00
0.000000000000000000e+00
0.000000000000000000e+00
0.000000000000000000e+00
0.000000000000000000e+00
0.000000000000000000e+00
0.000000000000000000e+00
0.000000000000000000e+00
1.559654669430841079e+00
7.183297578504251556e-05
6.002037388619616998e+00
7.225436011661255975e+01
9.418494621031674174e-02
1.781514288104411703e+00
2.034665225796209498e+01
2.972081471747871698e-02
1.428657197123888523e+01
4.105569425373661652e+00
1.143121860659725644e-10
3.279350264268487081e+00
2.721554980856040873e-10
3.106422917672361491e-11
0.000000000000000000e+00
0.000000000000000000e+00
1.011941711390764538e-12
4.200439758940404701e-03
4.250597828049097043e-17
1.654898155874927212e+01
1.749871874926996497e+03
1.936548600083785709e+00
0.000000000000000000e+00
2.300114969372106444e+01
1.215579015990857048e+00
1.989465440318733958e+00
2.294262204663755772e-02
7.325617405858964037e-02
4.417017849002365892e+02
1.144035279572316455e+02
2.962957318212286282e+02
1.100193942723805503e-11
7.638291178733595643e+00
1.374896230885578063e+02
1.232787312228422252e+02
2.334747798837710775e+01
5.925504119693614768e+01
8.174993761185996572e-14
1.461413929596637347e-11
1.458967805225622840e-09
2.604396035543951117e-09
2.244902392164528848e+01
5.833688077232061425e-09
6.467212054104850560e-01
1.504105914338677019e-01
7.523931398490525668e-02
2.094665514356791789e+02
1.351436309236514683e-13
9.996359406610959923e+03
3.490035855684684218e+00
4.698114367545841441e-01
7.800063623254493983e-01
2.463318008553483907e+01
7.957599970511848586e-02
7.958118378497620604e-01
9.772561831468026483e+00
3.410369495631480063e-01
9.013775397800409539e-02
6.251560930187621823e-02
4.313005242059517741e+00
2.653537177501398503e+00
8.242237179217773782e-03
1.945775658990868635e+02
1.406515502143270524e+01
3.487331850389677884e-02
4.940426825637777020e-01
7.108381269438152072e-01
1.722375487879165001e-01
2.127654591597421430e+01
2.152563277950086886e-13
6.594027969184831322e-11
3.420894874598525348e+02
0.000000000000000000e+00
3.635939381950296223e+01
3.094138077772659656e+01
2.083280381487623174e+02
2.048350270259141070e-01
7.113061000843888815e-01
6.087197388466208992e+01
0.000000000000000000e+00
8.283163462747320134e-12
2.280356821651268362e+01
2.145531140601236740e-10
3.361664239386544240e-01
9.458991766273091947e-11
4.589424532037581568e-04
1.783740180337402281e-02
2.302155823114360733e-01
6.761686189317439409e-17
5.341314405203997223e-02
0.000000000000000000e+00
5.392884676306406444e-01
1.396791002709487084e-01
5.386557372896503715e+00
4.583893357819567527e+00
2.334759042031563325e+01
4.403113136393177366e-15
1.021726393477108753e-14
7.856893531568778643e-11
1.823037423874051883e-10
6.694158552832425749e-14
1.490598533024937869e-03
8.867028081424959112e-04
7.972791788855600323e-04
1.407690493948451083e-01
1.965818648210766132e-03
5.146031519482302530e-02
0.000000000000000000e+00
9.493378464572921840e-14
6.439755368703563148e-13
7.409511460756977629e-04
1.159384553431164169e-13
3.093840233093143596e-13
0.000000000000000000e+00
1.825875744851259777e-12
3.687400339879447903e-02
1.359516626837488178e-04
5.459088627638896329e-04
1.413938193719465328e-04
1.150371857534040032e+02
3.857321851962307147e+00
3.957003255947488807e-01
8.739039385965343243e+00
2.263466430944313768e+00
6.142824497069018008e+00
0.000000000000000000e+00
0.000000000000000000e+00
0.000000000000000000e+00
0.000000000000000000e+00
5.866131103336226715e+01
6.748120393669924511e+01
0.000000000000000000e+00
0.000000000000000000e+00
0.000000000000000000e+00
0.000000000000000000e+00
0.000000000000000000e+00
5.172559464577127820e-03
6.569109496791327753e-03
0.000000000000000000e+00
1.182769998121957229e-03
5.452120185896985709e-03
5.376216566653199691e-03
5.376216566653199691e-03
5.376216566653199691e-03
5.376216566653199691e-03
2.113805322421886956e-02
3.794982358112791161e-06
1.199846922223330239e-02
5.376216566653199691e-03
5.376216566653199691e-03
5.376216566653199691e-03
5.376216566653199691e-03
5.376216566653199691e-03
5.376216566653199691e-03
5.376216566653199691e-03
5.376216566653199691e-03
5.376216566653199691e-03
5.376216566653199691e-03
5.376216566653199691e-03
5.376216566653199691e-03
5.376216566653199691e-03
5.717773419555999964e-04
9.420411206955300182e-03
4.703248135821100177e-03
1.498765032630679922e-02
2.770337121422000162e-04
2.087240296962000101e-04
7.286376057780148512e-04
1.822856029503242600e-03
6.528631671012156447e-03
1.816533541457429190e-03
5.009371747606427162e-04
2.865215155946401141e-03
2.731122303721801071e-03
3.712757740353599730e-03
2.346562105392270819e-03
1.263730118271915066e-03
2.132780581769587111e-02
6.929634310342599329e-03
0.000000000000000000e+00
2.326329150624970206e-03
1.217936735338485434e-02
8.211076828836700106e-03
4.612167764810128079e-02
6.910659895062258237e-03
1.323182359331328368e-03
1.884846202964572583e-04
8.054220537095840848e-03
9.955498754346426161e-04
6.324960666650855309e-04
1.152410635767213160e-03
2.469268521012000193e-03
2.023990590993499574e-05
3.714023230983258452e-03
4.200412610918748402e-01
1.746703234564135968e-02
1.264994119370919446e-06
0.000000000000000000e+00
4.774086316975329099e-03
2.529988238741870656e-06
1.264994119370919446e-06
3.288984710364431345e-05
1.604011550341885584e-03
0.000000000000000000e+00
1.411732940707742783e-03
3.851909576035385772e-03
3.077731188939657539e-03
1.505343002051000019e-04
2.127718619251328398e-03
1.759607813065313699e-03
2.656487650678969017e-05
0.000000000000000000e+00
0.000000000000000000e+00
1.467394171490614581e-03
2.731125779293101883e-03
4.141589257289829407e-03
1.891166704969657201e-03
5.059976477483741313e-06
6.957467656540150319e-05
2.958820748698342065e-03
2.666606114103328533e-03
1.444117187371818552e-02
2.876594641408670647e-03
5.984687675254058217e-03
2.330118174860785520e-03
2.788047039093499366e-03
6.108658091972770862e-03
6.324960666650855309e-04
6.008720577481328762e-03
2.171993909939485407e-03
1.352278713607500075e-03
5.768371694800827551e-03
5.617693569571407250e-19
1.264992133330172363e-03
1.004406323800816243e-03
1.786297302245347038e-02
7.954285008645124722e-03
2.977793674448213704e-03
2.896583186978439819e-02
7.333170413483041175e-03
5.108045260999384725e-03
1.555952697029143700e-04
4.099844947860785578e-03
6.051729384519513935e-03
5.452134584692143199e-04
5.264907014352370948e-03
6.868923033285572952e-04
1.264994119370919446e-06
1.011995295496748601e-05
2.102419978139401235e-02
1.623493601753716806e-02
5.043533043462471686e-03
7.527980997396817135e-03
7.450815363093994280e-04
1.959096243716712885e-02
1.315594877166114708e-03
6.312335550966716776e-04
7.903684747360167906e-03
2.455354578719314528e-03
3.535658563641700270e-03
3.501503722418699942e-03
2.421199240986157426e-03
2.909486474553155913e-05
2.894305552100286290e-03
1.657142296375000074e-04
5.059976477483741313e-06
1.866372522323952662e-02
0.000000000000000000e+00
6.324970596854693582e-06
5.059976477483741313e-06
4.933477065546644307e-05
1.271318096947385680e-03
4.633673459255699921e-03
8.095957398871426319e-04
8.032712658005000325e-04
6.527364690851426973e-04
0.000000000000000000e+00
