1.897392000000000053e+03
1.950324340253983735e+02
7.056357988845275209e+00
1.719658660024843186e+02
7.868152086235744580e-01
1.620945129583420271e-77
1.861191888165465507e-102
7.053326319708847159e+00
7.049145102527901052e+00
7.048893799258352466e+00
7.031421349621632899e+00
7.030729785688820677e+00
7.029163849655957641e+00
7.028949240938494825e+00
7.024653426539831713e+00
7.018697117049656597e+00
7.009670393588359971e+00
7.050248971462491632e+00
7.043827777611947560e+00
7.036261595887100206e+00
7.031432632477993216e+00
7.023381438095530171e+00
7.001810591073612144e+00
6.993377036291625437e+00
6.987994766214896458e+00
6.979216061862888232e+00
6.975921193342369264e+00
8.834804758451296758e-01
6.615914354455675550e+01
1.671918273560190116e+01
2.023996109907496373e-04
1.190453759142470973e-05
0.000000000000000000e+00
0.000000000000000000e+00
3.912635737512092504e+01
1.521898440375090331e+02
0.000000000000000000e+00
6.704941314339206926e+00
1.613407989755420990e+00
7.970492567081818379e+03
3.221649098821248280e+00
3.351833857137064693e-02
1.128583630892652081e+03
6.391971101957729662e-01
1.490401541579698064e+00
1.848521476960454635e+01
3.781481960604361259e+00
2.549161032748102351e-01
8.897782678027735814e-01
2.747450364075143092e+00
1.140870365191733704e+01
1.121977050311631530e+00
1.412898887374911112e+02
4.924552233040340354e+01
1.602149045622633139e+01
5.529829348871189865e+01
4.022808698364758406e+00
1.404430799848041289e+01
5.210071253391215684e+00
1.276615418302224025e+00
2.042770683464070203e+01
5.945057971771373628e-01
1.088111029344969722e+02
1.158506028617398265e+01
4.204802205490798528e+00
4.150831943726309703e+01
3.443667431113032418e+00
3.900613185875581035e+00
6.841934271918930222e-01
7.116751012155474143e+01
7.300565249998730577e-01
9.402900145205638438e+00
2.651894921251903980e+01
1.674039722301245448e+01
8.391158850754941445e-02
1.497720318032879916e-01
8.991132267006230904e+03
1.818546603130213990e+00
2.899417680499423167e+00
3.240415104442396776e-01
3.188108200459015273e-02
3.633977196443929220e-02
2.373527443662583943e-03
0.000000000000000000e+00
5.234940498419658361e+00
0.000000000000000000e+00
0.000000000000000000e+00
8.202829329644865108e-01
0.000000000000000000e+00
1.608507203233785532e+01
0.000000000000000000e+00
6.058756842628235627e-04
2.861808915897364001e-03
5.469050315705595542e-06
8.687595790218801994e+01
8.310858839102690937e-03
8.228441225486795218e-05
4.895470305715090120e+00
1.271635652802456507e-09
2.367612802340178743e-05
3.610476302632178236e-09
1.610825555617353544e+01
8.297029546941208018e-05
3.225013041469242125e+02
8.302562123653980438e-07
3.771847397891743836e-01
6.481935528858005569e+01
1.124825107277389478e-04
2.515452449134991302e-06
4.274170335177444713e+01
3.294234040137097148e-04
1.135814177037322281e+02
9.025320785245101076e-08
1.101568408972598172e-04
1.482705600829536258e-03
6.103741445507650631e+00
2.776532899310322350e-02
6.951241300286707539e-05
1.309540333820492395e-03
1.527899848352419064e-07
2.913458561913496299e-06
2.259984494296545563e+03
1.090808406259231257e-06
1.296989044730163711e-04
1.743299648023846385e+04
1.299940429226761028e-02
1.303257812386179049e-01
1.844642871523288704e+03
1.375509461199638178e-03
9.941610819607607508e-03
9.134383507884856826e-03
2.008128882068342946e-01
2.897172578850574633e-06
3.428711883251683856e-01
6.873516391973463266e-11
1.032250695755742506e-12
1.278987848459942329e-12
4.282910069670451824e-04
1.024812512256267303e-10
1.500281692347223972e-01
6.090070857409750182e+00
1.454244592360506791e-11
2.694344263762595527e-12
1.548284192805599393e-12
1.886549865769083151e-09
3.497635097189194391e-10
1.909715025364672772e-10
4.900019732059964515e-12
1.756964071043943203e-18
6.469681828109925202e-10
9.396055418426543131e-13
1.884328716409268085e-10
1.416134914514718942e-14
2.786373060091145945e-09
2.788546012298511634e-12
5.207122893408751756e-16
4.929540883692017391e-18
6.159063371789333610e-19
2.473199943421617859e-16
6.698996899611752548e-17
1.324811750241648698e-17
0.000000000000000000e+00
3.443680075155379683e+01
6.602324158996604808e+01
2.103303557404047450e-04
4.033154462793923575e-04
4.887906526581069759e-05
2.275690955720252328e-13
4.363149163816986509e-13
0.000000000000000000e+00
1.468847165610785588e+01
2.160543034195233137e-04
1.757069816387983874e+00
5.008865637759365996e-02
2.629278244530809747e-03
1.185878439836834053e+00
7.243011646433410712e-06
1.683216144676624049e-06
7.836558257392029790e-15
4.423894614540622140e-11
1.028076606938879546e-11
4.786421665137211965e-20
1.112324902299919382e-20
5.178656897569026016e-29
2.157502977514024478e-01
3.087307127093660754e-03
1.176925733038266753e+00
3.486141413270212736e-02
2.936274472659899017e-16
4.654148201100586584e-24
2.201081348071448352e-32
1.976706943984247080e-17
5.342650737483955439e-20
1.900177843396565133e-17
2.418918239627693335e-19
0.000000000000000000e+00
8.348634334232803726e-15
5.444501535878647157e-20
5.713119709432772717e-29
8.724254803250541516e-28
1.366508280832034780e-22
2.271835023297599571e-28
0.000000000000000000e+00
1.013981757527699834e-36
4.123619741602273026e-36
0.000000000000000000e+00
6.480593668602330880e-31
9.533183648434755832e-37
4.440334105060987433e-45
2.483154077228357507e-16
1.916709257061281111e-38
2.169905900119221722e-16
4.247527897858075188e-18
0.000000000000000000e+00
1.648018778486998367e-31
1.141629429493722635e-38
2.207642382216361330e-47
4.451268687903434352e-47
3.504557650218360927e-55
8.782256400434411198e-64
8.580428479000532708e-34
1.426789194521894054e-41
3.250673836174055918e-33
4.348533048017160582e-36
0.000000000000000000e+00
6.603299305749874115e+00
4.033152959958795640e-05
4.363664412651757103e-14
2.404293959368321360e-19
0.000000000000000000e+00
8.212928983114512890e-15
1.621243396644622594e-31
5.411213522982152820e-20
1.134487169267696923e-38
5.678200526458408056e-29
2.194021104217250469e-47
8.715656034028688121e-28
0.000000000000000000e+00
1.357933849090245974e-22
1.012837767300285539e-36
3.500162910244609988e-55
4.119631660693545043e-36
0.000000000000000000e+00
6.441154212120443239e-31
9.522863395614531815e-37
4.435648641764376658e-45
8.772805141923290021e-64
2.481046663869999217e-16
8.572335404021026559e-34
1.425115753533957842e-41
1.914428283309410662e-38
3.246596966838992045e-33
2.167273420430900713e-16
4.242344650163583708e-18
0.000000000000000000e+00
4.342633303695851611e-36
0.000000000000000000e+00
4.934681956770910757e-18
0.000000000000000000e+00
4.996715946464501218e-36
0.000000000000000000e+00
1.688825231644054944e-23
0.000000000000000000e+00
5.838455149312663370e-19
1.140711360078640019e-35
3.797225956653950772e-24
7.875634951747324749e-43
3.949155101580039525e-33
1.508773858577976193e-51
6.185676447095674935e-32
0.000000000000000000e+00
9.545752943094198864e-27
7.103882103545931941e-41
2.425947859073020968e-59
2.889104255054280983e-40
0.000000000000000000e+00
4.474178785136175746e-35
6.676129037203516429e-41
3.074842950693010062e-49
6.009366950293161117e-68
1.750943971373894126e-20
5.975884961367107008e-38
1.009596449326823634e-45
1.355214838285867210e-42
2.257756875400059302e-37
1.522811299329081344e-20
2.981672165506308186e-22
0.000000000000000000e+00
3.018214526652457530e-40
0.000000000000000000e+00
1.562972234773072997e-18
0.000000000000000000e+00
1.498131648893301601e-13
2.888874636340442865e-30
3.508899038434846814e-19
7.178698808758014059e-38
3.609667868024379402e-28
1.360367414437487022e-46
4.486771260564486332e-28
0.000000000000000000e+00
8.842032890838424627e-22
5.127189051124495753e-37
1.742375857153758870e-55
2.085697746294867661e-36
0.000000000000000000e+00
4.084313054862870881e-30
4.818078124875435000e-37
2.209307617780307410e-45
4.297681398104750178e-64
1.278555863988488595e-16
4.341306292872563391e-34
7.316403902491124329e-42
9.817626775107977384e-39
1.637546264960537066e-33
1.109234926792698222e-16
9.463638070886371669e-18
0.000000000000000000e+00
7.879549367886299489e-36
0.000000000000000000e+00
1.564354292167646918e-18
0.000000000000000000e+00
1.499431306727632181e-13
2.891411496544782630e-30
3.512005821995798098e-19
7.185136481806538357e-38
3.612897053407759545e-28
1.361600490787352791e-46
4.493172645252357930e-28
0.000000000000000000e+00
8.849844876057830684e-22
5.134566931735541274e-37
1.744904775781727414e-55
2.088698819015880435e-36
0.000000000000000000e+00
4.087971721663451791e-30
4.825013119298684927e-37
2.212513300106690405e-45
4.303971018558280762e-64
1.280378846781301736e-16
4.347551323289794803e-34
7.326856906512209870e-42
9.831661176535657734e-39
1.639906725709441733e-33
1.110821968927601890e-16
9.464377911544278119e-18
0.000000000000000000e+00
7.880276265895514714e-36
0.000000000000000000e+00
1.168375639010341891e-17
0.000000000000000000e+00
9.714534395491926800e-36
0.000000000000000000e+00
8.946024783637318666e-23
0.000000000000000000e+00
3.396224374583242169e-18
6.700521951667016364e-35
1.789817746345857942e-23
3.750245080601708038e-42
2.581067632327333745e-32
9.969343723016074471e-51
2.522575587946221190e-31
0.000000000000000000e+00
4.491620173338208606e-26
3.767431403921362716e-40
1.301431014036508980e-58
1.702623099676541067e-39
0.000000000000000000e+00
2.927426836426651770e-34
3.541927939507425702e-40
2.198920101855933406e-48
4.347298944465156427e-67
2.051451686181333105e-20
7.085544692441550202e-38
5.891018136955970338e-46
7.913973808346545552e-43
1.073275242841469775e-36
7.167196729766123172e-20
1.019947828952440931e-21
0.000000000000000000e+00
1.032540990830501869e-39
0.000000000000000000e+00
5.823223522867792087e-22
0.000000000000000000e+00
6.201734818792878208e-17
1.195891729004730966e-33
1.162071567260808091e-22
2.377429705078045109e-41
1.643726553462962482e-31
6.194707835563927263e-50
1.300888196948731779e-31
0.000000000000000000e+00
2.928290357449603971e-25
1.911293815082170716e-40
6.495195727090137060e-59
8.638917347692077277e-40
0.000000000000000000e+00
1.859874660547263244e-33
1.796074272770780534e-40
1.098108685466348943e-48
2.136108434700383305e-67
1.059150589342813300e-20
3.596320363880542625e-38
3.030291987552285863e-46
4.066242910482711347e-43
5.425881584905713402e-37
3.675363669468424578e-20
2.416230683141395682e-21
0.000000000000000000e+00
2.008969955295156552e-39
0.000000000000000000e+00
4.212620908856003881e-20
0.000000000000000000e+00
1.438086438268004522e-15
2.839872312835744271e-32
7.110351850492349863e-21
1.489754311640282059e-39
7.459113489071810759e-30
2.881580303731700936e-48
1.145267050488004271e-28
0.000000000000000000e+00
1.784482550670791979e-23
8.870021869068226646e-38
3.064579636602834819e-56
5.412358144164098060e-37
0.000000000000000000e+00
8.462371439713254728e-32
8.340620856489797111e-38
3.884112380318517535e-46
7.680063311589938980e-65
4.347259435620189639e-17
1.501661055143756597e-34
3.120954545139262891e-42
4.192051517184521984e-39
2.843006230003267996e-34
5.694892906952470924e-17
3.241969267742934636e-19
0.000000000000000000e+00
3.281791299660882509e-37
0.000000000000000000e+00
6.589217651129531075e-20
0.000000000000000000e+00
1.125935006001096854e-15
2.219499443342773866e-32
3.709035453486589559e-20
7.762560574715991203e-39
1.552974058615532740e-29
5.990336002572065731e-48
7.163975978633314931e-28
0.000000000000000000e+00
9.274665531538452322e-23
8.308588180882706794e-37
2.866183940275415878e-55
1.689925008133646084e-36
0.000000000000000000e+00
1.763370257336619128e-31
7.816969757917187661e-37
1.814795680577811727e-45
3.590059659988916213e-64
1.021230040659354373e-16
3.521551536664262522e-34
5.806206382811172278e-42
7.798826071784820591e-39
3.105613862086234058e-33
2.373200691157558677e-16
3.522549978851162009e-18
0.000000000000000000e+00
3.560405234167151406e-36
0.000000000000000000e+00
4.037707438560683144e-20
0.000000000000000000e+00
6.896486795782083167e-16
1.361167893717455187e-32
2.272164193439487903e-20
4.762934922988836703e-39
9.534416602416517615e-30
3.683957535939991675e-48
4.391717710481222321e-28
0.000000000000000000e+00
5.702076755711472260e-23
5.101941295994087419e-37
1.763078699718538790e-55
1.037738254773262361e-36
0.000000000000000000e+00
1.081665355302880018e-31
4.797482866734012627e-37
1.117153179198205566e-45
2.209110324342040168e-64
6.250802284198762319e-17
2.159342464876829729e-34
3.587657943035009562e-42
4.819423466030612342e-39
1.906740837016067532e-33
1.454903659083532232e-16
2.175273009431128696e-18
0.000000000000000000e+00
2.202252738888727944e-36
0.000000000000000000e+00
9.459083967545048471e-22
0.000000000000000000e+00
1.007394515187081235e-16
1.942556600287789724e-33
1.887646411968973243e-22
3.861807005798136856e-41
2.669996814618381069e-31
1.006235322241828770e-49
2.113143005845797115e-31
0.000000000000000000e+00
4.756666730074215300e-25
3.104620040733910780e-40
1.055043920612880452e-58
1.403275706084729095e-39
0.000000000000000000e+00
3.021113101273924443e-33
2.917479210870857009e-40
1.783708197374161176e-48
3.469735750951729973e-67
1.720469661923514072e-20
5.841739921262050321e-38
4.922110908176495409e-46
6.604803352848837425e-43
8.813161837048321171e-37
5.969890371130614570e-20
3.924865043526712006e-21
0.000000000000000000e+00
3.263295885343401685e-39
0.000000000000000000e+00
7.338693968259111649e-21
0.000000000000000000e+00
2.786026290648038199e-16
5.496637491599408050e-33
1.468241604448007702e-21
3.076436578430309636e-40
2.117326067060418999e-30
8.178142459860629987e-49
2.069345177445724344e-29
0.000000000000000000e+00
3.684611946935298684e-24
3.090536092820866044e-38
1.067601917467642801e-56
1.396712372595670091e-37
0.000000000000000000e+00
2.401454167032393826e-32
2.905548522667751912e-38
1.803838333045264042e-46
3.566213990869503308e-65
1.682867663159406915e-18
5.812482731767471357e-36
4.832578944768084069e-44
6.492070548722338782e-41
8.804394189039867216e-35
5.879466659231031738e-18
8.366938139730376538e-20
0.000000000000000000e+00
8.470240712259532018e-38
0.000000000000000000e+00
3.828189738570066146e-19
0.000000000000000000e+00
1.306808020356095589e-14
2.580681666243207982e-31
6.461458008668051147e-20
1.353755424133059638e-38
6.778304932809843252e-29
2.618547994310499963e-47
1.040750594755776450e-27
0.000000000000000000e+00
1.621636743893500343e-22
8.060437586164717935e-37
2.784838318842960441e-55
4.918389785229020736e-36
0.000000000000000000e+00
7.690038270208355501e-31
7.579394409591149836e-37
3.529583836685619666e-45
6.978973029584826744e-64
3.950546757614087689e-16
1.364610187810706336e-33
2.836145774908370413e-41
3.809475718771460972e-38
2.583520371318746987e-33
5.175166750340259209e-16
2.946101850488729767e-18
0.000000000000000000e+00
2.982249859343458037e-36
0.000000000000000000e+00
6.521459451605496649e-19
0.000000000000000000e+00
1.114360181818538675e-14
2.196663307119450720e-31
3.670902496037161272e-19
7.682667015296472203e-38
1.536983898893672108e-28
5.928586936612729450e-47
7.090287782983389846e-27
0.000000000000000000e+00
9.179080431324171796e-22
8.223028426782220111e-36
2.836634144153216576e-54
1.672522500455296329e-35
0.000000000000000000e+00
1.745224515470075469e-30
7.736501829508310597e-36
1.796076236807806462e-44
3.553038283455887452e-63
1.010736510745668965e-15
3.485322546926602997e-33
5.746162040617968616e-41
7.718169267125280916e-38
3.073636168343103691e-32
2.348788999787068923e-15
3.486341272903879019e-17
0.000000000000000000e+00
3.523799230406801232e-35
0.000000000000000000e+00
0.000000000000000000e+00
0.000000000000000000e+00
0.000000000000000000e+00
0.000000000000000000e+00
0.000000000000000000e+00
0.000000000000000000e+00
0.000000000000000000e+00
0.000000000000000000e+00
0.000000000000000000e+00
0.000000000000000000e+00
0.000000000000000000e+00
0.000000000000000000e+00
0.000000000000000000e+00
0.000000000000000000e+00
0.000000000000000000e+00
0.000000000000000000e+00
0.000000000000000000e+00
0.000000000000000000e+00
0.000000000000000000e+00
0.000000000000000000e+00
0.000000000000000000e+00
0.000000000000000000e+00
0.000000000000000000e+00
0.000000000000000000e+00
0.000000000000000000e+00
0.000000000000000000e+00
0.000000000000000000e+00
0.000000000000000000e+00
0.000000000000000000e+00
1.548450008973303982e+00
7.183296646633655243e-05
6.948173767037707727e+00
7.351101082749218563e+01
1.075403463670515369e-01
2.060465258604305294e+00
2.234761187131942251e+01
3.395366101317966179e-02
1.472375155464702168e+01
4.810814435688441471e+00
1.374366296156798923e-10
2.940048470599020192e+00
6.070325073141917370e-10
3.125717709672786681e-11
0.000000000000000000e+00
0.000000000000000000e+00
1.292792713375551835e-12
4.200439130156704247e-03
5.430294518658175931e-17
1.477714643651910187e+01
1.640661487534159733e+03
2.063042959532078946e+00
0.000000000000000000e+00
2.691545511394902945e+01
1.405631941876875679e+00
2.047423178519750753e+00
2.467665046141025512e-02
7.288182919265276394e-02
4.348287503391906625e+02
1.175429594665691866e+02
3.175814964309296897e+02
2.016283982608641615e-11
7.733355278052083115e+00
1.392010726590551144e+02
1.185753470398490776e+02
2.273700588010725099e+01
5.769823023514533844e+01
6.854146916825771827e-14
1.058412061049320560e-11
1.295189806948824507e-09
2.315266424058855929e-09
2.544517904567413069e+01
5.816277470762632606e-09
6.467211862524163690e-01
1.867631579124716112e-01
9.337815522821862890e-02
2.111708791617946872e+02
1.726170550996838788e-13
9.996327436092851713e+03
3.496879648731963552e+00
4.666953758918547801e-01
7.543510195164898624e-01
2.463867794338485240e+01
1.071129736281782457e-01
1.071182917365728571e+00
1.326675742229469179e+01
4.638942498474169507e-01
9.458085867287657766e-02
1.259635547815960155e-01
2.860738671658176191e+00
3.403218753359672721e+00
1.109273863893622293e-02
1.778802988366478530e+02
1.731205477642524215e+01
4.261306870159164983e-02
4.952967921015417607e-01
7.872791308532671728e-01
2.109050179905631317e-01
2.170029148065001934e+01
2.804805994719941415e-13
8.597963499508618457e-11
3.420039746872807882e+02
0.000000000000000000e+00
3.302733867087493991e+01
2.923079429753496328e+01
2.109291981153237430e+02
1.282913903393109178e-01
6.027291123890504698e-01
6.706045118181532416e+01
0.000000000000000000e+00
2.703660196791955212e-11
2.646609058169173423e+01
2.507007653072528456e-10
3.489998511370239198e-01
9.900244220085026576e-11
3.828772347249129009e-04
2.062112193966169835e-02
2.695318580784349938e-01
8.099200701774576791e-17
5.080978406098574096e-02
0.000000000000000000e+00
5.281844388445048333e-01
1.427787629963740146e-01
5.244431555157716751e+00
4.641569515879935715e+00
2.273718361775981123e+01
3.594335370245289191e-15
8.672633684737228070e-15
6.793547262570175917e-11
1.638991535869754726e-10
8.720370884093762565e-14
1.483615745401659644e-03
1.166463171910621984e-03
1.072930708523382043e-03
1.732194000691716085e-01
2.652762453523789619e-03
5.223497193243511333e-02
0.000000000000000000e+00
9.917030291220038481e-14
7.520490944330321662e-13
6.246520697077912517e-04
1.367000797014643109e-13
5.356697049121500766e-13
0.000000000000000000e+00
1.338407321899089331e-12
3.563530750717296830e-02
1.269797451829252045e-04
5.019491033797846740e-04
1.356868804826096345e-04
1.152909827902730484e+02
4.013782048425444948e+00
4.190620593814635697e-01
9.110966785959160319e+00
2.462871555313509209e+00
3.848779481509122746e+00
0.000000000000000000e+00
0.000000000000000000e+00
0.000000000000000000e+00
0.000000000000000000e+00
5.859223847134514784e+01
6.755027649871891526e+01
0.000000000000000000e+00
0.000000000000000000e+00
0.000000000000000000e+00
0.000000000000000000e+00
0.000000000000000000e+00
3.591319297914413126e-03
2.774133096800814567e-03
9.361006134355722081e-05
1.182769998121957229e-03
2.922135919236642718e-03
5.376216566653199691e-03
5.376216566653199691e-03
5.376216566653199691e-03
5.376216566653199691e-03
1.987306109088870024e-02
3.794982358112791161e-06
1.168222118890075746e-02
5.376216566653199691e-03
5.376216566653199691e-03
5.376216566653199691e-03
5.376216566653199691e-03
5.376216566653199691e-03
5.376216566653199691e-03
5.376216566653199691e-03
5.376216566653199691e-03
5.376216566653199691e-03
5.376216566653199691e-03
5.376216566653199691e-03
5.376216566653199691e-03
5.376216566653199691e-03
5.717773419555999964e-04
9.420411206955300182e-03
4.703248135821100177e-03
1.498765032630679922e-02
2.770337121422000162e-04
2.087240296962000101e-04
2.626125805773271444e-03
8.741119295056144116e-04
4.631143471016900721e-03
3.397773708120142584e-03
1.846891414281000049e-04
5.395199422606744566e-03
3.047370337054343837e-03
4.029005773686142496e-03
1.081569972062099757e-03
1.896226184936998863e-03
2.069530975103078471e-02
4.715898077014800405e-03
0.000000000000000000e+00
5.805057517282941060e-03
2.071806425336351551e-02
8.527324862169243305e-03
4.454043748143856479e-02
5.961915795064627772e-03
1.006934325998785603e-03
5.047326536290000238e-04
8.686716603760927247e-03
1.311797908767185382e-03
1.673585233886970992e-03
1.152410635767213160e-03
1.836772454346914663e-03
2.023990590993499574e-05
4.662767330980886749e-03
4.301611981585162225e-01
1.746703234564135968e-02
1.264994119370919446e-06
0.000000000000000000e+00
3.192846150312614838e-03
2.529988238741870656e-06
1.264994119370919446e-06
0.000000000000000000e+00
6.552674503442572872e-04
3.162480333325427655e-04
2.044229007372828314e-03
6.381893842695727896e-03
3.710227255604743070e-03
4.667823335376427673e-04
2.760214685916413929e-03
2.392103879730400531e-03
2.656487650678970711e-05
0.000000000000000000e+00
3.162480333325427655e-04
3.997378438150955837e-03
8.739838412611415294e-03
4.774085323954914938e-03
1.574918671637114435e-03
5.059976477483741313e-06
0.000000000000000000e+00
3.275068782030884831e-03
1.401613980773157471e-03
1.349242777372055765e-02
2.244098574743585549e-03
9.463416041912029938e-03
1.697622108195699989e-03
2.788047039093499366e-03
5.159913991975142132e-03
3.162480333325427655e-04
5.059976477483700032e-03
3.120738009937113703e-03
1.668526746940042840e-03
5.768371694800827551e-03
6.324960666650855309e-04
1.404423392392851812e-18
4.427472466655597849e-03
9.008028089142260803e-03
9.219277141975295783e-03
1.712801541118042425e-03
2.675209563645659927e-02
7.333170413483040308e-03
4.791797227666840658e-03
7.880913363679995214e-04
3.151100847863157715e-03
4.786737251189342873e-03
1.810205591799385599e-03
5.581155047684914147e-03
6.868923033285572952e-04
1.264994119370919446e-06
1.011995295496748601e-05
2.513542421471706700e-02
1.528619191753954193e-02
5.676029110127556350e-03
7.211732964064268732e-03
4.288335029768574214e-04
2.117220260382984484e-02
2.580587010496285336e-03
9.474815884292142262e-04
1.138241311401813963e-02
2.455354578719314961e-03
2.586914463644071974e-03
1.604015522423443349e-03
3.053695307651242957e-03
0.000000000000000000e+00
1.945561452102657126e-03
1.657142296375000074e-04
5.059976477483741313e-06
2.245870162323004154e-02
0.000000000000000000e+00
6.324970596854693582e-06
5.059976477483741313e-06
4.933477065546644307e-05
1.903814163612471211e-03
3.684929359258071191e-03
8.095957398871426319e-04
1.119519299133042798e-03
2.024040242005716297e-05
0.000000000000000000e+00
