1.897392000000000053e+03
2.411910974028589010e+02
6.494699485957744933e+00
1.916624398878519173e+02
6.604675950326465150e-01
3.157062865359970531e-69
3.044262827853111515e-103
6.493047575983958097e+00
6.490850034190393636e+00
6.490718308522188451e+00
6.479883502984574051e+00
6.479450939307829671e+00
6.478453136140727153e+00
6.478316044678438246e+00
6.475529299908038716e+00
6.471706153114500815e+00
6.465922410812718901e+00
6.491412952972837935e+00
6.487759239876399242e+00
6.483061184954269862e+00
6.480073457028053596e+00
6.475394841372670740e+00
6.461713154292120898e+00
6.456034511133588616e+00
6.452221154508476886e+00
6.445063220289016570e+00
6.442207284689967395e+00
1.871418972694803839e-01
7.484884403293445132e+01
1.419361514896440468e+01
5.266943799095178758e-04
1.086931550491273197e-05
0.000000000000000000e+00
0.000000000000000000e+00
5.933922292645010543e+01
1.524649774933857600e+02
0.000000000000000000e+00
7.177933873866484404e+00
1.736370728660317608e+00
7.962838053290004609e+03
3.949397469358999491e+00
3.891483315403825027e-02
1.130686598814526633e+03
6.888380988493786328e-01
1.578811007702202174e+00
2.147519351998332837e+01
4.402639162462124389e+00
2.547008935616522085e-01
8.888300386644965023e-01
2.743757767322784868e+00
1.140838629510420787e+01
1.122597440442078431e+00
1.412793413433284115e+02
4.932703857697318739e+01
1.602651262964354117e+01
5.529831010640371858e+01
4.023870591459091983e+00
1.405110495113680891e+01
5.180993790105326013e+00
1.272107132500826632e+00
2.046583944675705879e+01
5.898474305559100461e-01
1.088203311232395833e+02
1.152689920055688511e+01
4.204751952475700882e+00
4.134733958141725196e+01
3.443527270954135133e+00
3.900468940439044907e+00
6.841713776148120596e-01
7.116751930590054087e+01
7.300313116424714810e-01
9.402867160966930982e+00
2.651896213251339773e+01
1.674039071227072739e+01
8.407144140114192199e-02
1.497720318032879916e-01
8.999132715528874542e+03
2.233927979112747320e+00
2.899059358508818018e+00
3.760815221087648874e-01
3.182971358211478946e-02
3.613421819801600210e-02
2.373093013213489061e-03
0.000000000000000000e+00
4.843786660949079170e+00
0.000000000000000000e+00
0.000000000000000000e+00
5.196696931628146388e-01
0.000000000000000000e+00
1.557393980855360027e+01
0.000000000000000000e+00
6.100653338818684632e-04
2.861767618610143015e-03
5.507749043368460111e-06
8.599953333315504267e+01
8.286557997454120986e-03
1.012948748685964007e-04
4.819113519100883813e+00
1.541010229668414547e-09
2.843054375731387501e-05
4.197733625682494788e-09
1.304273851128455775e+01
8.270191581657011489e-05
3.266046663513226918e+02
1.035077366058054264e-06
3.888684083708858208e-01
6.538921538645755049e+01
1.143083145892944650e-04
2.774911073643069252e-06
3.959184709625488807e+01
3.367525308245103823e-04
1.203145760856897368e+02
1.054641316127871332e-07
1.346878569632085454e-04
1.820518521632125001e-03
5.654165108468086842e+00
3.160843348752343657e-02
1.047954818477278170e-04
1.825729222231575700e-03
3.472531222936842017e-07
6.091745890359007157e-06
2.259963697955130101e+03
2.479077546992001134e-06
3.189581367132055261e-04
1.729844678947395369e+04
3.172182912934359833e-02
3.184275449167979222e-01
1.777066806635875082e+03
3.258778526453030844e-03
2.408291361428811783e-02
2.233236521758449541e-02
1.024101798846740741e-01
3.612418859671199748e-06
5.447861907976964124e-01
6.251567543720478643e-11
1.280331118333266062e-12
1.544999974830530328e-12
1.088211911933238294e-03
1.015710048896426257e-10
3.081812895452691881e-01
6.092962086793250798e+00
1.778144103944623401e-11
1.973986590650851922e-12
1.333629310470002498e-12
2.138808459546643549e-09
2.398572215238217432e-10
1.625822555776391810e-10
2.877855477104725759e-12
1.093033779853260912e-18
3.464785903090594428e-10
5.919875602431307881e-13
1.180253220363272967e-10
1.417874544410968402e-14
3.642766109815389072e-09
3.657735849020072238e-12
3.884190116270060330e-16
4.873165580655620598e-18
6.089008875410771982e-19
2.718215439118902967e-16
8.018158594583928401e-17
1.309660660911466957e-17
0.000000000000000000e+00
2.736310777636608194e+01
5.627815148756787522e+01
2.013674647120760697e-04
4.142274081344161051e-04
4.948875966249305787e-05
2.152214336705384630e-13
4.426696743867915190e-13
0.000000000000000000e+00
1.274952086100881843e+01
2.160542758797941902e-04
1.581406540475958744e+00
2.475683945900259905e-02
1.268105015446426009e-02
7.487278642002047624e-01
5.509958192761732216e-06
1.354145889417096178e-06
5.888971529587412772e-15
4.054891055817192189e-11
9.965436874745778285e-12
4.333814730239038659e-20
1.065092909443658587e-20
4.631924720060888055e-29
1.625497662687584444e-01
2.500859639293531982e-03
1.146120815318883990e+00
5.677961004919029192e-02
2.111291965567817572e-16
5.724197753446761377e-24
2.492851953912250879e-32
1.934638651945591859e-17
5.871658304927375680e-20
2.699731658976221062e-17
1.659129091307463323e-19
0.000000000000000000e+00
4.736083232441961972e-15
3.968619282854454575e-20
3.867989453302922998e-29
1.025118790890829327e-27
1.330955512083281670e-22
2.828993989427828102e-28
0.000000000000000000e+00
1.178809774125334623e-36
4.463096458694363912e-36
0.000000000000000000e+00
5.797993577919087042e-31
1.090180251105343502e-36
4.746153364432146354e-45
2.109723367774808945e-16
2.268993331379839679e-38
3.011340053181476455e-16
1.742909297583306668e-19
0.000000000000000000e+00
7.193944937121869147e-32
8.305293225685614152e-39
1.501623245604369323e-47
5.682743083065385510e-47
4.080406329312354957e-55
9.636982250553084304e-64
7.555630973552356967e-34
1.723297544030161937e-41
5.787671080167431759e-33
2.664430314804091291e-38
0.000000000000000000e+00
5.628712970724899733e+00
4.142266709989618121e-05
4.427205386860091546e-14
1.648058956697214525e-19
0.000000000000000000e+00
4.650988231329583830e-15
7.064671713845338590e-32
3.941884523809090756e-20
8.248116068517499368e-39
3.841911655814099929e-29
1.491398376288365776e-47
1.024031861780653533e-27
0.000000000000000000e+00
1.321773576777741204e-22
1.177401272487240839e-36
4.075045480171964525e-55
4.458465823845008915e-36
0.000000000000000000e+00
5.759040678045039065e-31
1.088922292576147717e-36
4.740846765791837703e-45
9.625974982841702833e-64
2.107809053456659362e-16
7.548092504031034085e-34
1.721125576589417416e-41
2.266102118175974740e-38
5.780802443306943489e-33
3.007813899897989189e-16
1.690897671642502217e-19
0.000000000000000000e+00
2.593493423801650829e-38
0.000000000000000000e+00
8.765187983522675409e-18
0.000000000000000000e+00
1.353222899914538448e-36
0.000000000000000000e+00
1.158580015796848698e-23
0.000000000000000000e+00
3.307926273554187189e-19
4.965139011560637151e-36
2.770353714602524266e-24
5.730477671807214945e-43
2.671441727310547061e-33
1.023897146618218136e-51
7.263941639630839301e-32
0.000000000000000000e+00
9.286630119407870881e-27
8.255333051525250500e-41
2.823292774115824851e-59
3.123780822712204183e-40
0.000000000000000000e+00
3.996686502478313525e-35
7.629066394129530287e-41
3.283802234945433066e-49
6.588087380142724783e-68
1.490179407755873009e-20
5.271801044725637904e-38
1.213627015911682003e-45
1.597684523344240513e-42
4.060967342253276133e-37
2.129989680378739609e-20
1.237527255640907648e-23
0.000000000000000000e+00
1.905257413415707147e-42
0.000000000000000000e+00
1.192890905995863996e-18
0.000000000000000000e+00
9.434685126226556955e-14
1.396109249287557006e-30
2.850520447890856207e-19
5.809880443957148518e-38
2.712850401457603740e-28
1.023762894323319928e-46
5.729536367128917654e-28
0.000000000000000000e+00
9.545002024792264027e-22
6.479497108906140768e-37
2.205131413221949052e-55
2.451737741328131013e-36
0.000000000000000000e+00
4.046309060499569641e-30
5.986730638968839963e-37
2.565250584925560792e-45
5.122373227155792697e-64
1.184310670515136316e-16
4.168048858249054578e-34
9.545571744124703282e-42
1.256608850025066433e-38
3.216444650101137779e-33
1.693096137146412866e-16
1.772732021591824101e-19
0.000000000000000000e+00
6.919105938621942650e-38
0.000000000000000000e+00
1.193941600808878876e-18
0.000000000000000000e+00
9.442850466827856737e-14
1.397334037669079642e-30
2.853032405338131371e-19
5.815070601489509298e-38
2.715270751439058458e-28
1.024689942983997728e-46
5.737699593351524549e-28
0.000000000000000000e+00
9.553419360305921035e-22
6.488806843991835206e-37
2.208327221717308599e-55
2.455261757070347984e-36
0.000000000000000000e+00
4.049928545836384457e-30
5.995336671650656376e-37
2.568968404679872751e-45
5.129861377077767047e-64
1.185994252407685567e-16
4.174026487637444196e-34
9.559232769206175782e-42
1.258407374754207686e-38
3.221039676417220853e-33
1.695500720528854479e-16
1.772808460790684881e-19
0.000000000000000000e+00
6.919370997991567235e-38
0.000000000000000000e+00
9.720061640787949433e-18
0.000000000000000000e+00
3.795618734163087929e-36
0.000000000000000000e+00
5.777045766538751375e-23
0.000000000000000000e+00
1.811784531532035061e-18
2.750135025999706775e-35
1.228347733311159521e-23
2.568543879020289209e-42
1.645113075831146183e-32
6.383152624407593499e-51
2.792223117934678976e-31
0.000000000000000000e+00
4.118692023009306951e-26
4.125848621280940170e-40
1.427366233138980594e-58
1.735885838665500647e-39
0.000000000000000000e+00
2.465601380693351087e-34
3.815448909835958021e-40
2.213980423259222618e-48
4.493437300917580150e-67
1.642030215826000279e-20
5.877983858695442642e-38
6.701632921408582628e-46
8.824112732754259773e-43
1.801037873054242095e-36
9.373460104498638685e-20
1.707011329287405817e-21
0.000000000000000000e+00
2.636480491104719001e-40
0.000000000000000000e+00
4.187676429749664616e-22
0.000000000000000000e+00
3.680025408418663557e-17
5.445559989425690639e-34
8.895010431886740673e-23
1.812964188893460402e-41
1.163987070794012502e-31
4.392622079565367543e-50
1.565257599364250929e-31
0.000000000000000000e+00
2.978504850810520991e-25
2.275880186190781722e-40
7.745415708666531076e-59
9.568459615321586794e-40
0.000000000000000000e+00
1.736136042426924779e-33
2.102810998345241520e-40
1.201375543953947352e-48
2.398942987464375390e-67
9.244086712081828828e-21
3.253350726826054615e-38
3.725186585035435038e-46
4.903951830955745400e-43
1.004181486644815668e-36
5.285887749182188119e-20
1.894077643867244831e-21
0.000000000000000000e+00
7.396314607747110369e-40
0.000000000000000000e+00
3.049594627119006451e-20
0.000000000000000000e+00
8.600361666694885881e-16
1.306773557240498949e-32
5.470304598318957382e-21
1.143859158347468567e-39
5.329890620170018850e-30
2.068514563303304862e-48
1.421099601710840177e-28
0.000000000000000000e+00
1.834369476030739111e-23
1.088968195547653739e-37
3.768077970264862695e-56
6.186074639010300084e-37
0.000000000000000000e+00
7.990429673148122723e-32
1.007235469832223661e-37
4.384231737031910338e-46
8.899654609904879336e-65
3.900641454227895608e-17
1.396484579568618875e-34
3.980340551529451175e-42
5.240123216734909839e-39
5.347415866732820317e-34
8.348352924702132854e-17
6.082135578762828482e-19
0.000000000000000000e+00
9.390847381956016839e-38
0.000000000000000000e+00
4.114620674227054119e-20
0.000000000000000000e+00
5.806804552158061316e-16
8.804180176247736278e-33
2.461661569504728314e-20
5.141119338003324986e-39
9.570498550426470742e-30
3.707666204059844006e-48
7.667512544580923937e-28
0.000000000000000000e+00
8.222668288822051098e-23
8.798547980340636067e-37
3.039765536958666062e-55
1.665940186984876159e-36
0.000000000000000000e+00
1.435937486326101635e-31
8.142280733929404735e-37
1.766858292253252786e-45
3.588189937816895919e-64
7.906211349624907084e-17
2.825766497840744888e-34
6.383839467133338740e-42
8.404862882097331829e-39
5.046474022081563375e-33
3.004288013882614831e-16
5.703741019232491217e-18
0.000000000000000000e+00
8.816099144668813677e-37
0.000000000000000000e+00
3.913188158708246662e-20
0.000000000000000000e+00
5.521679977292022765e-16
8.385563037972660663e-33
2.340261892992593865e-20
4.895975236194690389e-39
9.120825956589671467e-30
3.540436325545492525e-48
7.295557449695345754e-28
0.000000000000000000e+00
7.847225301722705161e-23
8.385555818974846325e-37
2.902196823224545275e-55
1.587901458421567130e-36
0.000000000000000000e+00
1.367353266520780184e-31
7.756265571345509233e-37
1.688189366445825693e-45
3.427146816519410440e-64
7.508566214475027949e-17
2.688350994782067809e-34
6.125754328578636720e-42
8.065374963737752660e-39
4.801045104305741646e-33
2.855191827460851616e-16
5.463311722221941176e-18
0.000000000000000000e+00
8.435491422178128129e-37
0.000000000000000000e+00
7.252332992971997605e-22
0.000000000000000000e+00
6.373171528092446325e-17
9.430663561758662544e-34
1.540471055179498527e-22
3.139721315288556330e-41
2.015802043500012543e-31
7.607123577592869593e-50
2.710772644235775907e-31
0.000000000000000000e+00
5.158282479348911176e-25
3.941384874806658491e-40
1.341348017388536499e-58
1.657081569741008206e-39
0.000000000000000000e+00
3.006665542108404151e-33
3.641682073960581439e-40
2.080537312790989034e-48
4.154428149169636425e-67
1.600931153605418705e-20
5.634224127723634421e-38
6.451064999142076848e-46
8.492382244132673619e-43
1.738988406010572503e-36
9.153896845053496084e-20
3.280300311117890440e-21
0.000000000000000000e+00
1.280961297705398793e-39
0.000000000000000000e+00
5.052581089200130715e-21
0.000000000000000000e+00
1.584579878916764482e-16
2.405255215419363933e-33
1.074308137300375050e-21
2.246436280934592216e-40
1.438808158991962772e-30
5.582671319607955811e-49
2.442067542647495757e-29
0.000000000000000000e+00
3.602191794717590577e-24
3.608448920088814800e-38
1.248367388575997762e-56
1.518197998330558579e-37
0.000000000000000000e+00
2.156402803762063812e-32
3.336974235425988117e-38
1.936336077722601380e-46
3.929935081597914457e-65
1.436113184228156469e-18
5.140858862501145876e-36
5.861219016286269511e-44
7.717531253813933847e-41
1.575180303522821886e-34
8.197992762640917356e-18
1.492945345360465103e-19
0.000000000000000000e+00
2.305856803353523812e-38
0.000000000000000000e+00
2.771300094076122379e-19
0.000000000000000000e+00
7.815251552210028391e-15
1.187501522643791305e-31
4.971089882083089776e-20
1.039437532987091121e-38
4.843419489748447779e-29
1.879695062066795959e-47
1.291411879924191355e-27
0.000000000000000000e+00
1.666971066466170003e-22
9.895769089696396219e-37
3.424122800719534370e-55
5.621494657707329383e-36
0.000000000000000000e+00
7.261165265697380005e-31
9.153083981954727046e-37
3.984056679815219474e-45
8.087236164915324877e-64
3.544695604938748496e-16
1.269036743030254839e-33
3.617096803046765570e-41
4.761886971282867895e-38
4.859404931048757852e-33
7.586532627917479942e-16
5.527098353483309081e-18
0.000000000000000000e+00
8.533901485164556228e-37
0.000000000000000000e+00
4.072311109140862032e-19
0.000000000000000000e+00
5.747100841421568068e-15
8.713558019979228134e-32
2.436355803844715306e-19
5.088207422491946361e-38
9.471949718938692180e-29
3.669437225560023406e-47
7.588645839835969813e-27
0.000000000000000000e+00
8.137919850339821715e-22
8.707945222974763698e-36
3.008426668296625171e-54
1.648784308637824208e-35
0.000000000000000000e+00
1.421159602406088765e-30
8.058463885139363474e-36
1.748633188004695350e-44
3.551187176875697613e-63
7.824991434446407700e-16
2.796703190328866360e-33
6.317797797476776362e-41
8.317911204724676825e-38
4.994570691672239559e-32
2.973410506274827464e-15
5.645127910830164793e-17
0.000000000000000000e+00
8.725515770740804275e-36
0.000000000000000000e+00
0.000000000000000000e+00
0.000000000000000000e+00
0.000000000000000000e+00
0.000000000000000000e+00
0.000000000000000000e+00
0.000000000000000000e+00
0.000000000000000000e+00
0.000000000000000000e+00
0.000000000000000000e+00
0.000000000000000000e+00
0.000000000000000000e+00
0.000000000000000000e+00
0.000000000000000000e+00
0.000000000000000000e+00
0.000000000000000000e+00
0.000000000000000000e+00
0.000000000000000000e+00
0.000000000000000000e+00
0.000000000000000000e+00
0.000000000000000000e+00
0.000000000000000000e+00
0.000000000000000000e+00
0.000000000000000000e+00
0.000000000000000000e+00
0.000000000000000000e+00
0.000000000000000000e+00
0.000000000000000000e+00
0.000000000000000000e+00
0.000000000000000000e+00
6.858134021420637794e+01
7.183296887661097931e-05
7.699010310096320531e+00
7.418378734561075305e+01
1.013289335239384859e-01
2.082198035605936415e+00
2.360209992284642055e+01
3.063166479521198596e-02
1.508575313667711804e+01
4.383927892795368209e+00
1.379649913515871998e-10
4.157017593618633100e+00
2.216662930564238712e-10
3.496585629229636244e-11
0.000000000000000000e+00
0.000000000000000000e+00
8.257393300105192195e-13
4.200439356153350991e-03
3.468466020325987560e-17
1.647524480371804856e+01
1.749193575853576931e+03
1.946840900569958288e+00
0.000000000000000000e+00
2.359061548142867792e+01
1.147932979173966528e+00
1.868077998793972849e+00
3.778257325097802294e-02
1.137913855031462418e-01
4.492385249920674823e+02
1.211039254640016196e+02
3.264323037740390419e+02
1.910781216287812088e-11
8.296180876548957528e+00
1.493319050847990752e+02
1.158967029881454636e+02
2.384062503030750335e+01
6.050564301721130533e+01
4.418917893639443719e-14
7.606988980096936176e-12
1.887263305029748821e-09
3.589966494527871736e-09
1.039478249726360737e+01
3.597824139524920940e-09
6.467212171302207935e-01
1.105395980411406354e-01
5.530296278235769664e-02
1.689073040482025476e+02
1.102785194343328355e-13
9.996351720302307513e+03
3.477784768886746480e+00
4.753436652993945355e-01
7.857774319569084120e-01
2.511983053622036266e+01
8.770826348037248643e-02
8.771403083405320267e-01
1.070077042933312939e+01
3.721243416086391642e-01
9.682982292057350227e-02
8.592440301627005117e-02
3.529650277099167344e+00
2.722540688086242167e+00
9.083340268026398462e-03
2.035670308810329345e+02
1.622164219657249618e+01
3.268131758883800059e-02
4.857685248846659309e-01
7.622033835719900230e-01
1.587330911722258098e-01
2.046022548162952148e+01
1.689091899970369285e-13
5.156601716181671368e-11
3.403743694795974193e+02
0.000000000000000000e+00
3.394850155732714825e+01
3.050667456219706963e+01
2.262781737466721097e+02
1.948943703951064588e-01
7.429441701469901016e-01
6.974551933129102110e+01
0.000000000000000000e+00
7.506736911407772438e-12
2.478974160617958589e+01
2.625709116702386205e-10
3.596303959224383395e-01
1.139429559810702656e-10
4.489418563067139149e-04
2.084391497870526425e-02
2.361362458724845792e-01
5.515361750902066346e-17
5.345776897299161362e-02
0.000000000000000000e+00
8.519897403669632885e-01
2.296760359614343772e-01
5.540932293968482192e+00
4.979172312793981980e+00
2.384074776668851214e+01
2.430128277888494099e-15
5.998334865801447673e-15
1.037986233664591249e-10
2.561816059043610131e-10
5.226494936393035895e-14
1.502856990524954273e-03
9.746892142733229805e-04
8.787433016054853503e-04
1.623234120501402256e-01
2.130429201728815600e-03
5.495791362015583353e-02
0.000000000000000000e+00
1.143158851199379466e-13
7.879929067825445927e-13
7.770363520006466672e-04
1.393486406182062338e-13
5.298027147326821220e-13
0.000000000000000000e+00
1.032062183054628392e-12
6.097828739341698556e-02
3.718113382769012770e-04
1.518471015344553072e-03
4.093433920695170982e-04
1.092377501108615689e+02
3.917740872900227878e+00
3.488700555972075179e-01
7.836253573712727238e+00
2.112467235105479624e+00
5.841793849435674701e+00
0.000000000000000000e+00
0.000000000000000000e+00
0.000000000000000000e+00
0.000000000000000000e+00
6.028714100945955323e+01
6.585537396059361015e+01
0.000000000000000000e+00
0.000000000000000000e+00
0.000000000000000000e+00
0.000000000000000000e+00
0.000000000000000000e+00
4.540063397912042290e-03
3.406629163465900098e-03
3.162480333325427655e-04
8.665219647894144631e-04
1.657143785906473174e-03
5.376216566653199691e-03
5.376216566653199691e-03
5.376216566653199691e-03
5.376216566653199691e-03
2.524927765754192768e-02
3.794982358112791161e-06
9.468484955572960271e-03
5.376216566653199691e-03
5.376216566653199691e-03
5.376216566653199691e-03
5.376216566653199691e-03
5.376216566653199691e-03
5.376216566653199691e-03
5.376216566653199691e-03
5.376216566653199691e-03
5.376216566653199691e-03
5.376216566653199691e-03
5.376216566653199691e-03
5.376216566653199691e-03
5.376216566653199691e-03
5.717773419555999964e-04
9.420411206955300182e-03
4.703248135821100177e-03
1.498765032630679922e-02
2.770337121422000162e-04
2.087240296962000101e-04
1.677381705775643148e-03
5.578638961730717546e-04
3.049903304354187328e-03
1.500285508124886424e-03
0.000000000000000000e+00
6.343943522604371561e-03
1.782378203724171474e-03
4.977749873683771226e-03
1.081569972062099757e-03
1.579978151604457832e-03
2.891775861767689748e-02
5.348394143679886803e-03
7.589964716225612816e-06
8.018793750610739984e-03
1.439310358671265326e-02
1.010856502883195757e-02
4.074546108144805334e-02
5.013171695066999042e-03
3.744382593337000176e-04
6.324960666650855309e-04
1.090045283708872617e-02
6.793018421020998506e-04
4.085931005567999840e-04
1.468658669099757010e-03
2.153020487679457428e-03
2.023990590993499574e-05
4.346519297648343549e-03
3.814590010253046115e-01
1.240706381232067022e-02
1.264994119370919446e-06
0.000000000000000000e+00
2.560350083647528873e-03
2.529988238741870656e-06
1.264994119370919446e-06
3.288984710364429312e-05
9.715154836768000526e-04
0.000000000000000000e+00
1.095484907375200018e-03
4.800653676033013635e-03
4.658971355602370933e-03
1.505343002051000019e-04
1.495222552586243083e-03
4.289592079725656690e-03
2.656487650678970711e-05
0.000000000000000000e+00
0.000000000000000000e+00
3.048634338153328408e-03
3.996117912623271644e-03
6.987821557282713862e-03
2.839910804967285714e-03
0.000000000000000000e+00
3.162480333325427655e-04
1.377580582035629105e-03
7.691179141080705306e-04
1.602241204038089978e-02
2.244098574743585549e-03
6.617183741919142013e-03
2.646366208193329586e-03
1.839302939095871069e-03
1.021988252529582725e-02
0.000000000000000000e+00
4.743728444151157700e-03
1.223249809941857110e-03
7.197826469424144355e-04
8.930852028126256073e-03
3.162480333325427655e-04
1.581240166662715128e-03
2.529984266660343425e-03
1.564923678912566798e-02
6.056796808649868129e-03
2.029049574450585407e-03
2.738459170312168567e-02
8.914410580145753701e-03
4.475549194334299194e-03
1.264992133330171062e-03
2.834852814530614950e-03
5.102985284521883470e-03
2.289654251366715816e-04
5.581155047684914147e-03
3.706442699960144755e-04
1.264994119370919446e-06
1.011995295496748601e-05
1.786171944806858036e-02
1.338870371754428447e-02
7.573517310122812943e-03
7.527980997396809329e-03
1.061329569641942952e-03
1.516348997051152579e-02
6.830988105010289604e-04
1.263729621761757209e-03
1.043366901402051176e-02
2.771602612051857727e-03
3.535658563641700270e-03
3.501503722418699942e-03
3.686191374316328921e-03
0.000000000000000000e+00
9.968173521050288297e-04
0.000000000000000000e+00
5.059976477483741313e-06
1.581749292324663783e-02
9.487440999976282964e-04
3.225730039293974328e-04
5.059976477483741313e-06
4.933477065546644307e-05
6.388220302823000409e-04
5.582417559253330386e-03
1.770996732220571281e-04
1.119519299133042798e-03
3.364884357525999318e-04
0.000000000000000000e+00
