1.897392000000000053e+03
3.455113028344023860e+02
8.671470401053344546e+00
9.474451742175810409e+01
1.715099031600963109e+00
3.194012359125231427e-75
8.662486436718478561e-102
8.649280991974762856e+00
8.610643730558274811e+00
8.608284167693557976e+00
8.381677010393115523e+00
8.372596644486611339e+00
8.351747102701764902e+00
8.348885002032474745e+00
8.294013104852538731e+00
8.225470952440886663e+00
8.134856530167526856e+00
8.618619657035015535e+00
8.537203990860279035e+00
8.426243618193906215e+00
8.359243333456202407e+00
8.266673661890125757e+00
8.071910749831976872e+00
7.999566435942010223e+00
7.954193594040718018e+00
7.878333334174921987e+00
7.849325036122958288e+00
6.021498646037242164e-01
6.361900136833988739e+01
1.192429858528570286e+01
2.638335633456342401e-04
1.284815852478774485e-05
0.000000000000000000e+00
0.000000000000000000e+00
4.670467807730168630e+01
1.525359784543628336e+02
0.000000000000000000e+00
7.442216959872366644e+00
1.542797629769443235e+00
7.966330848784613408e+03
4.411368851776733990e+00
4.195488311648473689e-02
1.129029850717772661e+03
9.664938708730517192e-01
1.631031279096277320e+00
2.324890004662301024e+01
4.740693957999277508e+00
2.537043347306187080e-01
8.866583715972483626e-01
2.735431681665167591e+00
1.140853334239611172e+01
1.123549734924399468e+00
1.412591077708098908e+02
4.929589031638526819e+01
1.603778809263096861e+01
5.529831001670366675e+01
4.021487515554703407e+00
1.404436207825895266e+01
5.192959641474635291e+00
1.280057070314031265e+00
2.054882752593347206e+01
5.917606510832473798e-01
1.088161335400172618e+02
1.154881485956210518e+01
4.203710109683571616e+00
4.141826459689223583e+01
3.443593098184480450e+00
3.900476751865838754e+00
6.841721999565583134e-01
7.116751980133747679e+01
7.300322772895524448e-01
9.402868488236572730e+00
2.651896136630551126e+01
1.674039085594817422e+01
8.438792359873850679e-02
1.497720318032879916e-01
8.989946406279241273e+03
2.480405326036318581e+00
2.891364761424143559e+00
3.957971340200480692e-01
3.165834373295638854e-02
3.612989212095772673e-02
2.366621429552625416e-03
0.000000000000000000e+00
5.063856974750268414e+00
0.000000000000000000e+00
0.000000000000000000e+00
9.113684722782531278e-01
0.000000000000000000e+00
1.557594552511108610e+01
0.000000000000000000e+00
6.046866726980955819e-04
2.861821877251691498e-03
5.461536810062446283e-06
8.682372010250387007e+01
8.291634280240753330e-03
8.393988471879770407e-05
4.860265249971907231e+00
1.287886604640667840e-09
2.523344386513723869e-05
3.726172898061171632e-09
1.575299964548513465e+01
8.277331731820619101e-05
3.289824237241185187e+02
8.639776330069185399e-07
3.901124858423467012e-01
5.921134416663006306e+01
1.026351949026335788e-04
2.502561609173378271e-06
4.034169513376163252e+01
3.096688022437771911e-04
1.120803068189364495e+02
8.860413975218093238e-08
1.130956466218049970e-04
1.528117327551493151e-03
5.761039099377301298e+00
2.702143936697828583e-02
7.383576169173197245e-05
1.312474079355325802e-03
1.723861549331969192e-07
3.096771589100299609e-06
2.259983268871527343e+03
1.230708622612210286e-06
1.403282154369698881e-04
1.748669349885503834e+04
1.410803397297809465e-02
1.413465630142651808e-01
1.836340309268727424e+03
1.481535584032463203e-03
1.024583835514083704e-02
9.903541787751197686e-03
1.782268620794476843e-01
2.787894157485549676e-06
3.653505256794963851e-01
9.852511655445602980e-11
9.082789495152023302e-13
1.092765816945927977e-12
3.969584668534522080e-04
8.578314298665879008e-11
1.352128124632562822e-01
6.094511676233919317e+00
1.941663448155481100e-11
1.737328922961793664e-12
1.555265134756616438e-12
2.394193308050035072e-09
2.073959597829672169e-10
1.939288156759080359e-10
4.360547515657395868e-12
1.542828453758247679e-18
5.284601085581139984e-10
8.624505407016448012e-13
1.721100105928052997e-10
1.680534629236615348e-14
3.852164136556107861e-09
3.840361411494815222e-12
7.461606814483116990e-16
4.916220665799260694e-18
6.142358867737252124e-19
2.316619734344986221e-16
6.497410537531128605e-17
1.321231957928814525e-17
0.000000000000000000e+00
2.760058013990342474e+01
5.458041862952079981e+01
2.067875404651891202e-04
4.089977288591295458e-04
4.945870698120159498e-05
2.229918398886981774e-13
4.409910299804291823e-13
0.000000000000000000e+00
1.539079517817588361e+01
2.160542762022790676e-04
2.012374123006531956e+00
6.965224031997513041e-03
3.673001907278677491e-03
7.617811063039211517e-01
5.707383205967715386e-06
1.365069421462449917e-06
6.154553150716142932e-15
4.276125549935565268e-11
1.022746856088786075e-11
4.611157341515308523e-20
1.102878439601503884e-20
4.972438667399321876e-29
2.368748016697768688e-01
4.049622186106052561e-03
1.033237093231065939e+00
2.653083939524419205e-02
4.187754286761776645e-16
6.017100865999353972e-24
2.784922342662043470e-32
1.969532006185595459e-17
5.003588679064668529e-20
1.914816881111140319e-17
3.367349159279646224e-19
0.000000000000000000e+00
9.542244455187381491e-15
7.679541325709443937e-20
7.993473360826800971e-29
1.108774069735788513e-27
1.423697315723341778e-22
2.972395563986441550e-28
0.000000000000000000e+00
1.286646919835051109e-36
5.132763997314298216e-36
0.000000000000000000e+00
6.618795569311840840e-31
1.218631666001976422e-36
5.504306949101571601e-45
2.590459070311879375e-16
1.528622832469311409e-38
2.553057930617355438e-16
4.176006228314211786e-18
0.000000000000000000e+00
2.803717546404337884e-31
1.643883632358284761e-38
3.245923934996498718e-47
6.072994345093294763e-47
4.576079308625077136e-55
1.144638721561061047e-63
8.787441991591607640e-34
1.251344500254331524e-41
3.666942635944517236e-33
4.383839077615835156e-36
0.000000000000000000e+00
5.458978405997130245e+00
4.089995566661535129e-05
4.410448906854610163e-14
3.349252976818188016e-19
0.000000000000000000e+00
9.405318439248922220e-15
2.763483668169697869e-31
7.637476523693306239e-20
1.634662090823961751e-38
7.950076191500113323e-29
3.228131149474276157e-47
1.107764655228884089e-27
0.000000000000000000e+00
1.415764002894115984e-22
1.285297700513736543e-36
4.570710178355466912e-55
5.128219897496805311e-36
0.000000000000000000e+00
6.583164318805038818e-31
1.217400735096980818e-36
5.498965981829902015e-45
1.143502288436767930e-63
2.588406491327247063e-16
8.779711383078536629e-34
1.249811143445350910e-41
1.526725155331354307e-38
3.662765169923797572e-33
2.550190727157705362e-16
4.171453551281783702e-18
0.000000000000000000e+00
4.378398249519283724e-36
0.000000000000000000e+00
4.887696280797563942e-18
0.000000000000000000e+00
5.069599042807569098e-36
0.000000000000000000e+00
2.338984475816221787e-23
0.000000000000000000e+00
6.640123973286777981e-19
1.925338777599881696e-35
5.324088235714337195e-24
1.128193992125879904e-42
5.505790166556773393e-33
2.211909389859577738e-51
7.866056432400647507e-32
0.000000000000000000e+00
9.943560390766999370e-27
9.020339994022982589e-41
3.168479778463237115e-59
3.600957144753826301e-40
0.000000000000000000e+00
4.570873359130424428e-35
8.535638111539047365e-41
3.817225314817675199e-49
7.842003265895638117e-68
1.824634756029078381e-20
6.117133913016372954e-38
8.711592400687620900e-46
1.063189632955861440e-42
2.557430175729921057e-37
1.795535402722448200e-20
2.952446785267895881e-22
0.000000000000000000e+00
3.059905512678878275e-40
0.000000000000000000e+00
1.905888027793787292e-18
0.000000000000000000e+00
1.498861753763386724e-13
4.268676508895965088e-30
4.327695108979665370e-19
9.054052480047963621e-38
4.438123236341728866e-28
1.759774081772093745e-46
5.177820457835408548e-28
0.000000000000000000e+00
8.166179111210302672e-22
5.908071172304579103e-37
2.064587151397629713e-55
2.359590499453194413e-36
0.000000000000000000e+00
3.700344052930211046e-30
5.588741991029613840e-37
2.489498773817661589e-45
5.089452866162546651e-64
1.208719744660507885e-16
4.032149504159023540e-34
5.690833404118171138e-42
6.943631851359583430e-39
1.686465244926950245e-33
1.188208021821859663e-16
9.376828365668378571e-18
0.000000000000000000e+00
7.882689939530267636e-36
0.000000000000000000e+00
1.907578404438071204e-18
0.000000000000000000e+00
1.500165611247650370e-13
4.272450839213497298e-30
4.331541932030548532e-19
9.062196962919974969e-38
4.442099035246520709e-28
1.761370410742531211e-46
5.185193568692852624e-28
0.000000000000000000e+00
8.173371347810041116e-22
5.916555875389005013e-37
2.067578835508822327e-55
2.362977454524493302e-36
0.000000000000000000e+00
3.703647062599278500e-30
5.596773409420059482e-37
2.493101970147343362e-45
5.096884168751916500e-64
1.210441557589027606e-16
4.037942163214376991e-34
5.699045859206788942e-42
6.953658210591467581e-39
1.688884844727091179e-33
1.189902512478258411e-16
9.377511905871773163e-18
0.000000000000000000e+00
7.883374687855364775e-36
0.000000000000000000e+00
1.158013050223156911e-17
0.000000000000000000e+00
9.721485190518674835e-36
0.000000000000000000e+00
1.079270076050884736e-22
0.000000000000000000e+00
3.368198379048074537e-18
9.890495219575866369e-35
2.187738724927489661e-23
4.679945908324486148e-42
3.129885377336833866e-32
1.270465836941381413e-50
2.777272871308230866e-31
0.000000000000000000e+00
4.056232297463020216e-26
4.141376490048037588e-40
1.472158412554356713e-58
1.835978566795165104e-39
0.000000000000000000e+00
2.591655118358116238e-34
3.922248224710669607e-40
2.361474884679166524e-48
4.908789896235641857e-67
1.853757199834914513e-20
6.285860834857316673e-38
4.472684720382553935e-46
5.463915153790819373e-43
1.048982515088063820e-36
7.305506108875490164e-20
8.752549347368558536e-22
0.000000000000000000e+00
9.075947712896879293e-40
0.000000000000000000e+00
6.150183155525153057e-22
0.000000000000000000e+00
5.374069032721646325e-17
1.530505847196445972e-33
1.241358098713010065e-22
2.597069051281829791e-41
1.750411888238294350e-31
6.940650092081978357e-50
1.300263551183508525e-31
0.000000000000000000e+00
2.342390389908062136e-25
1.907534454487367737e-40
6.665952828190564617e-59
8.464924061295280552e-40
0.000000000000000000e+00
1.459436663054785309e-33
1.804442332224886761e-40
1.071715864104581534e-48
2.190982523053644672e-67
8.672453437183273920e-21
2.893030797112039664e-38
2.041463734104340176e-46
2.490878182919340214e-43
4.839863693256750067e-37
3.409951208528942223e-20
2.074196415139468839e-21
0.000000000000000000e+00
1.741264404184996227e-39
0.000000000000000000e+00
6.183631414797553034e-20
0.000000000000000000e+00
1.735340016743637511e-15
5.100462510888332088e-32
1.057480777507482870e-20
2.261917378578646267e-39
1.100505176357521758e-29
4.467789779952444658e-48
1.534060592503735845e-28
0.000000000000000000e+00
1.960649555563155485e-23
1.186254664678566688e-37
4.217480325471395415e-56
7.100475653339447189e-37
0.000000000000000000e+00
9.114630006717947681e-32
1.123696218897394484e-37
5.074690981688610538e-46
1.055011595045179543e-64
4.779461160090279438e-17
1.620786190806762500e-34
2.883439464357218264e-42
3.521928454595650824e-39
3.380435687958185274e-34
7.062204185898493187e-17
3.384499740854486315e-19
0.000000000000000000e+00
3.509359635536348218e-37
0.000000000000000000e+00
8.680223841522909940e-20
0.000000000000000000e+00
1.219265488091559312e-15
3.576007591758387509e-32
4.950009797317260038e-20
1.057746246556790704e-38
2.056701340317808947e-29
8.338005468455221218e-48
8.619215591443478576e-28
0.000000000000000000e+00
9.151442892941257625e-23
9.980797802466497844e-37
3.542831337715968248e-55
1.991512023807581816e-36
0.000000000000000000e+00
1.705722524287462128e-31
9.458950749032279373e-37
2.129945510846936439e-45
4.430085991103074491e-64
1.008142912104383758e-16
3.413237632013937633e-34
4.806665983398048387e-42
5.871022699326670052e-39
3.318180979285168759e-33
2.643765340181455575e-16
3.305744552519448510e-18
0.000000000000000000e+00
3.421852313352750022e-36
0.000000000000000000e+00
6.316258384290708636e-20
0.000000000000000000e+00
8.868763249610466379e-16
2.605338473773375525e-32
3.601274599702945321e-20
7.706723619650286149e-39
1.499094643353297448e-29
6.087018982487584034e-48
6.268853069889940164e-28
0.000000000000000000e+00
6.676397501344844721e-23
7.271204157178003385e-37
2.585664932778021706e-55
1.450792992587380085e-36
0.000000000000000000e+00
1.241541270453949557e-31
6.887838262382670915e-37
1.555417223655160762e-45
3.233897366079644667e-64
7.323577583087332402e-17
2.483691166073083208e-34
3.532617294147821048e-42
4.315293733311158763e-39
2.416001980594146535e-33
1.922670262744989967e-16
2.419930115264314981e-18
0.000000000000000000e+00
2.509522120187755721e-36
0.000000000000000000e+00
9.605206621572468356e-22
0.000000000000000000e+00
8.393107770544433320e-17
2.390277952724815559e-33
1.938730967599719821e-22
4.056013396676536109e-41
2.733726653698437830e-31
1.083958797196368618e-49
2.030746322983610887e-31
0.000000000000000000e+00
3.658333110696553976e-25
2.979125580198844479e-40
1.041059961640460843e-58
1.322033447568999755e-39
0.000000000000000000e+00
2.279313751894857048e-33
2.818134164184584446e-40
1.673762733202882766e-48
3.421745090118497630e-67
1.354459561000558517e-20
4.518267190340153017e-38
3.188134168364807927e-46
3.889977044095447611e-43
7.558431061677892751e-37
5.325377514305677454e-20
3.239459106149490275e-21
0.000000000000000000e+00
2.719468736188862788e-39
0.000000000000000000e+00
8.512409379234335763e-21
0.000000000000000000e+00
2.656563290663282749e-16
7.800817394276834984e-33
1.725511442945516792e-21
3.691159753469435640e-40
2.468598791930276802e-30
1.002039474891731714e-48
2.190489282661194905e-29
0.000000000000000000e+00
3.199229153008762419e-24
3.266382294287856762e-38
1.161118551848054413e-56
1.448071170027099164e-37
0.000000000000000000e+00
2.044086451247168482e-32
3.093551191040854377e-38
1.862538838783324106e-46
3.871650821077175938e-65
1.462094004215780093e-18
4.957776976784982013e-36
3.527689164276041753e-44
4.309491256043909416e-41
8.273523629049577837e-35
5.761993495141311638e-18
6.903306087195966315e-20
0.000000000000000000e+00
7.158373690739863411e-38
0.000000000000000000e+00
5.619266915508861069e-19
0.000000000000000000e+00
1.576906941946385757e-14
4.634883796494126148e-31
9.609630581914146657e-20
2.055405040238292424e-38
1.000049708473474909e-28
4.059929469315457219e-47
1.394055453944486340e-27
0.000000000000000000e+00
1.781715207957356021e-22
1.077977128136029587e-36
3.832478274304630821e-55
6.452406111820373130e-36
0.000000000000000000e+00
8.282711363114508068e-31
1.021133460292985499e-36
4.611468099831205195e-45
9.586980484028108591e-64
4.343273563424858375e-16
1.472852772981888709e-33
2.620247155272809041e-41
3.200439191572362659e-38
3.071889437310671531e-33
6.417664839009325752e-16
3.075625011657134872e-18
0.000000000000000000e+00
3.189043197465117427e-36
0.000000000000000000e+00
8.590827384235251128e-19
0.000000000000000000e+00
1.206711623130996134e-14
3.539147930225746372e-31
4.899037325994373930e-19
1.046843335265480055e-37
2.035495594056803094e-28
8.251945422073103667e-47
8.530477669106467280e-27
0.000000000000000000e+00
9.057029829216046962e-22
9.877925136054924078e-36
3.506271251263705732e-54
1.970986253409173754e-35
0.000000000000000000e+00
1.688152127783843230e-30
9.361487294372178215e-36
2.107956820847486067e-44
4.384363294553665675e-63
9.977719391063336834e-16
3.378085083256339033e-33
4.756827574913320834e-41
5.810144368200018596e-38
3.283993209608394208e-32
2.616548031245577298e-15
3.271739980905775065e-17
0.000000000000000000e+00
3.386644597507396310e-35
0.000000000000000000e+00
0.000000000000000000e+00
0.000000000000000000e+00
0.000000000000000000e+00
0.000000000000000000e+00
0.000000000000000000e+00
0.000000000000000000e+00
0.000000000000000000e+00
0.000000000000000000e+00
0.000000000000000000e+00
0.000000000000000000e+00
0.000000000000000000e+00
0.000000000000000000e+00
0.000000000000000000e+00
0.000000000000000000e+00
0.000000000000000000e+00
0.000000000000000000e+00
0.000000000000000000e+00
0.000000000000000000e+00
0.000000000000000000e+00
0.000000000000000000e+00
0.000000000000000000e+00
0.000000000000000000e+00
0.000000000000000000e+00
0.000000000000000000e+00
0.000000000000000000e+00
0.000000000000000000e+00
0.000000000000000000e+00
0.000000000000000000e+00
0.000000000000000000e+00
1.548179102815890218e+00
7.183296436539121242e-05
6.093714965122845051e+00
8.312430133162132506e+01
9.314275194165581861e-02
1.840790130589075035e+00
2.355001610473420115e+01
3.498570029093219652e-02
1.398821775504830889e+01
4.554688614563266569e+00
1.661408246240022210e-10
3.301986384642016770e+00
7.784982177771559844e-10
4.127258527264255831e-11
0.000000000000000000e+00
0.000000000000000000e+00
1.557039370977743839e-12
4.200439900014083482e-03
6.540246661603017804e-17
1.570861128364803960e+01
1.577439613941359994e+03
1.808227204568870095e+00
0.000000000000000000e+00
2.552467498405005486e+01
1.292338085841483020e+00
1.996469433545540184e+00
2.772079963868652810e-02
8.519794072234267157e-02
4.209097283393369935e+02
1.137696878042275159e+02
3.072866349265254371e+02
1.139224776329674171e-11
7.976464991951556449e+00
1.435773023800581143e+02
1.078213027119331286e+02
2.132551747205395998e+01
5.411721260831605917e+01
6.205718004371485245e-14
1.031479182998719365e-11
1.156351097927881321e-09
2.078774506347213717e-09
2.722888352575482074e+01
5.690830668194726878e-09
6.467211892068154278e-01
1.670886689502031341e-01
8.356070204890335418e-02
1.682978461947644462e+02
2.079708350687194064e-13
9.996243107975977182e+03
3.601938988227086469e+00
4.208716463744001657e-01
7.424220747570920986e-01
2.325752077203372892e+01
9.520168402605538871e-02
9.520673455121863027e-01
1.176226643480741885e+01
4.236439924810789792e-01
9.581160650847239668e-02
9.515475422308361519e-02
3.672910412912460565e+00
2.985943046480436180e+00
9.869269561316949477e-03
1.699499261639349186e+02
1.470330768444139480e+01
4.667951693509621997e-02
4.483807387105911979e-01
7.007824952178985933e-01
2.092541056274837274e-01
2.073437704100125600e+01
3.227593708020578083e-13
9.866304012316483649e-11
3.421499892816165698e+02
0.000000000000000000e+00
3.586829944019854821e+01
3.116272679039470717e+01
2.175668005163117016e+02
1.657160415990199531e-01
6.938299272002622642e-01
7.058216339904775793e+01
0.000000000000000000e+00
2.940737326644312191e-11
2.847218418721389455e+01
3.557544069470220323e-10
4.557511890802355414e-01
1.699981625388578078e-10
2.941708648401937737e-04
1.842238684271743296e-02
2.556056993078383854e-01
9.378752615319633248e-17
4.734120302619643228e-02
0.000000000000000000e+00
5.976766307440138926e-01
1.615486610934370459e-01
5.510921292357027212e+00
4.787930738680396203e+00
2.132567706185583489e+01
3.052473067089180488e-15
8.099222973546146855e-15
5.687400636186594529e-11
1.508910761098036342e-10
1.003910460542334076e-13
1.378139834947142471e-03
1.048408443369702086e-03
9.536262354840161371e-04
1.470937888539541882e-01
2.134438752592811642e-03
4.877474151160666321e-02
0.000000000000000000e+00
1.709993560975100925e-13
1.068286852569775598e-12
7.171491433962516203e-04
1.708864582059141895e-13
3.226679863002933952e-13
0.000000000000000000e+00
1.345565756509038258e-12
4.271392297354158901e-02
1.824423980344806458e-04
6.981069093701331102e-04
1.886945071912573017e-04
1.132547162056330023e+02
5.143048291693230745e+00
3.984386435023281048e-01
8.385285028438744348e+00
2.266490417653552303e+00
4.971945069159015240e+00
0.000000000000000000e+00
0.000000000000000000e+00
0.000000000000000000e+00
0.000000000000000000e+00
5.915159584799028636e+01
6.699091912207373412e+01
0.000000000000000000e+00
0.000000000000000000e+00
0.000000000000000000e+00
0.000000000000000000e+00
0.000000000000000000e+00
4.856311431244585489e-03
2.141637030135729470e-03
4.098580946760999998e-04
1.182769998121957229e-03
2.605887885904099952e-03
5.376216566653199691e-03
5.376216566653199691e-03
5.376216566653199691e-03
5.376216566653199691e-03
2.999299815753006873e-02
3.794982358112791161e-06
1.674218972222144344e-02
5.376216566653199691e-03
5.376216566653199691e-03
5.376216566653199691e-03
5.376216566653199691e-03
5.376216566653199691e-03
5.376216566653199691e-03
5.376216566653199691e-03
5.376216566653199691e-03
5.376216566653199691e-03
5.376216566653199691e-03
5.376216566653199691e-03
5.376216566653199691e-03
5.376216566653199691e-03
5.717773419555999964e-04
9.420411206955300182e-03
4.703248135821100177e-03
1.498765032630679922e-02
2.770337121422000162e-04
2.087240296962000101e-04
9.614153911292929312e-05
1.190359962838157069e-03
5.263639537681985385e-03
3.081525674787600252e-03
0.000000000000000000e+00
6.027695489271830097e-03
3.047370337054343837e-03
5.926493973681399956e-03
7.653219387295570999e-04
1.579978151604456097e-03
2.543903025101892923e-02
4.083402010349714874e-03
7.589964716225612816e-06
6.753801617280569790e-03
1.818807998670315604e-02
5.364844528843815651e-03
4.707042174809891039e-02
4.696923661734455843e-03
3.744382593337000176e-04
6.324960666650855309e-04
8.054220537095840848e-03
1.311797908767185382e-03
4.085931005567999840e-04
2.733650802429928289e-03
3.101764587677087025e-03
2.023990590993499574e-05
4.346519297648343549e-03
4.140325484585565263e-01
1.715078431230881648e-02
1.264994119370919446e-06
0.000000000000000000e+00
4.457838283642785900e-03
2.529988238741870656e-06
1.264994119370919446e-06
3.288984710364429312e-05
1.287763517009342818e-03
0.000000000000000000e+00
1.095484907375200018e-03
5.749397776030642365e-03
3.393979222272200304e-03
0.000000000000000000e+00
1.178974519253700101e-03
2.708351913062941995e-03
2.656487650678970711e-05
6.324960666650855309e-04
3.162480333325427655e-04
1.467394171490614581e-03
5.261110045953442706e-03
3.192845157292201110e-03
2.839910804967285714e-03
5.059976477483741313e-06
3.858227098979442687e-04
2.642572715365800167e-03
2.666606114103328533e-03
1.317617974038801446e-02
6.628584080808717222e-04
9.779664075244571403e-03
1.697622108195699989e-03
4.053039172423670428e-03
7.373650225302941924e-03
0.000000000000000000e+00
4.111232377486072169e-03
2.804489976604570937e-03
7.197826469424144355e-04
4.503379561470657357e-03
3.162480333325441749e-04
1.404423392392851812e-18
1.004406323800815593e-03
1.723047695578837357e-02
7.321788941980039191e-03
1.080305474452957328e-03
2.643584760312405607e-02
5.435682213487786317e-03
4.159301161001756862e-03
2.053083469698170800e-03
2.834852814530614950e-03
3.205497084526629046e-03
5.452134584692148620e-04
5.264907014352370948e-03
2.268132469991271122e-03
1.264994119370919446e-06
1.011995295496748601e-05
1.912671158139875316e-02
1.496994388420699700e-02
6.624773210125185080e-03
1.005796526405715319e-02
4.288335029768574214e-04
1.895846637050204939e-02
4.794323243824084695e-03
1.896225688426842523e-03
5.373700480699827517e-03
4.669090812047114319e-03
2.270666430311528775e-03
2.552759622421071645e-03
3.369943340983786156e-03
2.909486474553155913e-05
2.261809485435199892e-03
1.657142296375000074e-04
5.059976477483741313e-06
2.150995752323241542e-02
3.162480333325427655e-04
6.324970596854693582e-06
5.059976477483741313e-06
4.933477065546644307e-05
6.325963617214519273e-06
4.633673459255699921e-03
4.933477065545998665e-04
4.870232324679572128e-04
2.024040242005716297e-05
0.000000000000000000e+00
