1.897392000000000053e+03
2.349556214576929278e+02
8.594506339708471998e+00
1.489119013625117987e+02
1.377564924247993483e+00
3.494580277177372188e-71
5.153217320177769931e-102
8.594471855815740469e+00
8.594962480720013787e+00
8.594994487003269512e+00
8.613161543557154687e+00
8.613913045718305739e+00
8.615758700119661384e+00
8.616014310298348633e+00
8.621629765980438620e+00
8.629511971474757459e+00
8.641155959793527686e+00
8.595035122129344174e+00
8.598353598391714314e+00
8.606644016924454021e+00
8.612709559582434338e+00
8.622360542942979933e+00
8.649193559457042824e+00
8.660247873310986222e+00
8.667674040319869988e+00
8.681834550228270331e+00
8.687525756886806505e+00
5.392454344633917929e-01
6.296762532132948564e+01
1.513361579983515171e+01
4.179774298124976453e-04
1.251406153083658243e-05
0.000000000000000000e+00
0.000000000000000000e+00
5.381610593620214189e+01
1.523414379274502721e+02
0.000000000000000000e+00
8.046524723028776194e+00
1.413268786783070441e+00
7.965421111968898913e+03
3.646839204995348638e+00
3.675795530049922460e-02
1.130123850700864750e+03
6.639221506504074943e-01
1.545001581817346370e+00
2.027122567321886493e+01
4.151596378979203195e+00
2.548800444946707766e-01
8.895125353595639828e-01
2.746408161887526678e+00
1.140850028871990141e+01
1.122177377386276653e+00
1.412867160758793261e+02
4.929722553675899377e+01
1.602291170936416975e+01
5.529830385586524955e+01
4.023672261685345752e+00
1.404902153615084792e+01
5.191573382709887774e+00
1.272888481776772052e+00
2.043864168376188317e+01
5.915391661987203786e-01
1.088170104277590013e+02
1.154867480555011916e+01
4.204853883478794963e+00
4.140551281572549414e+01
3.443576137529379189e+00
3.900522486910820597e+00
6.841795631006629685e-01
7.116751578546353585e+01
7.300406679977906599e-01
9.402879391424546540e+00
2.651895737307898671e+01
1.674039314157709057e+01
8.395877992516642685e-02
1.497720318032879916e-01
8.997609195341290615e+03
2.062088528175058944e+00
2.899391219397048580e+00
3.555415360478749731e-01
3.186456583673589332e-02
3.620941370640268220e-02
2.373380997310707129e-03
0.000000000000000000e+00
4.687913780145269271e+00
0.000000000000000000e+00
0.000000000000000000e+00
1.147819499386939057e+00
0.000000000000000000e+00
1.573159861814480465e+01
0.000000000000000000e+00
6.212953961317979439e-04
2.861648174040357703e-03
5.612952813830939445e-06
8.507835721387687045e+01
8.349025980986251802e-03
9.026551347917640506e-05
4.820461267387206483e+00
1.373624171940271886e-09
2.798262834986310179e-05
4.173443900197378959e-09
1.475205192611986149e+01
8.335542498166177727e-05
3.272860584621381577e+02
9.243125802194813623e-07
3.885806034995775704e-01
6.650354442561774704e+01
1.184578280761519137e-04
2.960863501290403075e-06
3.782743837838794576e+01
3.431462507265641958e-04
1.202569422419280443e+02
1.124777578805534176e-07
1.413360858777721956e-04
1.907829976085515140e-03
5.402082267097787494e+00
3.158671750489421698e-02
1.150881971189858814e-04
1.911026368270365072e-03
4.188132559970438898e-07
6.995347241437267544e-06
2.259961926277388557e+03
2.989947863253990915e-06
3.309929592220098781e-04
1.750172466414798328e+04
3.330523282196279355e-02
3.335340323233831894e-01
1.804814645449966974e+03
3.434506837915377205e-03
2.316377708153136497e-02
2.336422047193951329e-02
5.227960822563811755e-02
1.929335996416342552e-06
3.827130154391150674e-01
1.388357062955804534e-10
1.663845499862305378e-12
2.010424522133666522e-12
8.375985344076138095e-04
1.485335534346785319e-10
2.656552131686388818e-01
6.097392364297424372e+00
1.849104655659438127e-11
2.041572816613551578e-12
1.282123569954809801e-12
2.117050954200083735e-09
2.402695344908737298e-10
1.432260886224597405e-10
4.601550351586582212e-12
1.746882038421508376e-18
5.290634816730831389e-10
8.960450145380629194e-13
1.789769315738524441e-10
1.376267397629260867e-14
3.575522092222103751e-09
3.600687745023333672e-12
5.115227385283080736e-16
4.859349066352599877e-18
6.071870419026482970e-19
1.306984169892143612e-16
1.688944067660773730e-17
7.079631132092094737e-17
0.000000000000000000e+00
2.532809891884762976e+01
4.931678700992321751e+01
2.091998074729626536e-04
4.073701806171628253e-04
4.961455792902210447e-05
2.229531274718019028e-13
4.340961664606034216e-13
0.000000000000000000e+00
1.282078177910489991e+01
2.160543627992784956e-04
2.014483530528974331e+00
4.607427250278891412e-02
1.710298210597628946e-02
6.415134916126318254e-01
5.298602017749500052e-06
1.256634001783698764e-06
5.646879169199671540e-15
4.376464254675084007e-11
1.037936756064932094e-11
4.664129283425623075e-20
1.106160346946566820e-20
4.970702537387991536e-29
1.643719284837766859e-01
4.058118569295210247e-03
1.197550573862536050e+00
6.642544398347985379e-02
3.370130279276043954e-16
6.748235742075026141e-24
3.109624847549987153e-32
1.940866395805371694e-17
2.823389649649957492e-20
6.056670878461032914e-18
2.904089553618009387e-19
0.000000000000000000e+00
7.275109453982835746e-15
6.672657583001388673e-20
6.481596604777590933e-29
1.249757105083403229e-27
1.474986254088243719e-22
3.341686455643376292e-28
0.000000000000000000e+00
1.434789493224511703e-36
5.769337723657448750e-36
0.000000000000000000e+00
6.824774654547890589e-31
1.356490414911238175e-36
6.116226093727734856e-45
2.130513799530177656e-16
5.575824516195216904e-39
8.818291360423813069e-17
6.310066703013654307e-17
0.000000000000000000e+00
1.554899191784928011e-31
1.372637105934313403e-38
2.494696798240748424e-47
6.923255922271689440e-47
5.112886401057610262e-55
1.292820245333507352e-63
7.618073017263850083e-34
3.984703358252042073e-42
3.482124848070029720e-34
4.340598389543923806e-34
0.000000000000000000e+00
4.932068310763729535e+00
4.073704896709572494e-05
4.341474180109941293e-14
2.890991892371043852e-19
0.000000000000000000e+00
7.187683279118436379e-15
1.536193648135839508e-31
6.642087757937290728e-20
1.366156698118385739e-38
6.451866973035573673e-29
2.483108666736097828e-47
1.248648544960497521e-27
0.000000000000000000e+00
1.468030336650565306e-22
1.433332386463806808e-36
5.107061239853992502e-55
5.764473815187787677e-36
0.000000000000000000e+00
6.793767757946029330e-31
1.355160467761370139e-36
6.110588551428860805e-45
1.291589084478762609e-63
2.129056729635878249e-16
7.612203607052593135e-34
3.980763969613191421e-42
5.570316109258260773e-39
3.479033210921911292e-34
8.810124360147238346e-17
6.307503321711726090e-17
0.000000000000000000e+00
4.338742011949693154e-34
0.000000000000000000e+00
3.296647033319245185e-18
0.000000000000000000e+00
2.237577266914762665e-35
0.000000000000000000e+00
2.028154057674861466e-23
0.000000000000000000e+00
5.104914334716951149e-19
1.074412880847485059e-35
4.657185258349984448e-24
9.468833981887370835e-43
4.471308749458665770e-33
1.699727670203724494e-51
8.823489275039738905e-32
0.000000000000000000e+00
1.031773697879364515e-26
1.001174577140344011e-40
3.522705216017558828e-59
4.022973406922660375e-40
0.000000000000000000e+00
4.716447370307217445e-35
9.456069863193242205e-41
4.216026350828248185e-49
8.795084282431491674e-68
1.505156802241915868e-20
5.316158360871793275e-38
2.821410447265889351e-46
3.953255132289782346e-43
2.459445262481335084e-38
6.241555555800672083e-21
4.400397956050772010e-21
0.000000000000000000e+00
2.984329394798916301e-38
0.000000000000000000e+00
1.397943223221596538e-18
0.000000000000000000e+00
9.748602221699293441e-14
2.011912241749980474e-30
3.206731742158862186e-19
6.421745819509828945e-38
3.036048216205864232e-28
1.135765172156748566e-46
5.072602621364135621e-28
0.000000000000000000e+00
7.119868371543228784e-22
5.727602142570707331e-37
2.004981376417836239e-55
2.301399738150413937e-36
0.000000000000000000e+00
3.205134679820013682e-30
5.408018011830169566e-37
2.400607049261318390e-45
4.982543428940943911e-64
8.731296614229124058e-17
3.067756125814763145e-34
1.623472297514601377e-42
2.276099656123162138e-39
1.426075944794414808e-34
3.622233435714092733e-17
1.373802563420505314e-16
0.000000000000000000e+00
7.820901629976012697e-34
0.000000000000000000e+00
1.399175716651494114e-18
0.000000000000000000e+00
9.757008206982804139e-14
2.013678813362902985e-30
3.209561264655371706e-19
6.427491473961195310e-38
3.038763058869212053e-28
1.136796078942310599e-46
5.079853065775914903e-28
0.000000000000000000e+00
7.126135968463199209e-22
5.735857941302220948e-37
2.007897797929380570e-55
2.304718530034219328e-36
0.000000000000000000e+00
3.207996896137454670e-30
5.415818493961903776e-37
2.404097684472393435e-45
4.989857116320908452e-64
8.743715574923377568e-17
3.072158414895503682e-34
1.625788216568388782e-42
2.279343407188714193e-39
1.428104777929536514e-34
3.627378820334283435e-17
1.373919865110800615e-16
0.000000000000000000e+00
7.821703593034609072e-34
0.000000000000000000e+00
7.296961645213541700e-18
0.000000000000000000e+00
4.147007977069512356e-35
0.000000000000000000e+00
1.037355100804719770e-22
0.000000000000000000e+00
2.866612435722183909e-18
6.122330107920608662e-35
2.118679127781321173e-23
4.355110990763147533e-42
2.827983684659295901e-32
1.087965800098546859e-50
3.484651503836014498e-31
0.000000000000000000e+00
4.682962692588467591e-26
5.140800940405331615e-40
1.830929919643534420e-58
2.297132308031661696e-39
0.000000000000000000e+00
2.977747108222493505e-34
4.859953538563041514e-40
2.920814060192863918e-48
6.170982309207093999e-67
1.697781213407945547e-20
6.068168763013407189e-38
1.586915415888305765e-46
2.220828090963984670e-43
1.109740452218821144e-37
2.810476396230973804e-20
6.581875053148747478e-22
0.000000000000000000e+00
4.465981974847362340e-39
0.000000000000000000e+00
5.022769809031952040e-22
0.000000000000000000e+00
3.891769536664010463e-17
8.031815911121727451e-34
1.024156141388791028e-22
2.050957278144908045e-41
1.333252912577169012e-31
4.987635474843142086e-50
1.418333639670156743e-31
0.000000000000000000e+00
2.273921742767216772e-25
2.059029201607176165e-40
7.207792663938179366e-59
9.192667169486257963e-40
0.000000000000000000e+00
1.407513241883471808e-33
1.944151544330402400e-40
1.150672563600353657e-48
2.388260663186465838e-67
6.975226005010383784e-21
2.450757436509795546e-38
6.484452016748775271e-47
9.091167856983806360e-44
4.556811388120969663e-38
1.157430283958952127e-20
1.455331152322171396e-21
0.000000000000000000e+00
8.270825183306872544e-39
0.000000000000000000e+00
4.972892201785061845e-20
0.000000000000000000e+00
1.235664327274877691e-15
2.641655496511103865e-32
8.568478464451962770e-21
1.761216466772448019e-39
8.320257622724615286e-30
3.201507096632866740e-48
1.610665237773001381e-28
0.000000000000000000e+00
1.894003163335845434e-23
1.232229827130780741e-37
4.389414660555590233e-56
7.434301886857450421e-37
0.000000000000000000e+00
8.762865997278555268e-32
1.165133585317261002e-37
5.252560048349733872e-46
1.109919075476031566e-64
3.662554309862492682e-17
1.309188310478101661e-34
8.558680835686043371e-43
1.197541594078531593e-39
2.991958455770683989e-35
2.273152421278567059e-17
2.128470120550040761e-19
0.000000000000000000e+00
1.444186232311489909e-36
0.000000000000000000e+00
7.129823602231053736e-20
0.000000000000000000e+00
8.871846696449270003e-16
1.891956010933512102e-32
4.097295416520005954e-20
8.411786677336047345e-39
1.587273281644706098e-29
6.097743236819659582e-48
9.229298366152047575e-28
0.000000000000000000e+00
9.025056239910146192e-23
1.057359287483804017e-36
3.760293626963785410e-55
2.126164668458595051e-36
0.000000000000000000e+00
1.673975749587239456e-31
1.000243390300594624e-36
2.247973099534110182e-45
4.751453572963455320e-64
7.888558212897384751e-17
2.815051540605473749e-34
1.459580202432057669e-42
2.042898900906002704e-39
3.002826042683724667e-34
8.693279175378405707e-17
2.134752477701909815e-18
0.000000000000000000e+00
1.445645186343100536e-35
0.000000000000000000e+00
5.107528536527149340e-20
0.000000000000000000e+00
6.349727987709599658e-16
1.356791860553829003e-32
2.934067883350130875e-20
6.033816654734621535e-39
1.139643991883372310e-29
4.385969175323805074e-48
6.618553524731864538e-28
0.000000000000000000e+00
6.485100632341929197e-23
7.595077131816733048e-37
2.706070240494218876e-55
1.527472164584841996e-36
0.000000000000000000e+00
1.200227621165362087e-31
7.181614480201441498e-37
1.618913012073374170e-45
3.421204133745400112e-64
5.643108328233520302e-17
2.017274903116795806e-34
1.054261132093463911e-42
1.475269046561615422e-39
2.150042296393953067e-34
6.222645804653039023e-17
1.529914998912104418e-18
0.000000000000000000e+00
1.038201539101200908e-35
0.000000000000000000e+00
8.123986600176674519e-22
0.000000000000000000e+00
6.294698639490861340e-17
1.299076688336735153e-33
1.656511416373555489e-22
3.317260396132316249e-41
2.156418584514064145e-31
8.067000495238611263e-50
2.294063214758426567e-31
0.000000000000000000e+00
3.677940212567631309e-25
3.330286876926257530e-40
1.165784842601878789e-58
1.486835888726774611e-39
0.000000000000000000e+00
2.276544656817285337e-33
3.144499120345696974e-40
1.861093114633756160e-48
3.862710292971803244e-67
1.128205633914183767e-20
3.963919825282250667e-38
1.048770161837151064e-46
1.470372306673437692e-43
7.370038416239956072e-38
1.871994085102532112e-20
2.354015409549995176e-21
0.000000000000000000e+00
1.337801466819626121e-38
0.000000000000000000e+00
8.473355987168920851e-21
0.000000000000000000e+00
2.341516438437214268e-16
5.000857561052181455e-33
1.730586227421805016e-21
3.557352228540015989e-40
2.309960362816326878e-30
8.886742542485242173e-49
2.846343620761325565e-29
0.000000000000000000e+00
3.825152834878402502e-24
4.199121920920727191e-38
1.495543767502280530e-56
1.876349260468945496e-37
0.000000000000000000e+00
2.432290333933069711e-32
3.969718804928833865e-38
2.385784905750385007e-46
5.040590037700578088e-65
1.386787020624524929e-18
4.956618163399771793e-36
1.296228947327172066e-44
1.814023690843243205e-41
9.064617625429764527e-36
2.295662654155772113e-18
5.376240536748427019e-20
0.000000000000000000e+00
3.647924215789854831e-37
0.000000000000000000e+00
4.519088192975697496e-19
0.000000000000000000e+00
1.122869439587642825e-14
2.400555125181203053e-31
7.786532213754240762e-20
1.600438475801746056e-38
7.560844804513412870e-29
2.909267556238014407e-47
1.463673100324493882e-27
0.000000000000000000e+00
1.721168300416833678e-22
1.119759160613639963e-36
3.988727205772622394e-55
6.755775941456288575e-36
0.000000000000000000e+00
7.963128635458664421e-31
1.058791774293080098e-36
4.773109662232704607e-45
1.008593399725655846e-63
3.328336929716059993e-16
1.189708323747704803e-33
7.777658983901749504e-42
1.088256055360163075e-38
2.718925084317762044e-34
2.065720666475716176e-16
1.934317259490547735e-18
0.000000000000000000e+00
1.312430581580659361e-35
0.000000000000000000e+00
7.056477882717273302e-19
0.000000000000000000e+00
8.780636075804352306e-15
1.872478883631828483e-31
4.055156852548509964e-19
8.325177266636919910e-38
1.570919635993390165e-28
6.034842841443743274e-47
9.134287866637837699e-27
0.000000000000000000e+00
8.932022054504873795e-22
1.046462067578310393e-35
3.721491451867429094e-54
2.104250294617466745e-35
0.000000000000000000e+00
1.656745024906833046e-30
9.899379152711947677e-36
2.224765047761638959e-44
4.702405673291403364e-63
7.807484505055075889e-16
2.786086037965495621e-33
1.444480956454503441e-41
2.021768430158015626e-38
2.971945796098744611e-33
8.603897310894278689e-16
2.112828346022595657e-17
0.000000000000000000e+00
1.430794085381364723e-34
0.000000000000000000e+00
0.000000000000000000e+00
0.000000000000000000e+00
0.000000000000000000e+00
0.000000000000000000e+00
0.000000000000000000e+00
0.000000000000000000e+00
0.000000000000000000e+00
0.000000000000000000e+00
0.000000000000000000e+00
0.000000000000000000e+00
0.000000000000000000e+00
0.000000000000000000e+00
0.000000000000000000e+00
0.000000000000000000e+00
0.000000000000000000e+00
0.000000000000000000e+00
0.000000000000000000e+00
0.000000000000000000e+00
0.000000000000000000e+00
0.000000000000000000e+00
0.000000000000000000e+00
0.000000000000000000e+00
0.000000000000000000e+00
0.000000000000000000e+00
0.000000000000000000e+00
0.000000000000000000e+00
0.000000000000000000e+00
0.000000000000000000e+00
0.000000000000000000e+00
6.627816356552816701e-02
7.183297459157591180e-05
5.086877616464044571e+00
8.177160593190029658e+01
1.037081802615346243e-01
2.017868228435816924e+00
2.193859353818032076e+01
3.056549831042928989e-02
1.525473399136441444e+01
4.331566242196232430e+00
5.364600374278284791e-11
3.092914540765673959e+00
3.246018637115411685e-10
1.370465228685710404e-11
0.000000000000000000e+00
0.000000000000000000e+00
1.088985850057679505e-12
4.200441312149431373e-03
4.574219647651463951e-17
1.603750882125802590e+01
1.633647362717193346e+03
1.843305387057905254e+00
0.000000000000000000e+00
2.284847737750342489e+01
1.174360938764166473e+00
1.860918027680665388e+00
2.914289923814054536e-02
8.447850044789387280e-02
4.838560040607864039e+02
1.178945713127125146e+02
2.871714518826597100e+02
1.583446288352335345e-11
7.853312476717517754e+00
1.413603243565105458e+02
1.158103296927845065e+02
2.255128567167101394e+01
5.722526257491626467e+01
1.509127478381825606e-13
1.902262916638393732e-11
1.018282916360052412e-09
1.835205236976918738e-09
2.228085549742072047e+01
4.039374044487038840e-09
6.467211999390392041e-01
1.258501816236057003e-01
6.293123387490660858e-02
2.212974958480119483e+02
1.453043840287004159e-13
9.996322612986401509e+03
3.525692011995677166e+00
4.538925061960547014e-01
7.966656942277636766e-01
2.492103007398354109e+01
8.186843346084500539e-02
8.187285132899028151e-01
9.756644922792045094e+00
3.439687211729131611e-01
9.415542067761895062e-02
8.147070681461594799e-02
3.639638785756456052e+00
2.613107482778604940e+00
8.481402450267601714e-03
2.211639097049890097e+02
1.645079110013952217e+01
4.694097713090170793e-02
4.729918436794954273e-01
6.998293285436884004e-01
2.218736930580596234e-01
2.136911669368625510e+01
2.326796206726555767e-13
7.170470459811997703e-11
3.413025670622004100e+02
0.000000000000000000e+00
3.928087040383978490e+01
3.282739568872040081e+01
2.142013944998715829e+02
2.605074571392205773e-01
9.267321670743952078e-01
7.051904297218780471e+01
0.000000000000000000e+00
1.172378299497226585e-11
2.261352847952130674e+01
9.390176791473680064e-11
4.433691707001540805e-01
5.506682608300473755e-11
3.346868828141006855e-04
2.019479592304997476e-02
2.286798138002657244e-01
6.793246330230187654e-17
4.927001736436718154e-02
0.000000000000000000e+00
6.812557407596995240e-01
1.659922140871291918e-01
5.640162905745348176e+00
4.713534942475178013e+00
2.255147775365304597e+01
7.848347452705267807e-15
1.939049102106429314e-14
5.296942638157395484e-11
1.308474159133446369e-10
7.219410492630887300e-14
1.454804494466959645e-03
9.134265702789281984e-04
8.201270738988257827e-04
1.646110669154020878e-01
1.936255153770384671e-03
5.065635860688393749e-02
0.000000000000000000e+00
5.523821032394326979e-14
2.817362855502659236e-13
9.694677528681875040e-04
5.396467615697606443e-14
4.724208624611891678e-13
0.000000000000000000e+00
2.441500470067660058e-12
4.546113090190553180e-02
2.066487869800130619e-04
9.089827941401426624e-04
2.214793624723484806e-04
1.098305806375178832e+02
4.853767767411172329e+00
3.462045755934758384e-01
8.375622031929427891e+00
2.040771369637130128e+00
7.808226449045161388e+00
0.000000000000000000e+00
0.000000000000000000e+00
0.000000000000000000e+00
0.000000000000000000e+00
6.011692217433095209e+01
6.602559279572361106e+01
0.000000000000000000e+00
0.000000000000000000e+00
0.000000000000000000e+00
0.000000000000000000e+00
0.000000000000000000e+00
3.907567331246956759e-03
2.774133096800814567e-03
0.000000000000000000e+00
8.665219647894144631e-04
1.973391819239014421e-03
5.376216566653199691e-03
5.376216566653199691e-03
5.376216566653199691e-03
5.376216566653199691e-03
2.145430125755141276e-02
3.794982358112791161e-06
1.199846922223330066e-02
5.376216566653199691e-03
5.376216566653199691e-03
5.376216566653199691e-03
5.376216566653199691e-03
5.376216566653199691e-03
5.376216566653199691e-03
5.376216566653199691e-03
5.376216566653199691e-03
5.376216566653199691e-03
5.376216566653199691e-03
5.376216566653199691e-03
5.376216566653199691e-03
5.376216566653199691e-03
5.717773419555999964e-04
9.420411206955300182e-03
4.703248135821100177e-03
1.498765032630679922e-02
2.770337121422000162e-04
2.087240296962000101e-04
7.286376057780148512e-04
2.455352096168328131e-03
6.212383637679614115e-03
2.132781574789971955e-03
3.162480333325427655e-04
7.292687622602001159e-03
3.679866403719428067e-03
2.764013640355971000e-03
7.653219387295570999e-04
2.844970284934628894e-03
2.670402238434909856e-02
5.664642177012429135e-03
7.589964716225612816e-06
4.223817350620227666e-03
1.818807998670316992e-02
1.010856502883195757e-02
4.074546108144805334e-02
4.064427595069370312e-03
5.819022600115726564e-05
8.209806869615427893e-04
1.248169300375144043e-02
3.630538087695571394e-04
9.487440999976282964e-04
2.101154735764842758e-03
2.469268521012000193e-03
2.023990590993499574e-05
1.816535030988001859e-03
4.127675563252263258e-01
1.715078431230881648e-02
1.264994119370919446e-06
0.000000000000000000e+00
2.560350083647528873e-03
2.529988238741870656e-06
1.264994119370919446e-06
3.491378804361870789e-04
3.390194170117145759e-04
0.000000000000000000e+00
1.095484907375200018e-03
4.168157609367928972e-03
2.445235122274572008e-03
1.505343002051000019e-04
8.627264859211575525e-04
4.946156797351427452e-04
2.656487650678963935e-05
9.487440999976282964e-04
0.000000000000000000e+00
1.783642204823157346e-03
6.526102179283614635e-03
6.671573523950171530e-03
1.574918671637114435e-03
5.059976477483741313e-06
7.020707432304868715e-04
2.326324682033257402e-03
2.034110047438243002e-03
1.412492384038564232e-02
3.036234141578618106e-05
5.984687675254059085e-03
2.646366208193330020e-03
2.471799005760956600e-03
6.424906125305312327e-03
9.487440999976282964e-04
6.641216644146414293e-03
1.539497843274399876e-03
1.984774780272585606e-03
3.554635461473029060e-03
3.162480333325428956e-03
3.162480333325427655e-04
3.218142557128614734e-03
1.058926825580497159e-02
1.048426927530547031e-02
1.712801541118042425e-03
2.390586333646371395e-02
7.649418446815583507e-03
3.526805094336670898e-03
1.420587403033085486e-03
3.783596914528243246e-03
6.051729384519511333e-03
1.810205591799385599e-03
5.897403081017456479e-03
6.868923033285572952e-04
1.264994119370919446e-06
1.011995295496748601e-05
1.691297534807095077e-02
1.528619191753954019e-02
6.941021243457727412e-03
1.005796526405715319e-02
1.377577602974485067e-03
2.401843490382272323e-02
1.631842910498657474e-03
9.474815884292144431e-04
5.689948514032368981e-03
4.036594745382028789e-03
2.586914463644071974e-03
3.185255689086157176e-03
2.421199240986157426e-03
2.909486474553155913e-05
1.945561452102657126e-03
0.000000000000000000e+00
5.059976477483741313e-06
2.309119768989512794e-02
0.000000000000000000e+00
0.000000000000000000e+00
5.059976477483741313e-06
3.655828039880092356e-04
1.587566130279928446e-03
6.531161659250956514e-03
4.933477065545999749e-04
8.032712658005000325e-04
6.527364690851426973e-04
0.000000000000000000e+00
