1.897392000000000053e+03
5.379527096884933144e+02
9.894452523262264876e+00
1.319684301972412754e+02
3.744684753138911582e+00
2.357633171036410735e-81
5.260516664627668692e-103
9.895256837180133047e+00
9.895550109063327326e+00
9.895563911615017361e+00
9.849157239392102525e+00
9.847221836544953533e+00
9.842370894833353034e+00
9.841697309218485401e+00
9.825849813349121220e+00
9.801338387486323356e+00
9.760524994014845745e+00
9.895134403755662333e+00
9.890734029638174718e+00
9.873360882175106212e+00
9.858524320398647234e+00
9.829357884332436512e+00
9.728624277490636629e+00
9.685775598376276108e+00
9.656765549425450956e+00
9.602341902832860043e+00
9.580668214454098219e+00
1.772228312276677542e+00
7.145516122967796946e+01
1.519722442486406955e+01
1.288893881163236717e-04
1.116959396077567028e-05
0.000000000000000000e+00
0.000000000000000000e+00
3.967997496436914417e+01
1.522559122503407139e+02
0.000000000000000000e+00
8.980963233074580998e+00
1.174542018579930902e+00
7.962854583481849659e+03
3.997908852470011709e+00
3.924988703337121271e-02
1.130659220981490535e+03
7.344724639501335473e-01
1.585178402073850190e+00
2.166891810549419262e+01
4.437573965990678104e+00
2.546385228210528706e-01
8.887007402929741895e-01
2.743262115770484399e+00
1.140838878051176408e+01
1.122654686917935463e+00
1.412781467947853855e+02
4.932683001648012322e+01
1.602718370789512292e+01
5.529831038720151071e+01
4.023745620333375683e+00
1.405082251620262035e+01
5.181124436990701021e+00
1.272441205006918263e+00
2.047060578096067829e+01
5.898682659295516606e-01
1.088202637262218104e+02
1.152713215662296697e+01
4.204660061133480120e+00
4.134835794801716702e+01
3.443528190108574361e+00
3.900466276219526129e+00
6.841709522789209963e-01
7.116751942803902864e+01
7.300308235400999601e-01
9.402866517841097505e+00
2.651896239984078107e+01
1.674039059281246722e+01
8.409005331492011570e-02
1.497720318032879916e-01
8.998936254101663508e+03
2.259690701062458729e+00
2.898646567328765578e+00
3.785854099765449954e-01
3.181932277846731549e-02
3.613024924660551002e-02
2.372752211617341379e-03
0.000000000000000000e+00
5.256770375680157592e+00
0.000000000000000000e+00
0.000000000000000000e+00
7.855089862856279304e-01
0.000000000000000000e+00
1.725312527250670769e+01
0.000000000000000000e+00
6.328663598792297644e-04
2.861550565197355962e-03
5.708983512303818231e-06
8.547288368221769872e+01
8.538020195611921090e-03
1.265051575283970473e-04
4.864732950951624169e+00
1.942763474528992080e-09
3.136963553444887647e-05
5.131027269766199727e-09
1.075723705262601726e+01
8.518490023190187111e-05
3.274651000667320773e+02
1.296098507352094394e-06
3.887447204902333420e-01
6.572344135860342362e+01
1.189907163450273610e-04
2.962729981383523646e-06
3.735252924358572812e+01
3.388608365865695147e-04
1.205146044776323322e+02
1.127900689059246612e-07
1.371994616199214182e-04
1.847029033051762964e-03
5.334109063729641775e+00
3.014733739896531886e-02
1.078685591466534756e-04
1.758168442260363805e-03
3.679071541668744536e-07
5.979753765658671249e-06
2.259971953868561741e+03
2.626534587395917140e-06
2.433970973472974466e-04
1.732050451369612347e+04
2.423720822840780970e-02
2.419555516968860398e-01
1.831510867946074768e+03
2.562899617994173623e-03
1.831963564459378538e-02
1.692227452294010198e-02
5.729315208009099630e-02
1.531351009486776406e-06
3.263137015838206145e-01
1.079249848558776102e-10
1.894394861297333864e-12
2.312903518659703403e-12
7.715829486142604257e-04
1.252239922519008327e-10
1.786116983678466552e-01
6.095912151422823833e+00
1.693688839962227454e-11
2.156838542546512888e-12
1.592651236042376890e-12
1.920576845816799400e-09
2.474759082196148995e-10
1.803772007147893218e-10
4.255390818321871402e-12
1.618944353160020889e-18
4.869248227749624214e-10
8.733713877664470090e-13
1.746723336843293889e-10
1.622283180340506509e-14
3.455899642168308058e-09
3.476075885427127306e-12
7.119274055181605123e-16
4.893956873007600416e-18
6.115333746788335220e-19
2.158946509042041971e-16
5.419365443721806407e-17
1.315248332179437044e-17
0.000000000000000000e+00
2.140048338206040768e+01
4.391580819228421717e+01
2.022048275180236864e-04
4.150019918647206933e-04
4.990419579850972502e-05
2.170035960551955934e-13
4.453184334093406688e-13
0.000000000000000000e+00
1.196731766659962837e+01
2.160542777443706089e-04
2.044522241996391543e+00
1.198451370562499292e-02
2.607164154866584323e-03
4.579765121877599765e-01
4.327233268146028295e-06
1.067961223334791710e-06
4.643876743330378884e-15
4.088688157420837609e-11
1.009088287088339427e-11
4.387876193741919442e-20
1.082927898109712099e-20
4.708957189422612107e-29
1.432156179614696989e-01
4.180035403543006650e-03
1.221984245667441238e+00
4.331908939932592462e-02
4.004155680836523641e-16
7.735664873548947516e-24
3.405790173760494592e-32
1.931569409159257457e-17
4.662958055093855744e-20
1.405535200644165200e-17
3.140098891462882120e-19
0.000000000000000000e+00
7.086942933521317511e-15
7.447762184300631769e-20
7.417576845526334284e-29
1.391229628087067899e-27
1.419113290701214610e-22
3.853786767877200135e-28
0.000000000000000000e+00
1.610303248929150887e-36
6.129445778673347046e-36
0.000000000000000000e+00
6.261593814038876355e-31
1.502525957779941510e-36
6.541325132842231969e-45
1.976928801789815573e-16
1.335997949853228976e-38
1.772056671401858883e-16
5.085185141953042487e-18
0.000000000000000000e+00
2.097099352100627791e-31
1.604118278167041097e-38
3.053741000996855422e-47
8.273119916747242345e-47
5.846545864319931290e-55
1.433664890543021922e-63
7.273755000276766364e-34
1.086797505945962227e-41
2.046931304759442741e-33
5.375251921051286230e-36
0.000000000000000000e+00
4.392165252820561250e+00
4.150023313479943526e-05
4.453704217403820384e-14
3.121950422719501540e-19
0.000000000000000000e+00
6.977233781281414697e-15
2.064615402459082226e-31
7.404089364578842122e-20
1.594515534299641984e-38
7.374315176227950583e-29
3.035773871295533999e-47
1.389901644807954907e-27
0.000000000000000000e+00
1.410658851096728783e-22
1.608568706150976564e-36
5.839582668004476589e-55
6.123779996310330938e-36
0.000000000000000000e+00
6.225339620829454269e-31
1.500971326368534410e-36
6.534781790638286154e-45
1.432193323505557432e-63
1.975322130919277688e-16
7.267266360727383061e-34
1.085487043033637345e-41
1.334315647140744663e-38
2.044306550523308443e-33
1.769834745721405400e-16
5.079852632446289623e-18
0.000000000000000000e+00
5.368870022174872988e-36
0.000000000000000000e+00
5.880567772002120354e-18
0.000000000000000000e+00
6.147598146732057342e-36
0.000000000000000000e+00
2.178582497380696425e-23
0.000000000000000000e+00
4.936294031009303970e-19
1.439416314231093524e-35
5.159242706402457832e-24
1.099544518577224284e-42
5.099796299064276397e-33
2.076074345072931542e-51
9.826706336642283348e-32
0.000000000000000000e+00
9.893518007783999362e-27
1.124198038387679464e-40
4.031751117077326725e-59
4.281682644169360815e-40
0.000000000000000000e+00
4.317468682760213858e-35
1.048814497578080692e-40
4.517597218824460221e-49
9.775718378343176853e-68
1.391903878073552425e-20
5.062051198867938413e-38
7.535704533101010338e-46
9.229954085757176963e-43
1.405410397840021534e-37
1.231673477731341294e-20
3.585250877754044785e-22
0.000000000000000000e+00
3.741288844517827878e-40
0.000000000000000000e+00
1.926077502909570841e-18
0.000000000000000000e+00
1.213006073129497253e-13
3.465005631346882596e-30
4.551664681123684507e-19
9.568522350814992326e-38
4.455258797305049437e-28
1.787880098585532455e-46
6.882903407113920973e-28
0.000000000000000000e+00
8.802971434857201072e-22
7.835611253441439808e-37
2.795948217416368099e-55
2.985529245085010308e-36
0.000000000000000000e+00
3.788343962016347158e-30
7.310115594875252970e-37
3.135329202526597364e-45
6.750358212885307324e-64
9.824712328465931561e-17
3.555349394965648273e-34
5.230224153669728746e-42
6.407559943737089920e-39
9.805992337227459787e-34
8.641619514414374789e-17
1.135647605937369054e-17
0.000000000000000000e+00
9.729438874609745211e-36
0.000000000000000000e+00
1.927783405192326192e-18
0.000000000000000000e+00
1.214057273587069461e-13
3.468064103360123618e-30
4.555703522935064028e-19
9.577120560173856827e-38
4.459248048255312826e-28
1.789502645633055963e-46
6.892721967776403550e-28
0.000000000000000000e+00
8.810722245901736186e-22
7.846882938200989773e-37
2.800005990350126113e-55
2.989822129474831668e-36
0.000000000000000000e+00
3.791723290645517104e-30
7.320632371255985824e-37
3.139874613759323013e-45
6.760234902131543107e-64
9.838694940173141641e-17
3.560452032402841422e-34
5.237790229701047098e-42
6.416845213540476094e-39
9.820208548557935576e-34
8.654034045659059406e-17
1.135734567847647700e-17
0.000000000000000000e+00
9.730319637802676801e-36
0.000000000000000000e+00
1.378725192401901239e-17
0.000000000000000000e+00
1.179569574383590629e-35
0.000000000000000000e+00
1.197388152432227519e-22
0.000000000000000000e+00
2.974284736539995485e-18
8.794828003785453807e-35
2.524322211054186927e-23
5.433013848244162966e-42
3.455265818467649966e-32
1.421871624155999105e-50
4.147029939012197392e-31
0.000000000000000000e+00
4.810355731761819322e-26
6.168049588963029434e-40
2.238222320099638980e-58
2.609108778889032054e-39
0.000000000000000000e+00
2.916830121848513811e-34
5.755057398766919034e-40
3.339563517680297752e-48
7.315880211037663477e-67
1.683841954992641366e-20
6.192771198240391367e-38
4.623409222043413437e-46
5.682422019307069063e-43
6.964851569983322226e-37
6.032286605638656063e-20
1.253333877605947951e-21
0.000000000000000000e+00
1.309872663858277104e-39
0.000000000000000000e+00
7.399986435589271829e-22
0.000000000000000000e+00
5.178109443283460432e-17
1.479148901707400935e-33
1.554451916006983920e-22
3.267771629358454865e-41
2.092088711389120381e-31
8.395522774521895198e-50
2.057893169983898270e-31
0.000000000000000000e+00
3.006328629614654403e-25
3.012075508075972036e-40
1.074791631230529023e-58
1.275188025052152124e-39
0.000000000000000000e+00
1.778930767786861615e-33
2.810086157187931086e-40
1.607004400643421905e-48
3.459875611447096262e-67
8.392725365468060762e-21
3.037142920437523090e-38
2.233835278679485767e-46
2.736676575549243079e-43
3.350520823342064976e-37
2.952678489906007574e-20
2.940218456460592273e-21
0.000000000000000000e+00
2.515480463932235322e-39
0.000000000000000000e+00
4.974668089984081364e-20
0.000000000000000000e+00
1.111119279246896907e-15
3.288851965820284666e-32
8.847821816283639298e-21
1.904213886203953920e-39
8.810091466063881277e-30
3.626127654591535651e-48
1.661069888996196085e-28
0.000000000000000000e+00
1.686032595336391108e-23
1.281219117266525683e-37
4.650078977670013998e-56
7.317328115431306868e-37
0.000000000000000000e+00
7.438886797890004040e-32
1.195651528240635652e-37
5.204423793626096917e-46
1.140320297297275196e-64
3.147992711173087424e-17
1.157884573753234524e-34
2.161411585198519284e-42
2.656288207772634129e-39
1.627893208357217666e-34
4.229103638568642126e-17
3.514306986379880830e-19
0.000000000000000000e+00
3.672729574311550781e-37
0.000000000000000000e+00
7.331059796091044863e-20
0.000000000000000000e+00
8.198639079455091576e-16
2.421074433306844257e-32
4.348015313891993799e-20
9.347938979266232507e-39
1.728389691170213936e-29
7.103264989272045125e-48
9.792919314394235087e-28
0.000000000000000000e+00
8.260851025916993152e-23
1.131138760690155978e-36
4.098856105448091006e-55
2.153592610109307903e-36
0.000000000000000000e+00
1.461428167028851487e-31
1.056213482860996213e-36
2.292206194074784059e-45
5.024059553974259317e-64
6.971774145785678914e-17
2.560194539808982202e-34
3.782636416346258129e-42
4.645282869959790107e-39
1.674229122954701622e-33
1.659626315729696716e-16
3.602939622766745196e-18
0.000000000000000000e+00
3.758890074111389524e-36
0.000000000000000000e+00
4.909390819900310345e-20
0.000000000000000000e+00
5.486302936504727221e-16
1.623092831873231385e-32
2.911169032145071258e-20
6.268406320508331664e-39
1.159486925159443557e-29
4.773150066019796722e-48
6.558280823766290378e-28
0.000000000000000000e+00
5.546991560255789792e-23
7.587664443146999813e-37
2.754456502972161161e-55
1.444528594717311932e-36
0.000000000000000000e+00
9.789890028911238791e-32
7.080973050180915143e-37
1.541222430429070343e-45
3.377173754981632327e-64
4.660401809717113126e-17
1.714283207734577786e-34
2.558405295218669558e-42
3.144595995094171931e-39
1.124172010070935488e-33
1.112464840354035649e-16
2.427720268795150257e-18
0.000000000000000000e+00
2.537481925929617226e-36
0.000000000000000000e+00
1.264980664124616822e-21
0.000000000000000000e+00
8.851685371474621897e-17
2.528481207835789232e-33
2.657248651033647716e-22
5.586010643591044926e-41
3.576258327074464607e-31
1.435138992130220516e-49
3.517870052807009900e-31
0.000000000000000000e+00
5.139185614454139784e-25
5.148906586719867651e-40
1.837259847879848516e-58
2.179848436308278604e-39
0.000000000000000000e+00
3.040968547665884779e-33
4.803650258236830831e-40
2.747034075743817619e-48
5.914277612824785877e-67
1.434700999023011709e-20
5.191806068421816726e-38
3.818372802714773536e-46
4.677885436872065717e-43
5.727144678664265237e-37
5.047166679931607940e-20
5.026142698014320573e-21
0.000000000000000000e+00
4.300043986787817876e-39
0.000000000000000000e+00
1.033698146682406668e-20
0.000000000000000000e+00
2.567683690072794182e-16
7.592518617702327919e-33
2.179232627253753951e-21
4.690284914826673525e-40
2.982908602406319532e-30
1.227491845548605614e-48
3.580107618757433486e-29
0.000000000000000000e+00
4.152753186355651798e-24
5.324839083666778675e-38
1.932242243067767475e-56
2.252427520596031193e-37
0.000000000000000000e+00
2.518080434054828388e-32
4.968304920276883367e-38
2.883022657731581805e-46
6.315745836624863386e-65
1.453651177369718330e-18
5.346181397971190319e-36
3.991358938099099513e-44
4.905596706732413047e-41
6.012709529454875532e-35
5.207635745851467363e-18
1.081996174157517792e-19
0.000000000000000000e+00
1.130805316683720904e-37
0.000000000000000000e+00
4.520625978822792364e-19
0.000000000000000000e+00
1.009675142376928506e-14
2.988632245470941904e-31
8.040239081474781550e-20
1.730352609842876642e-38
8.005862115661023001e-29
3.295086128397531278e-47
1.509462384441570190e-27
0.000000000000000000e+00
1.532153678674590694e-22
1.164265185665125924e-36
4.225555710063045350e-55
6.649420323066614322e-36
0.000000000000000000e+00
6.759891806971001452e-31
1.086514267686550512e-36
4.729326582440243978e-45
1.036210865272103443e-63
2.860689234007413780e-16
1.052198221819528682e-33
1.964117544588861619e-41
2.413795929668375151e-38
1.479283487696244385e-33
3.843077531939052618e-16
3.193569919763071947e-18
0.000000000000000000e+00
3.337484582409465829e-36
0.000000000000000000e+00
7.255548224983901209e-19
0.000000000000000000e+00
8.114233640122986028e-15
2.396118403310092487e-31
4.303236277988237060e-19
9.251567416374003184e-38
1.710565725516978719e-28
7.029931279172899913e-47
9.692048759281779344e-27
0.000000000000000000e+00
8.175608294478413787e-22
1.119474504794913208e-35
4.056538009152597152e-54
2.131386189736693962e-35
0.000000000000000000e+00
1.446371860589097553e-30
1.045326109303908517e-35
2.268531832302070954e-44
4.972179152987431080e-63
6.900050437049139856e-16
2.533826056509685294e-33
3.743411392725632481e-41
4.597083949899535647e-38
1.656953058247703761e-32
1.642520711153837644e-15
3.565866966730102131e-17
0.000000000000000000e+00
3.720203022500921809e-35
0.000000000000000000e+00
0.000000000000000000e+00
0.000000000000000000e+00
0.000000000000000000e+00
0.000000000000000000e+00
0.000000000000000000e+00
0.000000000000000000e+00
0.000000000000000000e+00
0.000000000000000000e+00
0.000000000000000000e+00
0.000000000000000000e+00
0.000000000000000000e+00
0.000000000000000000e+00
0.000000000000000000e+00
0.000000000000000000e+00
0.000000000000000000e+00
0.000000000000000000e+00
0.000000000000000000e+00
0.000000000000000000e+00
0.000000000000000000e+00
0.000000000000000000e+00
0.000000000000000000e+00
0.000000000000000000e+00
0.000000000000000000e+00
0.000000000000000000e+00
0.000000000000000000e+00
0.000000000000000000e+00
0.000000000000000000e+00
0.000000000000000000e+00
0.000000000000000000e+00
1.522352049996617218e+00
7.183297160895865262e-05
6.605252042740829665e+00
7.705587897352657478e+01
1.108968502030881764e-01
2.273029119596295722e+00
2.032536243828289457e+01
3.017072610971029134e-02
1.409269519496996637e+01
4.125652721262624389e+00
1.770615075319301554e-10
2.753094496061518015e+00
4.185536358685579733e-10
4.707990621258519567e-11
0.000000000000000000e+00
0.000000000000000000e+00
9.955745293056168104e-13
4.200439243743561181e-03
4.181848042861599599e-17
1.636670380861344398e+01
1.726590469379635124e+03
1.930308601802245505e+00
0.000000000000000000e+00
2.602076289257857056e+01
1.269065792907752011e+00
2.049399492002478063e+00
2.421489239150494827e-02
7.914452049207225393e-02
4.326487498462491885e+02
1.194059802834962341e+02
3.294551631511877190e+02
2.000458657127245045e-11
8.277178166958011118e+00
1.489899681283986865e+02
1.159801513353894080e+02
2.380344275789145314e+01
6.040803529100607250e+01
8.500808199460305570e-14
1.372717129139047589e-11
9.830209912031538963e-10
1.869975755902268346e-09
2.063790082086359590e+01
3.862310030480293327e-09
6.467211950753254390e-01
1.607767501573619251e-01
8.047483271789308834e-02
1.999187383986385385e+02
1.329505661722005510e-13
9.996211171568345890e+03
3.579699474096418310e+00
4.301771535869192697e-01
8.161873776933824542e-01
2.574935866227975367e+01
1.053520289376983776e-01
1.053641988064249801e+00
1.210490334430216386e+01
4.332686849612118474e-01
1.236386827316270642e-01
7.315251915977501185e-02
3.932558057342897317e+00
2.562637027210097340e+00
1.092748133801517592e-02
1.848398841574829419e+02
1.768733328244797676e+01
3.668315460957932012e-02
4.718718739689461428e-01
7.808296199115073444e-01
1.729775346748969322e-01
2.103865922180826686e+01
2.094085114584295742e-13
6.436097564511686586e-11
3.431410019474809587e+02
0.000000000000000000e+00
3.339198244715119301e+01
3.015881905338365954e+01
2.257631357473945855e+02
1.571821875746597930e-01
7.241737926188183128e-01
6.957523996470729344e+01
0.000000000000000000e+00
1.325230164430513626e-11
2.924593286767091627e+01
4.172534507028773851e-10
4.272009194508033514e-01
1.825732240209793902e-10
5.518189703891001642e-04
2.276011323381490689e-02
2.604597680628576439e-01
6.563816266062943836e-17
5.265461685366036593e-02
0.000000000000000000e+00
5.706952464006952441e-01
1.575051561392120381e-01
5.500570648202926627e+00
4.967977849082803488e+00
2.380359540659237538e+01
4.666956890037661184e-15
1.151227254803020243e-14
5.397070558711066070e-11
1.331128686440649206e-10
6.532320370078730237e-14
1.399913475317837849e-03
1.178760497301056288e-03
1.056135990240987879e-03
1.770484937541606796e-01
2.485909232940965684e-03
5.326464234411007470e-02
0.000000000000000000e+00
1.828413849778154171e-13
1.251721366895437059e-12
7.527876508026961179e-04
1.765752443890493750e-13
5.483171555971704252e-13
0.000000000000000000e+00
1.857883415469752990e-12
3.866339289468421342e-02
1.494744407452251462e-04
5.879078013597984322e-04
1.622556360640447885e-04
1.088634867798556769e+02
4.639908468879926140e+00
4.198806990281536700e-01
9.082997931359823696e+00
2.506799077561080669e+00
4.717488346290996226e+00
0.000000000000000000e+00
0.000000000000000000e+00
0.000000000000000000e+00
0.000000000000000000e+00
6.039514108290475036e+01
6.574737388715263364e+01
0.000000000000000000e+00
0.000000000000000000e+00
0.000000000000000000e+00
0.000000000000000000e+00
0.000000000000000000e+00
8.018791764570012276e-03
3.090381130133357766e-03
1.042354161341185531e-03
2.764010164784671056e-03
1.340895752573928890e-03
5.376216566653199691e-03
5.376216566653199691e-03
5.376216566653199691e-03
5.376216566653199691e-03
2.430053355754429809e-02
3.794982358112791161e-06
1.263096528889838532e-02
5.376216566653199691e-03
5.376216566653199691e-03
5.376216566653199691e-03
5.376216566653199691e-03
5.376216566653199691e-03
5.376216566653199691e-03
5.376216566653199691e-03
5.376216566653199691e-03
5.376216566653199691e-03
5.376216566653199691e-03
5.376216566653199691e-03
5.376216566653199691e-03
5.376216566653199691e-03
5.717773419555999964e-04
9.420411206955300182e-03
4.703248135821100177e-03
1.498765032630679922e-02
2.770337121422000162e-04
2.087240296962000101e-04
2.309877772440728678e-03
8.741119295056145200e-04
5.579887571014528584e-03
4.346517808117770880e-03
0.000000000000000000e+00
6.660191555936913893e-03
3.679866403719428501e-03
2.764013640355971000e-03
7.653219387295570999e-04
1.581240166662713827e-03
2.702027041768164523e-02
7.245882343675143396e-03
7.589964716225612816e-06
2.958825217290055737e-03
2.103431228669604830e-02
9.792316995499414367e-03
4.801916584809653998e-02
5.329419728399542242e-03
5.819022600115726564e-05
0.000000000000000000e+00
1.090045283708872617e-02
6.793018421020998506e-04
7.248411338893426953e-04
1.468658669099757010e-03
3.101764587677087025e-03
2.023990590993499574e-05
2.765279130985630156e-03
4.428111194918178950e-01
1.430455201231593115e-02
1.264994119370919446e-06
0.000000000000000000e+00
3.509094183645157603e-03
2.529988238741870656e-06
1.264994119370919446e-06
0.000000000000000000e+00
1.287763517009342818e-03
0.000000000000000000e+00
7.792368740426572522e-04
5.749397776030642365e-03
2.128987088942029243e-03
0.000000000000000000e+00
1.178974519253700318e-03
2.075855846397856464e-03
0.000000000000000000e+00
0.000000000000000000e+00
0.000000000000000000e+00
2.099890238155700112e-03
6.526102179283613768e-03
3.509093190624743876e-03
6.261745716394861386e-04
5.059976477483741313e-06
0.000000000000000000e+00
3.591316815363427596e-03
1.085365947440614705e-03
1.697115614037852938e-02
9.791064414134144876e-04
7.565927841916771611e-03
2.013870141528243188e-03
2.155550972428413835e-03
8.322394325300569787e-03
1.264992133330171062e-03
3.162488277488443873e-03
2.488241943272028172e-03
1.036030680274957309e-03
6.400867761465913082e-03
9.487440999976288385e-04
3.162480333325427655e-04
1.264992133330169761e-03
1.723047695578838398e-02
7.954285008645124722e-03
4.478094077878718511e-04
2.770083973645422887e-02
9.546906646810840100e-03
8.270525594324810645e-03
1.264992133330171062e-03
4.099844947860785578e-03
3.521745117859171811e-03
1.493957558466842616e-03
5.264907014352370948e-03
1.319388369993642826e-03
1.264994119370919446e-06
3.263679862875102549e-04
1.722922338140349396e-02
2.002991241752768992e-02
7.573517310122812943e-03
9.425469197392075463e-03
4.288335029768574214e-04
2.275344277049255390e-02
1.631842910498657257e-03
2.528721755091928054e-03
9.484924914022882167e-03
2.771602612051857727e-03
4.800650696971870898e-03
2.869007655753614411e-03
1.788703174321071895e-03
2.909486474553155913e-05
4.475545718762999683e-03
1.657142296375000074e-04
5.059976477483741313e-06
1.455250078991646677e-02
0.000000000000000000e+00
6.324970596854693582e-06
5.059976477483741313e-06
4.933477065546644307e-05
6.325963617214519273e-06
6.214913625918413315e-03
1.758339839884770928e-03
8.032712658005000325e-04
2.024040242005716297e-05
0.000000000000000000e+00
