1.897392000000000053e+03
3.571198280413966586e+02
1.250869353224664948e+01
1.183309775592903748e+02
2.114603437791436669e+00
6.747194602859499973e-71
3.130530593085149260e-103
1.251768194234377241e+01
1.253241255894600314e+01
1.253330887001737715e+01
1.260727076602004182e+01
1.261021632151312843e+01
1.261689283624548530e+01
1.261780773736664685e+01
1.263490323687545391e+01
1.265573243843761730e+01
1.268222893953459796e+01
1.252918401401188397e+01
1.255806852412762709e+01
1.259486820890328929e+01
1.261653522222696644e+01
1.264579879840039212e+01
1.270084727198341668e+01
1.272014308412232708e+01
1.273172331025143755e+01
1.274931046362621245e+01
1.275575863862855108e+01
5.551630915429186519e-01
7.585126482134552361e+01
1.551002115757559530e+01
4.316907268351066231e-04
1.086910379334068463e-05
0.000000000000000000e+00
0.000000000000000000e+00
5.540349154215855521e+01
1.523599401765392258e+02
0.000000000000000000e+00
7.355749127708945956e+00
2.008802645865906289e+00
7.971144067092789555e+03
3.323872213053295166e+00
3.431602393247429328e-02
1.128425210716481388e+03
7.673466942588867967e-01
1.508686852570998216e+00
1.895251410113177926e+01
3.848576644572599736e+00
2.547624807085696053e-01
8.897427326002345094e-01
2.747336661814611336e+00
1.140874640751595948e+01
1.121858110939792708e+00
1.412902357061390433e+02
4.923527456547581238e+01
1.602162856032486715e+01
5.529829263059222910e+01
4.022394978299056234e+00
1.404289400750920080e+01
5.213803688934995684e+00
1.277359891633635280e+00
2.042715345988897013e+01
5.951056100270514237e-01
1.088098695415092863e+02
1.159293636803521110e+01
4.204431126500113969e+00
4.152958983428068507e+01
3.443684918374534831e+00
3.900622884153371217e+00
6.841948045865289263e-01
7.116750981558350020e+01
7.300581133572048298e-01
9.402902251615566698e+00
2.651894831029229138e+01
1.674039760275188016e+01
8.390165088452369857e-02
1.497720318032879916e-01
8.990626848477746535e+03
1.870533484620789499e+00
2.896212014398732215e+00
3.261470929905848082e-01
3.185559406566978308e-02
3.633333754736653431e-02
2.371185645996984684e-03
0.000000000000000000e+00
5.125800970337355267e+00
0.000000000000000000e+00
0.000000000000000000e+00
1.227656233365440608e+00
0.000000000000000000e+00
1.697820981184804268e+01
0.000000000000000000e+00
6.396448025575573884e-04
2.861490008418810307e-03
5.769455703640802790e-06
8.442836155818801558e+01
8.525914245647563811e-03
9.223463430605680123e-05
4.753150226824787161e+00
1.384022712211363163e-09
3.520631293679320640e-05
5.666954857698893444e-09
1.474675673309303114e+01
8.514250845191446136e-05
3.211412710611703005e+02
9.267655056088858022e-07
4.064267625166272935e-01
7.063416678261793891e+01
1.292950982628211396e-04
3.066752792797310709e-06
3.892899500829665982e+01
3.654755791280258964e-04
1.187329719382463651e+02
1.150226746960552196e-07
1.317903991612364909e-04
1.766746484580210405e-03
5.559965496827192766e+00
3.006953180581590362e-02
9.869346032085960765e-05
1.664778304337219926e-03
3.079579241909518248e-07
5.103690871555116984e-06
2.259978844667621615e+03
2.198452587890285689e-06
1.808737365940359706e-04
1.737907596058009585e+04
1.807190911998138999e-02
1.799950747984119526e-01
1.827496295476715432e+03
1.900351181645332233e-03
1.232061020894428642e-02
1.257447312266178618e-02
8.809851282963558627e-02
1.749705077379868493e-06
3.516117128665725566e-01
1.018807452172342872e-10
1.262995137526169069e-12
1.562602416306591884e-12
3.955605187838772806e-04
1.133300034804683948e-10
1.244378463140755064e-01
6.096414892878089908e+00
1.969667713996725561e-11
4.592652963583496054e-13
1.449076281058178305e-12
2.344953360505927578e-09
5.306176314574163591e-11
1.773314985954419269e-10
5.498827951287651152e-12
2.061082014894132695e-18
6.624074753109242802e-10
1.002666042759086847e-12
2.008793429813101100e-10
1.760557596743992543e-14
3.579128064167373426e-09
3.591478463592541083e-12
5.229267135188810104e-16
4.943639100699711423e-18
6.176989071496119874e-19
2.813171761605922991e-16
1.132296795511487959e-16
1.328599844737601653e-17
0.000000000000000000e+00
2.240092089929432007e+01
4.084165488978966607e+01
2.191378634558837236e-04
3.995815701300536090e-04
4.997926124553328699e-05
2.374622543370507455e-13
4.329387488989040675e-13
0.000000000000000000e+00
1.389836124086664704e+01
2.160542915514350145e-04
2.098364956986435548e+00
2.959391034983623742e-02
1.710313393624777675e-02
5.017968764049717256e-01
4.908826466577659095e-06
1.119568401750150678e-06
5.319241346913661959e-15
4.802130791417251991e-11
1.095234050708693012e-11
5.203625108688823286e-20
1.186803869703047147e-20
5.638687376856896771e-29
1.931618180481021740e-01
4.403110127327086384e-03
1.599194249733941753e+00
5.589281818458115281e-02
2.999528024327104716e-16
7.458057057626694335e-24
3.518029199556763187e-32
1.943588268156821340e-17
6.076779223269011823e-20
2.560447755154329082e-17
2.577588895452763468e-19
0.000000000000000000e+00
5.578754293746717941e-15
5.785542890213094219e-20
6.084223811025622932e-29
1.449554987565066416e-27
1.431184581626660814e-22
3.721049297543124421e-28
0.000000000000000000e+00
1.692916479189264258e-36
6.832418174208014608e-36
0.000000000000000000e+00
6.743061306529824637e-31
1.550085946797415688e-36
7.365874502131431355e-45
2.303495820844761583e-16
2.435380958795785573e-38
3.010772876554897586e-16
6.414691458235882279e-18
0.000000000000000000e+00
1.212878501354482660e-31
1.241346825136517927e-38
2.453304323609082432e-47
7.977844014518154810e-47
6.095826309024474755e-55
1.601136549872974456e-63
8.081171830550183064e-34
1.845837654950217449e-41
6.861313833510245483e-33
6.751018141496279284e-36
0.000000000000000000e+00
4.084574336986163345e+00
3.995778289413320661e-05
4.329860126982679466e-14
2.563275216714308305e-19
0.000000000000000000e+00
5.495802996666486153e-15
1.194859907533434046e-31
5.753130640467810822e-20
1.234223579688579814e-38
6.050054056693420919e-29
2.439398058213931889e-47
1.448161876146452700e-27
0.000000000000000000e+00
1.422977022493961052e-22
1.691076365597926660e-36
6.088475240047694293e-55
6.825968527365989234e-36
0.000000000000000000e+00
6.705393981514411594e-31
1.548467883896195968e-36
7.358379998075758506e-45
1.599458465196817730e-63
2.301596388299890095e-16
8.073874758229087965e-34
1.843780131611117323e-41
2.432568183438711941e-38
6.851069966840096639e-33
3.006617121728497445e-16
6.407649868822036411e-18
0.000000000000000000e+00
6.742602819962470101e-36
0.000000000000000000e+00
7.635117000226296476e-18
0.000000000000000000e+00
7.942657336690270283e-36
0.000000000000000000e+00
1.793133277582855982e-23
0.000000000000000000e+00
3.896693717512330945e-19
8.383553268728431175e-36
4.027344244862851721e-24
8.548250704801921756e-43
4.188266210651501644e-33
1.670800251158162389e-51
1.022400454210502883e-31
0.000000000000000000e+00
9.980784883661981947e-27
1.179914776264698545e-40
4.195892705579154399e-59
4.754535647254451753e-40
0.000000000000000000e+00
4.640737896383942162e-35
1.079945490158364128e-40
5.066457267448609420e-49
1.087254059725230804e-67
1.617197947228087129e-20
5.613256950450663333e-38
1.300001089538909977e-45
1.708938182511531093e-42
4.631127900592070597e-37
2.078242754258954555e-20
4.508558972937264422e-22
0.000000000000000000e+00
4.683338941543280276e-40
0.000000000000000000e+00
1.520299284898338518e-18
0.000000000000000000e+00
9.169248585639303987e-14
1.945042738840468456e-30
3.417363485784085940e-19
7.152482794000512419e-38
3.503728121090537684e-28
1.378702865581295081e-46
6.913274754608508147e-28
0.000000000000000000e+00
8.487059219314413029e-22
7.938751551538400772e-37
2.808869612126097672e-55
3.197324366862002106e-36
0.000000000000000000e+00
3.880517069308218318e-30
7.265373859952274682e-37
3.391032668794502394e-45
7.240875354463088120e-64
1.101070486620708812e-16
3.804704378857130280e-34
8.780521099302497348e-42
1.152463139157436509e-38
3.100029360368462070e-33
1.404031988338472758e-16
1.333685267798523755e-17
0.000000000000000000e+00
1.142350737151297466e-35
0.000000000000000000e+00
1.521644292456450415e-18
0.000000000000000000e+00
9.177189750213090796e-14
1.946748942283996244e-30
3.420384487754055890e-19
7.158887520323984406e-38
3.506866617077469620e-28
1.379953814864777781e-46
6.923156369251947946e-28
0.000000000000000000e+00
8.494546093725471783e-22
7.950196289741238249e-37
2.812955411053977442e-55
3.201938984123647903e-36
0.000000000000000000e+00
3.883994374544636358e-30
7.275850740203790524e-37
3.395968027760450051e-45
7.251511621574883461e-64
1.102642459641757168e-16
3.810178152298913354e-34
8.793087290994263022e-42
1.154116837049135484e-38
3.104583675807155597e-33
1.406061305301017711e-16
1.333790516196655253e-17
0.000000000000000000e+00
1.142457006403156590e-35
0.000000000000000000e+00
1.671426510975634460e-17
0.000000000000000000e+00
1.429645740138665482e-35
0.000000000000000000e+00
1.109292222654929010e-22
0.000000000000000000e+00
2.643449484166752968e-18
5.744041710819196356e-35
2.213342202645086912e-23
4.745560264882332855e-42
3.198533028750172304e-32
1.289200060670054024e-50
4.874664314400110489e-31
0.000000000000000000e+00
5.474663405665320050e-26
7.315646755903462846e-40
2.632802926384093131e-58
3.280871417201983501e-39
0.000000000000000000e+00
3.544567858642775866e-34
6.698238896615593621e-40
4.242286556057524139e-48
9.217346842361030024e-67
2.213359789229442440e-20
7.762044090935393198e-38
8.864375915530950824e-46
1.169444714691806923e-42
2.632036244718469811e-36
1.155947581795213691e-19
1.835761947954200896e-21
0.000000000000000000e+00
1.909175962528525078e-39
0.000000000000000000e+00
6.589954312842787748e-22
0.000000000000000000e+00
4.416091649762984830e-17
9.367710206449370098e-34
1.316722601471525887e-22
2.755877466943388706e-41
1.856238836473681071e-31
7.304263365429878774e-50
2.332012948863070777e-31
0.000000000000000000e+00
3.270094878881813617e-25
3.443035163092999418e-40
1.218212663546649419e-58
1.540762691237756720e-39
0.000000000000000000e+00
2.055868709216819402e-33
3.151008224016679821e-40
1.960930663835939910e-48
4.187176744125227082e-67
1.061192624604508021e-20
3.666907751983224847e-38
4.231051097096790224e-46
5.553349558658333829e-43
1.195043339360520469e-36
5.412462804089119740e-20
4.021464153621808841e-21
0.000000000000000000e+00
3.439702638276428400e-39
0.000000000000000000e+00
5.113063086605106616e-20
0.000000000000000000e+00
1.095620578108033216e-15
2.382911614338527349e-32
8.606678961184019503e-21
1.845206933719115016e-39
9.048004707881500412e-30
3.647494778078102058e-48
2.166355902012494328e-28
0.000000000000000000e+00
2.128970538233634898e-23
1.685985115162523131e-37
6.068646731708834581e-56
1.020906806402845771e-36
0.000000000000000000e+00
1.002947259212233961e-31
1.543974060884007469e-37
7.335171863459139261e-46
1.593982958899984177e-64
4.591173252890568703e-17
1.610210915395421147e-34
4.596863900991730725e-42
6.063775475381523379e-39
6.826619493606031923e-34
8.992005383870425824e-17
5.711267265161504268e-19
0.000000000000000000e+00
5.939414169296762329e-37
0.000000000000000000e+00
6.020203115353126020e-20
0.000000000000000000e+00
6.459409910220512649e-16
1.402357728962991052e-32
3.380233591042513215e-20
7.239116416113142979e-39
1.417920849905742055e-29
5.707843639128911957e-48
1.019800626445685745e-27
0.000000000000000000e+00
8.331383591363393767e-23
1.188482421638968759e-36
4.270974196685183055e-55
2.398394037908074594e-36
0.000000000000000000e+00
1.573282618571624104e-31
1.088988921763413827e-36
2.578688219052170768e-45
5.605456770071697057e-64
8.117543747277447773e-17
2.842730355579997534e-34
6.436768151669847928e-42
8.487470377301301617e-39
5.593611145705681990e-33
2.815555717866746881e-16
4.674401619501932735e-18
0.000000000000000000e+00
4.852619936199439510e-36
0.000000000000000000e+00
5.190869658176864994e-20
0.000000000000000000e+00
5.565109351631898548e-16
1.209739615338253111e-32
2.913110140913114917e-20
6.248523319341931185e-39
1.225003493518239635e-29
4.939179120786814584e-48
8.799098835432132205e-28
0.000000000000000000e+00
7.205468593527478955e-23
1.027177070039229198e-36
3.698067628678193478e-55
2.073344875376151866e-36
0.000000000000000000e+00
1.357857640986902175e-31
9.406661652165550577e-37
2.234680510825681515e-45
4.856495449809474694e-64
6.992338287093777313e-17
2.452488566149834734e-34
5.597104696879558744e-42
7.384084052861372692e-39
4.850183228530619987e-33
2.433400659559370243e-16
4.058833127346793912e-18
0.000000000000000000e+00
4.221511151169474334e-36
0.000000000000000000e+00
1.064473591440918894e-21
0.000000000000000000e+00
7.133327345613804166e-17
1.513152615144823737e-33
2.126912966717109168e-22
4.451541368693401969e-41
2.998344891096466070e-31
1.179836491053789294e-49
3.766914798325619242e-31
0.000000000000000000e+00
5.282221195035452422e-25
5.561454375765832486e-40
1.967737207141941867e-58
2.488769144092950200e-39
0.000000000000000000e+00
3.320822109552665026e-33
5.089779079694064397e-40
3.167421627848257630e-48
6.763307389208961188e-67
1.714153815199674501e-20
5.923123906870462672e-38
6.834097988736184796e-46
8.969873472709841698e-43
1.930190878336734787e-36
8.742220341306516411e-20
6.495872584373976039e-21
0.000000000000000000e+00
5.556110341594322003e-39
0.000000000000000000e+00
9.049071913423847066e-21
0.000000000000000000e+00
2.156399863778922914e-16
4.685710862585015771e-33
1.805538307191681833e-21
3.871196693699795475e-40
2.609207271159974904e-30
1.051665948476756812e-48
3.976516760119897886e-29
0.000000000000000000e+00
4.465967814019976173e-24
5.967748946967943200e-38
2.147711209404752448e-56
2.676375159199818049e-37
0.000000000000000000e+00
2.891485037753035896e-32
5.464096981382382948e-38
3.460648448673806309e-46
7.519052571900911283e-65
1.805552247691283443e-18
6.331898541891300847e-36
7.231129484412421679e-44
9.539763994359165245e-41
2.147084109365150750e-34
9.429655966279041949e-18
1.497526341045572791e-19
0.000000000000000000e+00
1.557413288087825734e-37
0.000000000000000000e+00
4.646380994653528739e-19
0.000000000000000000e+00
9.955900260816694160e-15
2.165394518541100638e-31
7.821107689189226586e-20
1.676733030712795908e-38
8.222031012185194246e-29
3.314493144460566070e-47
1.968618697089394966e-27
0.000000000000000000e+00
1.934658402389502674e-22
1.532073312336412357e-36
5.514581771910517030e-55
9.277134342434179503e-36
0.000000000000000000e+00
9.113963856227090441e-31
1.403033588016342787e-36
6.665509104321455694e-45
1.448442615333020639e-63
4.172127662990964092e-16
1.463229221917950839e-33
4.177294286603060999e-41
5.510270231861505580e-38
6.203290119228550133e-33
8.171140296026582988e-16
5.189984391056137291e-18
0.000000000000000000e+00
5.397226774989039463e-36
0.000000000000000000e+00
5.958213269145504802e-19
0.000000000000000000e+00
6.392933580499019679e-15
1.387913110248141954e-31
3.345439749944262315e-19
7.164522786522049091e-38
1.403301096139972182e-28
5.648928646603377098e-47
1.009295111729870107e-26
0.000000000000000000e+00
8.245420967934333345e-22
1.176225142789074340e-35
4.226871999283168101e-54
2.373655032287398084e-35
0.000000000000000000e+00
1.557072029371011844e-30
1.077761967060259920e-35
2.552045321404944147e-44
5.547550818634963877e-63
8.034013664866649272e-16
2.813447805133003016e-33
6.370109100495545776e-41
8.399543705363074851e-38
5.535794671451009116e-32
2.786517881039059731e-15
4.626300613433751598e-17
0.000000000000000000e+00
4.802672206125602877e-35
0.000000000000000000e+00
0.000000000000000000e+00
0.000000000000000000e+00
0.000000000000000000e+00
0.000000000000000000e+00
0.000000000000000000e+00
0.000000000000000000e+00
0.000000000000000000e+00
0.000000000000000000e+00
0.000000000000000000e+00
0.000000000000000000e+00
0.000000000000000000e+00
0.000000000000000000e+00
0.000000000000000000e+00
0.000000000000000000e+00
0.000000000000000000e+00
0.000000000000000000e+00
0.000000000000000000e+00
0.000000000000000000e+00
0.000000000000000000e+00
0.000000000000000000e+00
0.000000000000000000e+00
0.000000000000000000e+00
0.000000000000000000e+00
0.000000000000000000e+00
0.000000000000000000e+00
0.000000000000000000e+00
0.000000000000000000e+00
0.000000000000000000e+00
0.000000000000000000e+00
1.571869910566574768e+00
7.183297397453593692e-05
6.328254428874612536e+00
7.212106032333079497e+01
1.251166680455786662e-01
2.278745471196591765e+00
2.544490586543299671e+01
2.795239491433859982e-02
1.505287806553940655e+01
4.124059471411870348e+00
1.247835063567641119e-10
3.545363598456934717e+00
4.694386621842470365e-10
3.402119356617094314e-11
0.000000000000000000e+00
0.000000000000000000e+00
1.034560896604999442e-12
4.200439642121008531e-03
4.345608109227092100e-17
1.566556130468470975e+01
1.631505678615482793e+03
1.898128128186985730e+00
0.000000000000000000e+00
2.328167187408751104e+01
1.277520684889085656e+00
1.977786458579630313e+00
2.874792422881215087e-02
8.861266892167823928e-02
4.291341700855642785e+02
1.156828444871371175e+02
3.119316249093040483e+02
2.044457720771958725e-11
7.354196776059638729e+00
1.323757626051888394e+02
1.251423187436993629e+02
2.281843604654551072e+01
5.791208327407400702e+01
8.143380496152039011e-14
1.323606382159282956e-11
7.860360530146698641e-10
1.360558072314964195e-09
3.593494563570782674e+01
4.920995016011630813e-09
6.467211896250499858e-01
2.185930276927501581e-01
1.093620330885632652e-01
2.502668744669572050e+02
1.381933848450081990e-13
9.996208374990361335e+03
3.607509940881040933e+00
4.184089768564416278e-01
8.169803101220954877e-01
2.537604586168203724e+01
9.831661545846706596e-02
9.832331967831079433e-01
1.102810803925238758e+01
3.978132773386960364e-01
9.928386700483733673e-02
9.510151843172445774e-02
3.450020087493727683e+00
2.976458745215761592e+00
1.019490909432827636e-02
1.786894340169106385e+02
1.596081070783545641e+01
3.255499577761659935e-02
5.937786586359395935e-01
8.866603372307417796e-01
1.932414949944722127e-01
2.079300814601070968e+01
2.150616502795605794e-13
6.634021702463853391e-11
3.452352392011919164e+02
0.000000000000000000e+00
3.229213663520840072e+01
2.829510784731966311e+01
2.005753550477528222e+02
1.774722388118719907e-01
7.659729582297960526e-01
7.650415649960385167e+01
0.000000000000000000e+00
1.899942084108346709e-11
2.304507753239975898e+01
2.373749341888416068e-10
1.870326906490918373e-01
5.754025018999561705e-11
5.641877101069965985e-04
2.281368861571307638e-02
2.329435441729364176e-01
6.445215314087821590e-17
4.955871395462421031e-02
0.000000000000000000e+00
6.337783300629072913e-01
1.708494608806049864e-01
5.036457520776859376e+00
4.413066159618559858e+00
2.281854615699404931e+01
4.286474201040939482e-15
9.798966348482270884e-15
4.136944991696807620e-11
9.456263191165257569e-11
6.749595228745527135e-14
1.372194943309827360e-03
1.083351481938110055e-03
9.850472282287680952e-04
1.597202293392615546e-01
2.919099126869164132e-03
5.954657185124264535e-02
0.000000000000000000e+00
5.784586071966032425e-14
7.127434785020350611e-13
7.931663710282727637e-04
1.275455446141913400e-13
5.257709165704207030e-13
0.000000000000000000e+00
1.591984956025406208e-12
4.481495238658113334e-02
2.008439446532602932e-04
7.835365968615891656e-04
2.112201501262837193e-04
1.167165983661122795e+02
2.175620160835971539e+00
3.910554127160299487e-01
8.390715782687887980e+00
2.261913368089180310e+00
5.325608027432696012e+00
0.000000000000000000e+00
0.000000000000000000e+00
0.000000000000000000e+00
0.000000000000000000e+00
5.820670452326129407e+01
6.793581044680689729e+01
0.000000000000000000e+00
0.000000000000000000e+00
0.000000000000000000e+00
0.000000000000000000e+00
0.000000000000000000e+00
5.172559464577127820e-03
2.774133096800815001e-03
4.098580946760998372e-04
8.665219647894144631e-04
2.605887885904101253e-03
5.376216566653199691e-03
5.376216566653199691e-03
5.376216566653199691e-03
5.376216566653199691e-03
2.683051782420464021e-02
3.794982358112791161e-06
1.041722905557058640e-02
5.376216566653199691e-03
5.376216566653199691e-03
5.376216566653199691e-03
5.376216566653199691e-03
5.376216566653199691e-03
5.376216566653199691e-03
5.376216566653199691e-03
5.376216566653199691e-03
5.376216566653199691e-03
5.376216566653199691e-03
5.376216566653199691e-03
5.376216566653199691e-03
5.376216566653199691e-03
5.717773419555999964e-04
9.420411206955300182e-03
4.703248135821100177e-03
1.498765032630679922e-02
2.770337121422000162e-04
2.087240296962000101e-04
4.123895724454720857e-04
2.139104062835785365e-03
7.161127737677241978e-03
2.765277641455057053e-03
0.000000000000000000e+00
6.976439589269457092e-03
2.098626237056714239e-03
3.712757740353599730e-03
7.653219387295572083e-04
4.426210451597341854e-03
2.290904598435858711e-02
5.980890210344972334e-03
7.589964716225612816e-06
5.488809483950398728e-03
1.028187915338960035e-02
9.159820928834329704e-03
3.821547681478770775e-02
4.696923661734455843e-03
5.819022600115726564e-05
6.324960666650855309e-04
9.951708737091098309e-03
3.162480333325427655e-04
9.234506722425720501e-05
1.152410635767213811e-03
1.520524421014371897e-03
2.023990590993499574e-05
2.132783064320543757e-03
4.292124540585185444e-01
1.272331184565321689e-02
1.264994119370919446e-06
0.000000000000000000e+00
5.722830416972957829e-03
2.529988238741870656e-06
1.264994119370919446e-06
0.000000000000000000e+00
9.715154836768000526e-04
6.324960666650855309e-04
1.095484907375200018e-03
4.168157609367928972e-03
5.291467422267456464e-03
3.162480333325427655e-04
5.464784525886147871e-04
1.443359779732772017e-03
0.000000000000000000e+00
0.000000000000000000e+00
3.162480333325427655e-04
1.783642204823157346e-03
7.791094312613786564e-03
3.509093190624743876e-03
1.258670638304571670e-03
5.059976477483741313e-06
3.162480333325427655e-04
3.275068782030884831e-03
4.528698807755292288e-04
1.317617974038801446e-02
3.466103747483289567e-04
5.035943575256429487e-03
4.326299748655289268e-04
1.523054905763328304e-03
7.057402191970398725e-03
0.000000000000000000e+00
5.376224510816243231e-03
1.539497843274399659e-03
1.984774780272585606e-03
4.187131528138114157e-03
3.162480333325427655e-04
1.404423392392851812e-18
6.324960666650869404e-04
9.956772189139899074e-03
1.048426927530546685e-02
4.478094077878718511e-04
3.529079253643525871e-02
7.649418446815583507e-03
4.159301161001756862e-03
1.420587403033085486e-03
3.151100847863157715e-03
4.470489217856799674e-03
5.452134584692143199e-04
1.032487554767305346e-02
3.706442699960144755e-04
1.264994119370919446e-06
1.011995295496748601e-05
1.722922338140349049e-02
2.066240848419277631e-02
4.411036976797386155e-03
1.100670936405478278e-02
4.288335029768574214e-04
2.939465147047595761e-02
2.896835043828828535e-03
1.263729621761757209e-03
1.201490918068322603e-02
1.822858512054228997e-03
4.168154630306786235e-03
3.185255689086157176e-03
2.104951207653614660e-03
2.909486474553155913e-05
1.629313418770115228e-03
7.982102963025855926e-04
5.059976477483741313e-06
1.644998898991172423e-02
0.000000000000000000e+00
6.324970596854693582e-06
5.059976477483741313e-06
4.933477065546644307e-05
6.388220302823000409e-04
8.112401825913670775e-03
4.933477065545999749e-04
1.119519299133042798e-03
6.527364690851426973e-04
0.000000000000000000e+00
