1.897392000000000053e+03
3.007324912137621027e+02
5.214586785267132818e+00
2.502473021845301560e+02
9.969832947289367642e-01
2.877674425045825475e-68
7.564265720817663121e-103
5.215444613979117960e+00
5.216607914985930350e+00
5.216677733064242872e+00
5.220974931823696430e+00
5.221143909017888163e+00
5.221522909751270980e+00
5.221574788423964719e+00
5.222702465218814538e+00
5.224724712830833617e+00
5.229380836762685725e+00
5.216268067549107990e+00
5.217502320888442569e+00
5.217867791516468401e+00
5.217972244173129326e+00
5.218998356975773412e+00
5.233247673698800284e+00
5.240556390699804723e+00
5.246008853930041127e+00
5.257799617415071403e+00
5.262711200209445828e+00
2.719204202480238752e-01
6.794206053323954109e+01
1.640624148193621679e+01
5.865086325360216240e-04
1.137822045641214871e-05
0.000000000000000000e+00
0.000000000000000000e+00
6.872264391728678845e+01
1.527385739390754225e+02
0.000000000000000000e+00
8.717521804897062410e+00
1.669109267245545425e+00
7.961137286430677705e+03
4.451106096809193780e+00
4.226599037989974689e-02
1.130810116275084511e+03
7.725651509178075305e-01
1.628608169176732678e+00
2.336764319954191649e+01
4.790792728560290925e+00
2.541714010300083482e-01
8.874329835414109802e-01
2.738375426655316414e+00
1.140831660674267667e+01
1.123313120828243861e+00
1.412655453832030616e+02
4.934787113435715611e+01
1.603381300181441205e+01
5.529831723803361143e+01
4.023231407666625792e+00
1.405088626434211996e+01
5.173920053954420339e+00
1.273788813205176007e+00
2.052046843301392798e+01
5.887180253209639558e-01
1.088223917628721154e+02
1.151172290850621849e+01
4.204335091412530367e+00
4.131029306907577592e+01
3.443496791736020413e+00
3.900410027950214520e+00
6.841622017462226646e-01
7.116752347490056252e+01
7.300208307209755665e-01
9.402853477481881939e+00
2.651896738998337710e+01
1.674038796239587867e+01
8.428612851926838012e-02
1.497720318032879916e-01
8.998172719842103106e+03
2.515353650634175153e+00
2.895721539048837112e+00
4.049725565943974592e-01
3.173121906161852079e-02
3.604609130889086660e-02
2.370150923555450553e-03
0.000000000000000000e+00
5.368155107055108566e+00
0.000000000000000000e+00
0.000000000000000000e+00
6.947459462261866836e-01
0.000000000000000000e+00
1.529324621266174056e+01
0.000000000000000000e+00
6.028923935813023695e-04
2.861836743986874258e-03
5.442382130719490065e-06
8.446281562050985769e+01
8.043266917967088064e-03
1.010116815380169528e-04
4.797075398221608999e+00
1.529669039978873410e-09
2.791399567696464250e-05
4.047174828119201808e-09
1.269412086566930498e+01
8.026646783096567862e-05
3.321252947749167106e+02
1.049626591347697580e-06
3.863190821559318033e-01
6.690203260296752319e+01
1.155509249314948012e-04
2.686995395192936937e-06
4.088745394658398169e+01
3.366342896067206470e-04
1.162182597124666614e+02
9.864479610735357318e-08
1.150770284353836283e-04
1.545162604450616393e-03
5.839785954631740772e+00
2.767190699268860452e-02
7.548995998556685114e-05
1.341534648754689639e-03
1.801753909165340609e-07
3.153323119726974558e-06
2.259985849819594023e+03
1.286243547620850333e-06
1.183969379095474949e-04
1.734324105988801239e+04
1.180530331694566205e-02
1.178552207127768758e-01
1.799940140463860189e+03
1.225193878470171461e-03
9.153504615428837907e-03
8.243054834587532423e-03
1.168842977581355108e-01
1.521785874065367847e-06
3.487346247360119667e-01
1.443207780408887742e-10
2.450362317991504860e-12
2.948765029694044111e-12
4.242678007087521594e-04
1.912674893574921518e-10
1.170453666623801764e-01
6.084061438645077757e+00
1.815378321178171082e-11
2.657032983841905768e-12
4.766477095535381141e-13
2.266400579089789530e-09
3.292623439862698017e-10
5.819033784180348770e-11
3.610217225873715533e-12
1.324494678241313230e-18
4.470236861546392374e-10
7.343773158336019978e-13
1.462549171191464755e-10
1.271159625741238476e-14
3.657158897086745027e-09
3.692804023535706621e-12
5.814510441075376182e-16
4.912939847050588653e-18
6.138542835270702023e-19
2.375412312897904750e-16
4.145253440198740026e-17
1.320350099618314906e-17
0.000000000000000000e+00
3.340967052728480269e+01
6.794882178963982255e+01
2.024220495547637833e-04
4.117688489450540309e-04
4.910467369608243707e-05
2.181334318308925199e-13
4.436719088221347821e-13
0.000000000000000000e+00
1.343848419136738137e+01
2.160542971628532998e-04
2.130555625614294790e+00
2.086719934160869913e-02
2.684935415944796674e-03
1.116183348309507606e+00
6.762738295984243988e-06
1.640542773335417264e-06
7.287555334947034780e-15
4.097473963759752789e-11
9.939880867721426098e-12
4.415455238840260430e-20
1.071125757943776975e-20
4.758113203734247810e-29
1.805915299652055273e-01
4.539234014419418414e-03
1.148220253529563362e+00
1.952827012923001246e-02
2.978257632499088998e-16
4.757250970010312263e-24
2.126558946465748939e-32
1.938529363290325520e-17
5.130994449050244246e-20
1.095651694690396456e-17
2.288843510482930626e-19
0.000000000000000000e+00
8.038544891800030474e-15
5.335856808329769563e-20
5.510454644600366742e-29
8.579405175031545557e-28
1.352953785346716732e-22
2.333115440145831353e-28
0.000000000000000000e+00
9.932593522624518290e-37
3.832439143645842585e-36
0.000000000000000000e+00
6.054905169755712323e-31
9.243729976174569698e-37
4.110946976740224410e-45
2.224012965471006346e-16
1.600505554231361008e-38
1.455808042485190163e-16
4.270318318081839492e-18
0.000000000000000000e+00
1.731233481260502009e-31
1.142254331481094621e-38
2.205171203344669003e-47
4.571469530399618799e-47
3.409562517557027927e-55
8.119052358959685784e-64
7.852612127559059129e-34
1.315924055472723843e-41
1.277467646231346286e-33
4.385642897918612601e-36
0.000000000000000000e+00
6.796115556766019417e+00
4.117677741635097363e-05
4.437231680573988818e-14
2.273677613161158340e-19
0.000000000000000000e+00
7.895761819929790595e-15
1.700452948536349780e-31
5.299970679051366269e-20
1.134397548907166935e-38
5.473579891896175363e-29
2.190262689134864298e-47
8.570418285020395386e-28
0.000000000000000000e+00
1.343699794789028285e-22
9.920785780982788509e-37
3.405082003952947864e-55
3.828496264534801758e-36
0.000000000000000000e+00
6.014679320290409131e-31
9.233104356187707828e-37
4.106370086892754578e-45
8.109823175613341067e-64
2.221962197510769448e-16
7.844663312851286267e-34
1.314221390161485007e-41
1.598310691907150464e-38
1.275699287360088590e-33
1.453867253531313949e-16
4.265259391906363424e-18
0.000000000000000000e+00
4.379799940035197418e-36
0.000000000000000000e+00
5.069027384101142259e-18
0.000000000000000000e+00
5.145773914516759416e-36
0.000000000000000000e+00
1.587109662862052528e-23
0.000000000000000000e+00
5.560300404153593315e-19
1.178249163628055005e-35
3.698056936723549985e-24
7.824676438315162680e-43
3.781383939401497926e-33
1.493276218268402748e-51
6.085789185454047219e-32
0.000000000000000000e+00
9.421054955647758360e-27
6.962224104391436292e-41
2.360453235745124282e-59
2.684947761581972058e-40
0.000000000000000000e+00
4.164043498414685071e-35
6.471927618750832128e-41
2.846725173061919116e-49
5.555518692991708608e-68
1.566804209833932444e-20
5.467802361977968337e-38
9.198038966332075559e-46
1.114100782007165072e-42
8.839877984110827327e-38
1.020122663120769232e-20
3.014783908252536189e-22
0.000000000000000000e+00
3.058712313762336112e-40
0.000000000000000000e+00
1.614778730316219474e-18
0.000000000000000000e+00
1.561553530175862318e-13
3.249863001824109520e-30
3.759611667854394720e-19
7.842133062126846226e-38
3.797940420876484243e-28
1.477163017753577837e-46
4.773520801182767695e-28
0.000000000000000000e+00
9.629468523188089195e-22
5.433225409167768654e-37
1.832500818296507229e-55
2.095169323075961377e-36
0.000000000000000000e+00
4.189097217291248159e-30
5.048157956955705822e-37
2.210689253194498382e-45
4.293537252374307383e-64
1.236661002736718304e-16
4.294122691556643819e-34
7.159934613191459293e-42
8.668964292350331020e-39
6.921044653562799860e-34
8.029728811110666890e-17
1.095012895630036731e-17
0.000000000000000000e+00
9.112245799591301691e-36
0.000000000000000000e+00
1.616204506330588384e-18
0.000000000000000000e+00
1.562912628028523906e-13
3.252742595725783261e-30
3.762933278561539791e-19
7.849155234774422857e-38
3.801334650294835133e-28
1.478503067464566105e-46
4.780297709937460692e-28
0.000000000000000000e+00
9.637931462860628069e-22
5.441005092303372467e-37
1.835148284646647636e-55
2.098170466796409836e-36
0.000000000000000000e+00
4.192833695330870168e-30
5.055392439982288034e-37
2.213882512270918304e-45
4.299792794124444286e-64
1.238417133170057555e-16
4.300272177284560843e-34
7.170214153139854458e-42
8.681438690574450196e-39
6.931001181958083556e-34
8.041175775645924794e-17
1.095093091599487041e-17
0.000000000000000000e+00
9.113032558357955126e-36
0.000000000000000000e+00
1.374189838179572072e-17
0.000000000000000000e+00
1.142065080107547111e-35
0.000000000000000000e+00
5.444975271066850523e-23
0.000000000000000000e+00
2.101137654490487056e-18
4.521384802839622208e-35
1.128294638318003876e-23
2.413407208923487339e-42
1.601262214267551491e-32
6.404467267508219970e-51
1.596967200501981684e-31
0.000000000000000000e+00
2.860985757745367427e-26
2.375690596288220507e-40
8.150471879355900373e-59
1.018633356188361877e-39
0.000000000000000000e+00
1.759507211606308009e-34
2.210789502041015811e-40
1.310472213408382045e-48
2.587017771194821769e-67
1.182727310333429414e-20
4.174169521019155148e-38
3.496444222427686482e-46
4.251336847313064908e-43
2.714533930232984844e-37
3.095051326723878311e-20
6.746270711141589209e-22
0.000000000000000000e+00
6.846605573324296928e-40
0.000000000000000000e+00
3.873261362524050136e-22
0.000000000000000000e+00
4.161708089474037451e-17
8.661227286919314696e-34
8.015981063191665702e-23
1.672043722154949725e-41
1.113427292527696991e-31
4.330562198136864385e-50
8.910390159686281278e-32
0.000000000000000000e+00
2.053128431015940022e-25
1.303939282438493306e-40
4.397906313544436545e-59
5.587000319012404710e-40
0.000000000000000000e+00
1.228108222567553926e-33
1.211532304629101393e-40
7.074051856031368196e-49
1.373901151781244505e-67
6.595390502712827912e-21
2.290150492156849086e-38
1.909178175329228137e-46
2.311556671266506564e-43
1.476382804601042257e-37
1.712886171098717234e-20
1.829602482972062645e-21
0.000000000000000000e+00
1.520536034476658763e-39
0.000000000000000000e+00
4.462974312260456884e-20
0.000000000000000000e+00
1.548715193812225867e-15
3.336166130368841244e-32
7.801997667449163370e-21
1.668817795460865918e-39
8.055150089584357304e-30
3.222509563975035809e-48
1.261858469878801209e-28
0.000000000000000000e+00
1.978349206992937804e-23
9.734936882758446277e-38
3.340488040104013245e-56
5.635775065944782040e-37
0.000000000000000000e+00
8.853205837467853861e-32
9.060995214254977341e-38
4.028935339307547178e-46
7.954920451355032201e-65
4.362191541950069343e-17
1.539715310317436988e-34
3.224296031780144272e-42
3.920251821235812292e-39
1.251582258336261722e-34
4.280332096047626431e-17
3.731823120872722334e-19
0.000000000000000000e+00
3.787186017237814384e-37
0.000000000000000000e+00
5.886724773059980193e-20
0.000000000000000000e+00
1.021892185388879560e-15
2.195414048558722404e-32
3.432232078251561774e-20
7.332463380256661403e-39
1.414123641484653977e-29
5.647150175596556092e-48
6.663493319012302014e-28
0.000000000000000000e+00
8.675614732270840914e-23
7.698074270951393841e-37
2.637366604321584839e-55
1.485418308286070260e-36
0.000000000000000000e+00
1.556379978064194069e-31
7.168477161678620673e-37
1.589069993688962550e-45
3.139006165933418840e-64
8.648858926071853053e-17
3.047823192234332517e-34
5.057979402016149840e-42
6.143622081430563961e-39
1.153455093620349871e-33
1.505320575609362527e-16
3.425371613453607090e-18
0.000000000000000000e+00
3.470570221530019561e-36
0.000000000000000000e+00
5.387532240026624800e-20
0.000000000000000000e+00
9.354240435419028164e-16
2.014052423554872676e-32
3.140046064071417637e-20
6.719740818273267728e-39
1.296775927492727184e-29
5.188805471447062866e-48
6.093987987516502584e-28
0.000000000000000000e+00
7.961532650802434922e-23
7.051915828060478985e-37
2.420330334687930950e-55
1.360879049727712618e-36
0.000000000000000000e+00
1.425201858704149276e-31
6.563803036604865866e-37
1.459404697059466018e-45
2.881726743956944900e-64
7.899366227374147546e-17
2.788404069390471597e-34
4.668120736571049937e-42
5.676541303323826399e-39
1.057177130392256962e-33
1.377194566580280448e-16
3.153383863204936806e-18
0.000000000000000000e+00
3.200557909623006828e-36
0.000000000000000000e+00
6.715298935563100312e-22
0.000000000000000000e+00
7.215379152256515584e-17
1.501620610907763121e-33
1.389785071138447980e-22
2.898901466052536452e-41
1.930393238959928202e-31
7.508013738691987597e-50
1.544866769450833285e-31
0.000000000000000000e+00
3.559664534708307274e-25
2.260704473108147633e-40
7.624818614170461028e-59
9.686514564305573746e-40
0.000000000000000000e+00
2.129236798532609738e-33
2.100504154441395213e-40
1.226455786213215264e-48
2.381956185295520367e-67
1.143496042421685834e-20
3.970571383023242781e-38
3.309883736913849741e-46
4.007462057974768751e-43
2.559552357434355503e-37
2.969608095009067477e-20
3.172106915933830773e-21
0.000000000000000000e+00
2.636239677153083875e-39
0.000000000000000000e+00
4.767456675579441570e-21
0.000000000000000000e+00
1.839693200757613225e-16
3.958784365415194332e-33
9.879009808288625002e-22
2.113105007679715037e-40
1.402015985478507056e-30
5.607550811124818901e-49
1.398257281950406724e-29
0.000000000000000000e+00
2.504993956779131451e-24
2.080083113500711139e-38
7.136303030165756073e-57
8.918846377905859806e-38
0.000000000000000000e+00
1.540570366540981692e-32
1.935700382567913643e-38
1.147409155097202716e-46
2.265111780958686169e-65
1.035560802250597643e-18
3.654776615961178521e-36
3.061380843368051178e-44
3.722340824073722808e-41
2.376763022031859148e-35
2.709934234477572757e-18
5.906834735197109099e-20
0.000000000000000000e+00
5.994682661843035363e-38
0.000000000000000000e+00
4.055673377890351031e-19
0.000000000000000000e+00
1.407323765711547756e-14
3.031630594077147701e-31
7.089947188649452958e-20
1.516463252236220515e-38
7.319894172360454713e-29
2.928333214967549481e-47
1.146704017833995805e-27
0.000000000000000000e+00
1.797808391180915624e-22
8.846426412748664425e-37
3.035565986308968440e-55
5.121422905777459136e-36
0.000000000000000000e+00
8.045181040680642382e-31
8.234032972531970664e-37
3.661192772123611304e-45
7.228749436448160265e-64
3.964117304583643261e-16
1.399192634933778267e-33
2.930039324924421375e-41
3.562435928685540984e-38
1.137345488804270534e-33
3.889699648763386518e-16
3.391273037894110615e-18
0.000000000000000000e+00
3.441535262928519886e-36
0.000000000000000000e+00
5.826141641608847990e-19
0.000000000000000000e+00
1.011373969381055887e-14
2.172783372345877900e-31
3.396918436466533915e-19
7.256933503617622622e-38
1.399550655843401697e-28
5.588877178144104818e-47
6.594950882931696301e-27
0.000000000000000000e+00
8.586166739323071464e-22
7.618799213537649311e-36
2.610174272196614098e-54
1.470120536081231842e-35
0.000000000000000000e+00
1.540356423477259799e-30
7.094678539039658341e-36
1.572677627057764144e-44
3.106633797080013486e-63
8.559971664458423354e-16
3.016463927132255948e-33
5.005628012115406369e-41
6.079984763593467511e-38
1.141572627942311697e-32
1.489832193210973702e-15
3.390168138869169952e-17
0.000000000000000000e+00
3.434893754051907052e-35
0.000000000000000000e+00
0.000000000000000000e+00
0.000000000000000000e+00
0.000000000000000000e+00
0.000000000000000000e+00
0.000000000000000000e+00
0.000000000000000000e+00
0.000000000000000000e+00
0.000000000000000000e+00
0.000000000000000000e+00
0.000000000000000000e+00
0.000000000000000000e+00
0.000000000000000000e+00
0.000000000000000000e+00
0.000000000000000000e+00
0.000000000000000000e+00
0.000000000000000000e+00
0.000000000000000000e+00
0.000000000000000000e+00
0.000000000000000000e+00
0.000000000000000000e+00
0.000000000000000000e+00
0.000000000000000000e+00
0.000000000000000000e+00
0.000000000000000000e+00
0.000000000000000000e+00
0.000000000000000000e+00
0.000000000000000000e+00
0.000000000000000000e+00
0.000000000000000000e+00
1.573124913535306257e+00
7.183298430679819081e-05
7.587191474920524925e+00
9.522995724399233097e+01
6.923464335945775372e-02
1.407331725768871999e+00
2.503957507461113963e+01
3.528247987150617826e-02
1.365003575473131292e+01
4.551619921016831327e+00
3.806783206359594967e-10
4.148875357506734751e+00
5.802169946362075608e-10
9.508863531261013775e-11
0.000000000000000000e+00
0.000000000000000000e+00
1.372253110212520180e-12
4.200440284223523786e-03
5.764062719440628871e-17
1.712385096053212052e+01
1.751141799435220491e+03
1.853107365236564386e+00
0.000000000000000000e+00
2.519258069691458957e+01
1.239303599792147548e+00
2.101257773960776287e+00
2.502720613470163849e-02
8.787489851690828691e-02
4.113877133185328034e+02
1.209957757070713313e+02
3.559307472998656294e+02
2.034967010530262488e-11
8.203982585990679866e+00
1.476723150502000408e+02
1.086924625025814350e+02
2.211015597942422062e+01
5.611389439178256566e+01
8.221260901156413404e-14
1.522280344102194126e-11
1.079194470641060147e-09
1.994339205380156944e-09
3.208861434808656554e+01
6.386038086967474785e-09
6.467212018443022625e-01
2.495122226933645659e-01
1.249220657838133047e-01
3.151471592926675953e+02
1.834341705083283115e-13
9.996339048861364063e+03
3.541908154028490685e+00
4.467729972078751111e-01
7.533066563845391972e-01
2.344482010246746384e+01
7.702348499788985725e-02
7.702494034419565816e-01
9.377942643429493685e+00
3.321517961084868853e-01
6.366822684127741716e-02
1.353739754996758915e-01
3.002590532925602407e+00
3.633776951830432811e+00
7.976692925087394345e-03
1.859781215151950278e+02
1.302351386062922600e+01
3.159002526517697834e-02
4.971954611893836806e-01
7.473185924698111382e-01
1.570575458113137313e-01
2.057842212403615179e+01
2.822899808518403593e-13
8.595703873821202794e-11
3.429439767731634561e+02
0.000000000000000000e+00
2.938461462403132884e+01
2.766741479601580167e+01
2.237630704093100178e+02
2.141020445148267837e-01
7.188951673520982411e-01
7.448344656808754394e+01
0.000000000000000000e+00
2.743536290928303725e-11
2.350453646041815858e+01
6.765651237306031193e-10
2.833951858453350736e-01
2.438680336223583391e-10
1.877270375691102579e-04
1.408368420070566472e-02
2.520987745877621977e-01
9.175830559139005897e-17
5.288719560700882311e-02
0.000000000000000000e+00
6.025096507394823719e-01
1.772079675699976820e-01
5.229427802187490926e+00
4.923832462740882931e+00
2.211026772240365901e+01
4.193316186059375475e-15
1.103609377711791003e-14
5.503471316833447571e-11
1.448321688827342080e-10
8.800664395189637927e-14
1.438571588053458175e-03
8.340403743203383740e-04
7.711869438686712493e-04
1.302269269377853700e-01
1.914819902132207374e-03
5.562515526374565283e-02
0.000000000000000000e+00
2.449777266157905278e-13
2.031821846457322739e-12
7.495947888811412040e-04
3.934420382614552993e-13
5.117201812497336989e-13
0.000000000000000000e+00
2.042792214983121566e-12
4.186512111319044133e-02
1.752543671819696840e-04
6.554308116507797126e-04
1.927728790272999681e-04
1.139749179166066710e+02
3.223978824649013308e+00
4.414357210034007273e-01
9.080021516194337394e+00
2.670587460715789341e+00
6.416808577240039391e+00
0.000000000000000000e+00
0.000000000000000000e+00
0.000000000000000000e+00
0.000000000000000000e+00
5.895256905629635469e+01
6.718994591376407755e+01
0.000000000000000000e+00
0.000000000000000000e+00
0.000000000000000000e+00
0.000000000000000000e+00
0.000000000000000000e+00
5.488807497909671020e-03
5.304117363461156691e-03
3.162480333325427655e-04
1.815266064787042759e-03
3.238383952569185483e-03
5.376216566653199691e-03
5.376216566653199691e-03
5.376216566653199691e-03
5.376216566653199691e-03
2.335178945754667196e-02
3.794982358112791161e-06
1.452845348889364278e-02
5.376216566653199691e-03
5.376216566653199691e-03
5.376216566653199691e-03
5.376216566653199691e-03
5.376216566653199691e-03
5.376216566653199691e-03
5.376216566653199691e-03
5.376216566653199691e-03
5.376216566653199691e-03
5.376216566653199691e-03
5.376216566653199691e-03
5.376216566653199691e-03
5.376216566653199691e-03
5.717773419555999964e-04
9.420411206955300182e-03
4.703248135821100177e-03
1.498765032630679922e-02
2.770337121422000162e-04
2.087240296962000101e-04
3.574869905770899740e-03
1.190359962838157286e-03
3.998647404351815191e-03
3.397773708120143017e-03
3.162480333325427655e-04
3.497711222611488407e-03
1.149882137059085943e-03
4.029005773686142496e-03
9.487440999976282964e-04
1.263730118271915066e-03
3.144774288433724307e-02
5.032146110347343604e-03
7.589964716225611122e-06
5.172561450617855529e-03
1.028187915338959341e-02
9.792316995499414367e-03
3.695048468145753495e-02
5.329419728399542242e-03
5.819022600115726564e-05
8.209806869615427893e-04
1.184919693708635577e-02
1.311797908767185382e-03
3.162480333325427655e-04
2.101154735764842758e-03
3.734260654342171689e-03
2.023990590993499574e-05
5.927759464311057810e-03
3.979038987585968301e-01
1.493704807898101408e-02
1.264994119370919446e-06
0.000000000000000000e+00
3.825342216977699935e-03
2.529988238741870656e-06
1.264994119370919446e-06
3.288984710364431345e-05
9.715154836768000526e-04
0.000000000000000000e+00
1.467408073775717484e-04
5.749397776030642365e-03
4.026475288937285402e-03
1.505343002051000019e-04
3.162480333325427655e-04
4.111224433323057252e-03
3.428129098393324658e-04
1.897491179056000940e-04
3.162480333325427655e-04
1.151146138158071815e-03
7.158598245948700166e-03
2.244101057294571513e-03
2.839910804967284846e-03
5.059976477483741313e-06
3.858227098979442687e-04
2.642572715365799300e-03
1.717862014105700236e-03
1.412492384038564232e-02
9.791064414134144876e-04
5.352191608588972686e-03
2.013870141528244489e-03
3.420543105758584897e-03
8.638642358633111251e-03
0.000000000000000000e+00
4.427480410818615368e-03
1.223249809941857110e-03
7.197826469424144355e-04
4.503379561470657357e-03
1.404423392392851812e-18
1.264992133330172363e-03
1.320654357133358358e-03
1.185426038913514439e-02
1.143301337530309644e-02
1.080305474452956677e-03
3.054707203644711419e-02
6.068178280152871848e-03
9.968208276763287738e-04
1.736835436365627818e-03
3.467348881195700481e-03
2.256752984529000750e-03
0.000000000000000000e+00
5.897403081017456479e-03
3.706442699960144755e-04
1.264994119370919446e-06
1.011995295496748601e-05
1.881046354806620649e-02
2.129490455085786271e-02
8.522261410120442540e-03
9.425469197392073728e-03
1.061329569641942952e-03
2.433468293715526642e-02
3.845579143826456398e-03
6.312335550966716776e-04
1.043366901402051176e-02
1.506610478721686231e-03
1.638170363646443244e-03
5.398991922413956535e-03
1.472455140988529129e-03
2.909486474553157946e-05
3.526801618765370953e-03
1.657142296375000074e-04
5.059976477483741313e-06
1.866372522323952662e-02
2.201089767705000143e-04
6.324970596854693582e-06
5.059976477483741313e-06
4.933477065546644307e-05
3.225739969497572754e-04
3.684929359258071191e-03
1.770996732220571823e-04
1.435767332465585563e-03
2.024040242005723073e-05
0.000000000000000000e+00
