1.897392000000000053e+03
2.500451836091839084e+02
8.915385593645737572e+00
1.360054417713519115e+02
1.639022252549986014e+00
2.294180730035022981e-69
2.226683805107972722e-102
8.912278641277328717e+00
8.907489881720385583e+00
8.907199660803195584e+00
8.897489512455756255e+00
8.897129001511762780e+00
8.896452209673611833e+00
8.896362145518359910e+00
8.895677648268739190e+00
8.896453084157389668e+00
8.900547960538817804e+00
8.908637839643999357e+00
8.900668431805284442e+00
8.893910746805564926e+00
8.891255030298363948e+00
8.890326876076885654e+00
8.904324221109767734e+00
8.911951877513503817e+00
8.917751410545276869e+00
8.930531029250307284e+00
8.935881545311362473e+00
3.692503922996969168e-01
6.734734369370231377e+01
1.344676256724467756e+01
5.163247823135473560e-04
1.199390602247126593e-05
0.000000000000000000e+00
0.000000000000000000e+00
4.968184325182080130e+01
1.522203916656895046e+02
0.000000000000000000e+00
8.324784197906323513e+00
1.452484187806498239e+00
7.963011327762187648e+03
4.212416787939791796e+00
4.070215931351799793e-02
1.130477613394235050e+03
8.001551726890068217e-01
1.608141663004783117e+00
2.249566022837153056e+01
4.599703066569122534e+00
2.543447188375383972e-01
8.880919250764055528e-01
2.740928635107733324e+00
1.140840101019811215e+01
1.122904757399534992e+00
1.412725225253084318e+02
4.932543513882603037e+01
1.603034075343179765e+01
5.529831208335869519e+01
4.023190893586941819e+00
1.404958447802963661e+01
5.181842976122273292e+00
1.273989231875082062e+00
2.049377977481115920e+01
5.899828857927156278e-01
1.088199291512274982e+02
1.152829079701571580e+01
4.204369273304524590e+00
4.135359569116260303e+01
3.443533201936848531e+00
3.900454347029386870e+00
6.841689977955688340e-01
7.116752058539169923e+01
7.300286009103659213e-01
9.402863639693572750e+00
2.651896342728247546e+01
1.674038997708247933e+01
8.417676330163073595e-02
1.497720318032879916e-01
8.997675085584300177e+03
2.378104921640892488e+00
2.895987235383314484e+00
3.892879601123654387e-01
3.176767064990913131e-02
3.610577003390667838e-02
2.370549523295096498e-03
0.000000000000000000e+00
5.153263160956484512e+00
0.000000000000000000e+00
0.000000000000000000e+00
1.453882841423677519e+00
0.000000000000000000e+00
1.624502484506852440e+01
0.000000000000000000e+00
6.175368963923646504e-04
2.861698923359091637e-03
5.573454074471990618e-06
8.735323478078311155e+01
8.517339610659572027e-03
1.159502042393340763e-04
4.951236986422325792e+00
1.812341016836720886e-09
3.565405424282647244e-05
5.491121146943561755e-09
1.171080896791119308e+01
8.499921288791593141e-05
3.285761027128212959e+02
1.191995515907978784e-06
3.958326841099155113e-01
6.350000817530997921e+01
1.122325276078171553e-04
2.457023137963873848e-06
4.345369917006706828e+01
3.270795764341464856e-04
1.232972752875889739e+02
9.569727081246796783e-08
1.098687188094250129e-04
1.471781179030175364e-03
6.205713863473617309e+00
2.799715567890860221e-02
6.849048855506366319e-05
1.299697667718970225e-03
1.483199335837196688e-07
2.800943749973377156e-06
2.259986974248454317e+03
1.058869221320458595e-06
1.062535587090177584e-04
1.768373863838092439e+04
1.080257172022484891e-02
1.080059773120836120e-01
1.826667083199610033e+03
1.115867414606412557e-03
8.641142563393310397e-03
7.559749245865138301e-03
1.173883876910999380e-01
1.401665637566944807e-06
3.922164269238065937e-01
4.463006777139944093e-11
1.077595602380207424e-12
1.363444401602707885e-12
4.283690122762217104e-04
7.809675006736886389e-11
1.092669921925141924e-01
6.100321909905678908e+00
1.775261954528413840e-11
2.164492364460415578e-12
5.118096780575281671e-13
2.357378654660393024e-09
2.828970480089135712e-10
6.682625223008744591e-11
4.268346612202867017e-12
1.661326346347820040e-18
5.561941649583150225e-10
7.925023952540736293e-13
1.578148592285508718e-10
1.464308504549102526e-14
3.296449383120386096e-09
3.296176122849035544e-12
7.097463729250966395e-16
4.949670156345999054e-18
6.184462626339054076e-19
2.254409974889066325e-16
1.392479616665948538e-17
2.204090264936554679e-17
0.000000000000000000e+00
2.360519582775984659e+01
4.382266029358320480e+01
2.161920226744714377e-04
4.014139577932113200e-04
4.975695496181248355e-05
2.346943466914761352e-13
4.357115037213250026e-13
0.000000000000000000e+00
1.387853889600088131e+01
2.160542764529264979e-04
2.048307653415827101e+00
2.965527401648001410e-02
7.333326130727559240e-03
5.571982539808082446e-01
5.103181297111410171e-06
1.174506748703171875e-06
5.539860016506975238e-15
4.673893659217992983e-11
1.075705393544453811e-11
5.073838277050098843e-20
1.167753397592279436e-20
5.508006117027219867e-29
1.926120455067976411e-01
4.195535751051961311e-03
1.582548306505894731e+00
1.263744203043050129e-01
4.273874753173586829e-16
7.225496955044647939e-24
3.460509794021732738e-32
1.956537903770894271e-17
4.869936194301429365e-20
4.876542920190191120e-18
3.670983350871382166e-19
0.000000000000000000e+00
8.457401568739421022e-15
8.219635003991848679e-20
8.602863477888671564e-29
1.385141883711478459e-27
1.466648018780843399e-22
3.589908016163588460e-28
0.000000000000000000e+00
1.619407444292405847e-36
6.631556596256378099e-36
0.000000000000000000e+00
7.042557091911460231e-31
1.516025872026169984e-36
7.159108094841069443e-45
2.317904227705873650e-16
1.589895141917965719e-38
7.152321838107729216e-17
2.782343849939113485e-17
0.000000000000000000e+00
2.491221761645937212e-31
1.755370282938895098e-38
3.475241079676566321e-47
7.656254736123629902e-47
5.884837275549654162e-55
1.555920674800760623e-63
8.160329213975689341e-34
1.185475853257654950e-41
2.313343701755961713e-34
6.041535346503598296e-35
0.000000000000000000e+00
4.382815743148603005e+00
4.014109576348830612e-05
4.357601251722136111e-14
3.653595823933108123e-19
0.000000000000000000e+00
8.351062623994935178e-15
2.459878699456800348e-31
8.180070188213769202e-20
1.746658314150242830e-38
8.561541466535357343e-29
3.458325710734784240e-47
1.383910214585626746e-27
0.000000000000000000e+00
1.459415786688142012e-22
1.617750941504455581e-36
5.878075844950033476e-55
6.625803470470190918e-36
0.000000000000000000e+00
7.009052718779005022e-31
1.514534565149772556e-36
7.152324985356642276e-45
1.554403677980074662e-63
2.316196551381907974e-16
8.153608140254388762e-34
1.184240693390259367e-41
1.588207742137546587e-38
2.311239039270488862e-34
7.145466093606139519e-17
2.781255221594262526e-17
0.000000000000000000e+00
6.039106072733690463e-35
0.000000000000000000e+00
1.306295001561145975e-18
0.000000000000000000e+00
2.815782774028423906e-36
0.000000000000000000e+00
2.549024471782392978e-23
0.000000000000000000e+00
5.889216637278485172e-19
1.708973624776529095e-35
5.711982735618933442e-24
1.206045937626893383e-42
5.910717064091665793e-33
2.358676478443406613e-51
9.793559479978318894e-32
0.000000000000000000e+00
1.023623676046386008e-26
1.131405719530442087e-40
4.060380865266583622e-59
4.625484525923544929e-40
0.000000000000000000e+00
4.848793958252663758e-35
1.058386355766848420e-40
4.935569471020038484e-49
1.059362151011430869e-67
1.631804307793465106e-20
5.679019792663230090e-38
8.374677455008957693e-46
1.122266095978156755e-42
1.633993706404637925e-38
5.062218817634779877e-21
1.969765868965563732e-21
0.000000000000000000e+00
4.245747068771828150e-39
0.000000000000000000e+00
1.828645968537621239e-18
0.000000000000000000e+00
1.170265397692618698e-13
3.333705672628825340e-30
4.099920688124449902e-19
8.533719698170990301e-38
4.183784589689066366e-28
1.645561460059452607e-46
5.826971376617217119e-28
0.000000000000000000e+00
7.387196900587150135e-22
6.697919097340690361e-37
2.391464293661633132e-55
2.737050843352345309e-36
0.000000000000000000e+00
3.440814519847086914e-30
6.264429793150119183e-37
2.906661690764744809e-45
6.207960177762910820e-64
9.780536153751354839e-17
3.387163912385721777e-34
4.981087330950004644e-42
6.672454161077058850e-39
9.803963295799362615e-35
3.039863170402657511e-17
7.141927306268531836e-17
0.000000000000000000e+00
1.395359843567483706e-34
0.000000000000000000e+00
1.830263214154549918e-18
0.000000000000000000e+00
1.171279071588869929e-13
3.336644019622864582e-30
4.103544023516132671e-19
8.541362363003609586e-38
4.187531086124694222e-28
1.647055868087016293e-46
5.835277122456093582e-28
0.000000000000000000e+00
7.393692241931521387e-22
6.707548306850291841e-37
2.394933368000418963e-55
2.740990301967407245e-36
0.000000000000000000e+00
3.443888355298439667e-30
6.273440329595734181e-37
2.910880497519569123e-45
6.217052136150580657e-64
9.794455413693045714e-17
3.392024602696762005e-34
4.988191123671699173e-42
6.681975725512546462e-39
9.817883665119719958e-35
3.044173040230133497e-17
7.142458959454976142e-17
0.000000000000000000e+00
1.395474860543391866e-34
0.000000000000000000e+00
3.362902332026748098e-18
0.000000000000000000e+00
6.565083564653010965e-36
0.000000000000000000e+00
1.390757022731720293e-22
0.000000000000000000e+00
3.532963376595062465e-18
1.039919666155020947e-34
2.768127636703836682e-23
5.907097293515767927e-42
3.981241275217653721e-32
1.607509350535814675e-50
4.098176270769608445e-31
0.000000000000000000e+00
4.939245332362779267e-26
6.156787142944930926e-40
2.236126341443123510e-58
2.801630978137229653e-39
0.000000000000000000e+00
3.259182815857897596e-34
5.763447912157523908e-40
3.627520661371236449e-48
7.880352532530937374e-67
1.959529106960605732e-20
6.895841896032553108e-38
5.008787045418732157e-46
6.717618550956050600e-43
7.822351293660219310e-38
2.418568698015722908e-20
2.768666711722950265e-22
0.000000000000000000e+00
5.967460902232061858e-40
0.000000000000000000e+00
6.972901861867258068e-22
0.000000000000000000e+00
4.958146010359639288e-17
1.412414310013775053e-33
1.389662058282131374e-22
2.892491197652506120e-41
1.949859612400104403e-31
7.669205957698431807e-50
1.729102239206910162e-31
0.000000000000000000e+00
2.503879631098228882e-25
2.555404964584214752e-40
9.124015163646232371e-59
1.160279248083016853e-39
0.000000000000000000e+00
1.603605903293010220e-33
2.390032032969255259e-40
1.478615708137555890e-48
3.157982127559223298e-67
8.292250652946702977e-21
2.871745150855154247e-38
2.111458873036610869e-46
2.828421072376975977e-43
3.324682473031548065e-38
1.030866783720095587e-20
7.118182968352198640e-22
0.000000000000000000e+00
1.389611408454592608e-39
0.000000000000000000e+00
7.645688687862675349e-20
0.000000000000000000e+00
1.746490299548327090e-15
5.145853145573380003e-32
1.283811233323720800e-20
2.739468063022975666e-39
1.343241484580282790e-29
5.424656012278407025e-48
2.172085507619785377e-28
0.000000000000000000e+00
2.290796077255186596e-23
1.692226382675365300e-37
6.147167971411926561e-56
1.039712854272736141e-36
0.000000000000000000e+00
1.099876509145469902e-31
1.584413133693633171e-37
7.480456937323731005e-46
1.625290938504446701e-64
4.847585593438636727e-17
1.706085846954215960e-34
3.097764815136571295e-42
4.153995258415698089e-39
2.418379238609307214e-35
2.243156818648384637e-17
1.026483706143348874e-19
0.000000000000000000e+00
2.212187478253471139e-37
0.000000000000000000e+00
9.249606225004553907e-20
0.000000000000000000e+00
1.057728146038539790e-15
3.108797000832782509e-32
5.180917915813114432e-20
1.104235540268528774e-38
2.162816866068232579e-29
8.720027084215072528e-48
1.051359207110688969e-27
0.000000000000000000e+00
9.214768673426912450e-23
1.226552973121298521e-36
4.448376146237316370e-55
2.511404942497222512e-36
0.000000000000000000e+00
1.773330771117640775e-31
1.148972379535470822e-36
2.703862450447674770e-45
5.876957738776733125e-64
8.812730898607798366e-17
3.096702277506582382e-34
4.460080240925954144e-42
5.980775376824096491e-39
2.049612773666720260e-34
7.244147207385680245e-17
8.711747493123122728e-19
0.000000000000000000e+00
1.875670886660783222e-36
0.000000000000000000e+00
6.034113184325753222e-20
0.000000000000000000e+00
6.896387617950774710e-16
2.030931008507114387e-32
3.377999791135732697e-20
7.211694113251242752e-39
1.413764032118031347e-29
5.710505899982803269e-48
6.858203751428695122e-28
0.000000000000000000e+00
6.027119663084901903e-23
8.014475958232636111e-37
2.911944444807051979e-55
1.641439353270341796e-36
0.000000000000000000e+00
1.157583220676476009e-31
7.503957727575627326e-37
1.771574113135772540e-45
3.849421177250897639e-64
5.739175638004840266e-17
2.020002298417178215e-34
2.932077182157538850e-42
3.932220182871149077e-39
1.335357095096155204e-34
4.718323693249760592e-17
5.668869063859735734e-19
0.000000000000000000e+00
1.221821628911597652e-36
0.000000000000000000e+00
1.139736013214333191e-21
0.000000000000000000e+00
8.104223951117223029e-17
2.308594672789568546e-33
2.271448212191978393e-22
4.727816370207440322e-41
3.187053073718162135e-31
1.253526600723301541e-49
2.826280877054694486e-31
0.000000000000000000e+00
4.092691561749196465e-25
4.176826820398260959e-40
1.491316439511673846e-58
1.896492764661569289e-39
0.000000000000000000e+00
2.621121562212731019e-33
3.906544649847479499e-40
2.416789191656563859e-48
5.161637171911958302e-67
1.355401713059698296e-20
4.693927744104510389e-38
3.451086174394250862e-46
4.622925332591967095e-43
5.434080300727773741e-38
1.684920140435120039e-20
1.163555977945327727e-21
0.000000000000000000e+00
2.271489879002481287e-39
0.000000000000000000e+00
1.148015723834705750e-20
0.000000000000000000e+00
2.916324736502805525e-16
8.584125351353940270e-33
2.284981895017086171e-21
4.876074861222612338e-40
3.286356985768357307e-30
1.326934439289265907e-48
3.382885958429176028e-29
0.000000000000000000e+00
4.077156027066450875e-24
5.082186250332528048e-38
1.845833357183715274e-56
2.312636218457154861e-37
0.000000000000000000e+00
2.690326141196543613e-32
4.757499445494915983e-38
2.994373624992591485e-46
6.504912491643497468e-65
1.617515240710632373e-18
5.692247072023855131e-36
4.134558676890786655e-44
5.545132860736817577e-41
6.457048960215754149e-36
1.996435329712972514e-18
2.285434424478691967e-20
0.000000000000000000e+00
4.925922882513820209e-38
0.000000000000000000e+00
6.947875710730848030e-19
0.000000000000000000e+00
1.587039065214912235e-14
4.676119570346502396e-31
1.166636917245729846e-19
2.489354238905338870e-38
1.220624483547007764e-28
4.929418402908489681e-47
1.973842974924963816e-27
0.000000000000000000e+00
2.081728104801108494e-22
1.537758570329249895e-36
5.585984182228386286e-55
9.448108971422723549e-36
0.000000000000000000e+00
9.994839938752748381e-31
1.439793346458639867e-36
6.797588689784208402e-45
1.476905242067961985e-63
4.405175776325614187e-16
1.550365467906022292e-33
2.815047554901697075e-41
3.774859424004347369e-38
2.197667481828542278e-34
2.038442975979245241e-16
9.328551604562412496e-19
0.000000000000000000e+00
2.010388201372854793e-36
0.000000000000000000e+00
9.154345245038640516e-19
0.000000000000000000e+00
1.046838800880766993e-14
3.076749179496539529e-31
5.127580482672371559e-19
1.092854662973049490e-37
2.140512087963812928e-28
8.629987973637236982e-47
1.040532016209040515e-26
0.000000000000000000e+00
9.119699984382096336e-22
1.213907052738101202e-35
4.402456752151362984e-54
2.485507580301421671e-35
0.000000000000000000e+00
1.755059639086034554e-30
1.137130164890872467e-35
2.675934091787511810e-44
5.816266709754345462e-63
8.722075331937988052e-16
3.064811477042182019e-33
4.413906149268681273e-41
5.918853299993100452e-38
2.028522496589013732e-33
7.169620293513365869e-16
8.622244466364623530e-18
0.000000000000000000e+00
1.856397801728890338e-35
0.000000000000000000e+00
0.000000000000000000e+00
0.000000000000000000e+00
0.000000000000000000e+00
0.000000000000000000e+00
0.000000000000000000e+00
0.000000000000000000e+00
0.000000000000000000e+00
0.000000000000000000e+00
0.000000000000000000e+00
0.000000000000000000e+00
0.000000000000000000e+00
0.000000000000000000e+00
0.000000000000000000e+00
0.000000000000000000e+00
0.000000000000000000e+00
0.000000000000000000e+00
0.000000000000000000e+00
0.000000000000000000e+00
0.000000000000000000e+00
0.000000000000000000e+00
0.000000000000000000e+00
0.000000000000000000e+00
0.000000000000000000e+00
0.000000000000000000e+00
0.000000000000000000e+00
0.000000000000000000e+00
0.000000000000000000e+00
0.000000000000000000e+00
0.000000000000000000e+00
5.869243721704412581e-02
7.183297298291695923e-05
5.305321037389354011e+00
7.819337535167710485e+01
1.100642218459584321e-01
2.041134909947142972e+00
2.669408607337851436e+01
3.112361583418209524e-02
1.520421973767331103e+01
4.449908058602356498e+00
1.128518074953698465e-10
2.891549025962571573e+00
5.102169655642081564e-10
2.820754218578321616e-11
0.000000000000000000e+00
0.000000000000000000e+00
1.526149671740472914e-12
4.200440425353248880e-03
6.410496910408358385e-17
1.600584299293392121e+01
1.650924325574789464e+03
1.874197290454644449e+00
0.000000000000000000e+00
2.232482506562374169e+01
1.203369343675158243e+00
1.903679035700161393e+00
4.265625605924606989e-02
1.285972377662388255e-01
3.845743114605369897e+02
1.110354637005034846e+02
3.205932061627688086e+02
1.905548009583654952e-11
7.488509628950829722e+00
1.347934882808900170e+02
1.219331776812286137e+02
2.263959966930861611e+01
5.745636206667964530e+01
9.294990684980474146e-14
1.284393759103470888e-11
1.133169324184997676e-09
1.965095567781002478e-09
1.953375672380400729e+01
3.729652976195629146e-09
6.467211785897774012e-01
1.707805562157062307e-01
8.539836552647174506e-02
2.094587028831501812e+02
2.038647740580688595e-13
9.996253201056579201e+03
3.562898287268533082e+00
4.375041234622219499e-01
8.330823747734594775e-01
2.593297746028557071e+01
9.072586648554692434e-02
9.073353108012887080e-01
1.015131533813080367e+01
3.616493034792599426e-01
9.598035657354388184e-02
8.237105679000961134e-02
3.797405305974309808e+00
2.841783094229488604e+00
9.405628680444047540e-03
1.839863116150839062e+02
1.516309851104915474e+01
3.647792370990875915e-02
5.680079304016598662e-01
8.370769697868384318e-01
2.070807570539202613e-01
2.106998994317145346e+01
3.214771362027904863e-13
9.805549344004352728e-11
3.411022303966311142e+02
0.000000000000000000e+00
3.150926858940217201e+01
2.803472037148595675e+01
2.042411481465313159e+02
2.323009118359359304e-01
9.000529187289051380e-01
6.723150265123308600e+01
0.000000000000000000e+00
1.784740245609454706e-11
2.581143664332990539e+01
2.205378508082000824e-10
2.830745554456267632e-01
7.228667017250985465e-11
4.755380006716466166e-04
2.043581643857352026e-02
2.234324495741649985e-01
9.620918788018993582e-17
4.999681424385175876e-02
0.000000000000000000e+00
8.242523986769204614e-01
2.379807358095767378e-01
5.050820076530062153e+00
4.493865707910456919e+00
2.263972636824879814e+01
4.853605702186266054e-15
1.138834094446826102e-14
5.916710026388791571e-11
1.388070479206090260e-10
9.968601872968222601e-14
1.417075013826913851e-03
1.004278238998027473e-03
9.091839152755838791e-04
1.517599926963851542e-01
2.576854268577474013e-03
5.800342881688803215e-02
0.000000000000000000e+00
7.258915566823414310e-14
6.618864598356600292e-13
9.580446043769554011e-04
1.141067008469284075e-13
4.855390996876277973e-13
0.000000000000000000e+00
1.572410043759749247e-12
6.758650450459131875e-02
4.567926204136388930e-04
1.597006281592450953e-03
4.610925893104068115e-04
1.180392745077283223e+02
3.328828664345031996e+00
3.622997181834395342e-01
6.966519352488061756e+00
2.011396633849126925e+00
6.953847523012581355e+00
0.000000000000000000e+00
0.000000000000000000e+00
0.000000000000000000e+00
0.000000000000000000e+00
5.785369927174480864e+01
6.828881569831453646e+01
0.000000000000000000e+00
0.000000000000000000e+00
0.000000000000000000e+00
0.000000000000000000e+00
0.000000000000000000e+00
3.591319297914413559e-03
2.141637030135729036e-03
9.361006134355707173e-05
2.447762131452128290e-03
1.973391819239014421e-03
5.376216566653199691e-03
5.376216566653199691e-03
5.376216566653199691e-03
5.376216566653199691e-03
2.683051782420464021e-02
3.794982358112791161e-06
1.168222118890075746e-02
5.376216566653199691e-03
5.376216566653199691e-03
5.376216566653199691e-03
5.376216566653199691e-03
5.376216566653199691e-03
5.376216566653199691e-03
5.376216566653199691e-03
5.376216566653199691e-03
5.376216566653199691e-03
5.376216566653199691e-03
5.376216566653199691e-03
5.376216566653199691e-03
5.376216566653199691e-03
5.717773419555999964e-04
9.420411206955300182e-03
4.703248135821100177e-03
1.498765032630679922e-02
2.770337121422000162e-04
2.087240296962000101e-04
1.044885639110557617e-03
5.578638961730717546e-04
9.058615937672499438e-03
4.346517808117770880e-03
6.324960666650855309e-04
3.813959255944029438e-03
2.414874270389258306e-03
6.558990040346485487e-03
2.346562105392270819e-03
1.896226184937000597e-03
2.480653418435384283e-02
5.980890210344972334e-03
7.589964716225612816e-06
8.018793750610739984e-03
1.534184768671027072e-02
1.137355716216212863e-02
4.011296501478296694e-02
4.064427595069370312e-03
5.819022600115726564e-05
0.000000000000000000e+00
8.686716603760927247e-03
1.311797908767185382e-03
3.162480333325427655e-04
3.049898835762471054e-03
3.734260654342172556e-03
2.023990590993499574e-05
2.765279130985630156e-03
4.567260329584497680e-01
1.240706381232067196e-02
1.264994119370919446e-06
0.000000000000000000e+00
4.457838283642785900e-03
2.529988238741870656e-06
1.264994119370919446e-06
3.288984710364429312e-05
6.552674503442572872e-04
3.162480333325427655e-04
4.629888407101145410e-04
6.065645809363184697e-03
4.342723322269828601e-03
0.000000000000000000e+00
2.127718619251328398e-03
3.340847979728027526e-03
3.428129098393324658e-04
1.897491179056000397e-04
1.120783796742185661e-03
2.099890238155700112e-03
3.996117912623273379e-03
3.509093190624743876e-03
1.258670638304571670e-03
5.059976477483741313e-06
3.858227098979442144e-04
3.591316815363427596e-03
7.691179141080719400e-04
1.570616400704835658e-02
1.927850541411042784e-03
5.668439641921515885e-03
1.381374074863158741e-03
4.053039172423671295e-03
5.792410058640227663e-03
0.000000000000000000e+00
5.059976477483700032e-03
1.223249809941856893e-03
1.984774780272585606e-03
3.238387428140486728e-03
1.264992133330172363e-03
3.478728366657970854e-03
2.529984266660343425e-03
1.027302022247245442e-02
8.903029108642752584e-03
1.080305474452957328e-03
3.181206416977728352e-02
8.281914513480669038e-03
5.108045260999384725e-03
1.104339369700542721e-03
4.099844947860785578e-03
4.470489217856799674e-03
1.177709525134299851e-03
9.376131447675425598e-03
1.003140336661100061e-03
1.264994119370919446e-06
0.000000000000000000e+00
1.501548714807568984e-02
1.528619191753954193e-02
4.094788943464842956e-03
1.163920543071987265e-02
2.213736233327799358e-03
1.959096243716712538e-02
2.580587010496285336e-03
1.896225688426842739e-03
1.011742098068796857e-02
3.087850645384400058e-03
3.851906596974243036e-03
2.869007655753614411e-03
3.053695307651242957e-03
2.909486474553155913e-05
2.261809485435199892e-03
0.000000000000000000e+00
5.059976477483741313e-06
2.309119768989512794e-02
0.000000000000000000e+00
0.000000000000000000e+00
5.059976477483741313e-06
4.933477065546647018e-05
6.388220302823000409e-04
5.582417559253327784e-03
4.933477065545999749e-04
1.435767332465585563e-03
2.024040242005716297e-05
0.000000000000000000e+00
