1.897392000000000053e+03
3.404117958187847535e+02
8.174829096024668118e+00
1.243143304178739896e+02
1.891507536380958143e+00
6.976994776092457350e-75
7.350973129191158352e-103
8.162647317352028864e+00
8.142838019009060346e+00
8.141633327472757031e+00
8.037924777622656336e+00
8.033786034297076384e+00
8.024353378055154806e+00
8.023059795663998628e+00
7.998470832975200118e+00
7.967768431209660385e+00
7.927031222144701239e+00
8.147191510330952013e+00
8.108285507113967228e+00
8.057879033570085170e+00
8.027785161482011489e+00
7.986111728299913892e+00
7.898526234317336581e+00
7.866099791050920942e+00
7.845831789377784027e+00
7.812240305794043493e+00
7.799443267922823608e+00
4.668397360695122900e-01
7.434933948058636588e+01
1.209932284146296588e+01
2.749929488656348807e-04
1.134828055215565502e-05
0.000000000000000000e+00
0.000000000000000000e+00
4.740310725349900167e+01
1.524016130585322628e+02
0.000000000000000000e+00
7.800272136212123009e+00
1.866265307185688727e+00
7.967833531308907368e+03
3.661710669355057401e+00
3.682942271736267675e-02
1.129129993010032194e+03
7.049211226780791595e-01
1.547987331506030184e+00
2.033593178194545104e+01
4.161096522579318169e+00
2.545746353823971075e-01
8.887778428088184413e-01
2.743584080364790623e+00
1.140859140756075973e+01
1.122520316958467879e+00
1.412797052004619331e+02
4.927599745875730264e+01
1.602673516307229207e+01
5.529830119482619466e+01
4.022733259666165573e+00
1.404587393326899125e+01
5.199422709222925043e+00
1.276536324895012120e+00
2.046695785101611520e+01
5.927965831353444459e-01
1.088143863115943759e+02
1.156318127366389881e+01
4.204556686725076986e+00
4.145050339923445648e+01
3.443618289015723644e+00
3.900547992992805302e+00
6.841833717800464010e-01
7.116751451247951366e+01
7.300450341642985563e-01
9.402885130219322818e+00
2.651895503441602386e+01
1.674039423097163493e+01
8.406838908260200194e-02
1.497720318032879916e-01
8.992448633322721435e+03
2.066751257711584966e+00
2.897408336995921818e+00
3.539282031181165133e-01
3.181347166825623102e-02
3.624265731200826401e-02
2.371743678822707622e-03
0.000000000000000000e+00
5.033850612746880948e+00
0.000000000000000000e+00
0.000000000000000000e+00
5.828296732814015613e-01
0.000000000000000000e+00
1.591216901746341961e+01
0.000000000000000000e+00
6.258260078941581001e-04
2.861614948435942801e-03
5.649095102292534754e-06
8.272009049712968931e+01
8.176371890959975922e-03
9.888712412203616640e-05
4.830477151354491738e+00
1.507951687198262162e-09
3.082323375788543687e-05
4.649870715022710422e-09
1.318546090388741732e+01
8.161954786587925618e-05
3.261643111017522756e+02
1.009127357554246935e-06
3.927559736138478419e-01
6.626951546728591325e+01
1.187900752763886171e-04
2.798950877320384506e-06
4.000045735473769071e+01
3.429368990744615384e-04
1.201045074150019190e+02
1.061920505104209803e-07
1.341480958916797730e-04
1.811498828560067055e-03
5.712473670354434319e+00
3.176550728632071552e-02
1.037596921369054407e-04
1.827194676051960374e-03
3.404241451281725241e-07
6.046166432664977631e-06
2.259964282514048136e+03
2.430328827503005763e-06
3.127757233828621286e-04
1.728496137947090392e+04
3.108270859665814359e-02
3.120054546004807916e-01
1.845999389950549357e+03
3.319571464799773650e-03
2.469602256024549039e-02
2.188171042272393438e-02
7.332879134822511968e-02
2.534457866077474596e-06
5.107666308436348279e-01
1.095006020001018677e-10
2.839518283395069987e-12
3.397539156924591839e-12
1.130496812598534616e-03
2.307247648338625157e-10
3.239349195725750863e-01
6.087435272006675113e+00
2.016067583916756148e-11
2.220946923084851088e-12
6.363709474415997212e-13
2.438906122661465916e-09
2.669960546918764751e-10
8.047038760780276747e-11
2.498296259806685618e-12
9.472302057198205972e-19
3.065474540814968141e-10
4.884172066469443625e-13
9.772686939362454787e-11
1.622592955597313472e-14
3.917282527873197713e-09
3.941367602801687417e-12
9.030398607345778112e-16
4.940055184271837718e-18
6.172591907277643814e-19
3.442770981640742776e-16
2.608682212682057378e-17
1.327636499526409497e-17
0.000000000000000000e+00
2.583249472859557372e+01
5.049717735340867364e+01
2.085490376704111275e-04
4.077153538335113276e-04
4.955180353182573331e-05
2.260101733180466805e-13
4.417948237914792671e-13
0.000000000000000000e+00
1.349359797497048952e+01
2.160542763809197527e-04
2.058085308876692388e+00
2.097276311433815890e-02
1.391419438575815237e-02
6.673134987141987606e-01
5.387281907928120873e-06
1.280033243808770582e-06
5.838272276796091614e-15
4.349267034400462895e-11
1.033398007644170068e-11
4.713361131299101200e-20
1.119907783042648154e-20
5.107934965008150554e-29
1.820762423780777628e-01
4.235688330810736049e-03
1.679630884681611702e+00
2.402300662996556535e-02
4.810323530096527773e-16
6.307883977546024298e-24
2.844013939797569647e-32
1.978345788180638653e-17
7.435493857838456711e-20
8.531954400784720900e-18
3.812620562847683811e-19
0.000000000000000000e+00
1.014337587597854440e-14
8.823955664177711768e-20
9.204661299146693596e-29
1.167627710562211936e-27
1.391126704515021005e-22
3.119684345557732393e-28
0.000000000000000000e+00
1.363099093495591778e-36
5.264017209157161248e-36
0.000000000000000000e+00
6.259660019293170037e-31
1.243867762253924583e-36
5.677794252274631256e-45
2.285078225854341657e-16
3.339806195043907421e-38
1.222146090608642243e-16
6.674974445684308608e-18
0.000000000000000000e+00
3.588775907425922246e-31
1.908391589216208607e-38
3.720475803483379045e-47
6.456448276678164315e-47
4.795361032218070481e-55
1.186145081284403415e-63
8.159797839196655024e-34
2.763349393531987856e-41
7.285264257491234372e-34
7.005340094201186303e-36
0.000000000000000000e+00
5.050214392185297996e+00
4.077129258115570043e-05
4.418446409072125569e-14
3.787481713420010150e-19
0.000000000000000000e+00
9.963897684634570121e-15
3.525217750212010990e-31
8.765143705876696328e-20
1.895418846155066226e-38
9.143381880890831116e-29
3.695501837978093233e-47
1.166387337293687144e-27
0.000000000000000000e+00
1.381711552362684483e-22
1.361482421520907153e-36
4.789133474113514531e-55
5.258561311916368783e-36
0.000000000000000000e+00
6.218285520828219979e-31
1.242443389411608853e-36
5.671490100675238738e-45
1.184793210154473576e-63
2.283043937333303632e-16
8.151862632249369397e-34
2.759696940103283236e-41
3.335264615771071236e-38
7.277067928572913385e-34
1.220712016455247114e-16
6.667558074518893721e-18
0.000000000000000000e+00
6.996521543807743083e-36
0.000000000000000000e+00
7.995071041928815526e-18
0.000000000000000000e+00
8.295355345619091938e-36
0.000000000000000000e+00
2.643222770052782822e-23
0.000000000000000000e+00
7.049845991564018466e-19
2.455013183604183784e-35
6.118725291957534265e-24
1.308143831024172965e-42
6.310270094190489922e-33
2.519915485102720750e-51
8.235841960545965137e-32
0.000000000000000000e+00
9.687940836035245857e-27
9.500856572730320409e-41
3.301295613243250235e-59
3.665068950497571762e-40
0.000000000000000000e+00
4.304650130061013527e-35
8.666902179065395129e-41
3.907304336863847402e-49
8.058285229560534478e-68
1.611133316851930346e-20
5.683834688694118138e-38
1.912725998864919565e-45
2.302749402519718617e-42
5.114380479461935743e-38
8.601451803672306758e-21
4.703780446808359099e-22
0.000000000000000000e+00
4.871027895233260331e-40
0.000000000000000000e+00
2.678285953205740741e-18
0.000000000000000000e+00
1.981983088827324300e-13
6.768521362303775555e-30
6.199427374972527998e-19
1.305983547491085734e-37
6.305217721607746140e-28
2.480243114849593823e-46
6.430448817287795059e-28
0.000000000000000000e+00
9.861300605177339142e-22
7.380918801759533424e-37
2.551764685238059855e-55
2.846609520287421237e-36
0.000000000000000000e+00
4.312912915279918008e-30
6.732855586933552630e-37
3.020228337448310627e-45
6.197410249353464494e-64
1.268678348463848684e-16
4.452337347904662202e-34
1.480923047462794634e-41
1.780056302618210217e-38
4.018316932879490644e-34
6.765038481481440157e-17
1.553234853740689394e-17
0.000000000000000000e+00
1.326006047874852227e-35
0.000000000000000000e+00
2.680654914928549659e-18
0.000000000000000000e+00
1.983702114170586543e-13
6.774501135614988953e-30
6.204910278243625521e-19
1.307154438110072996e-37
6.310868180908151162e-28
2.482497815050448567e-46
6.439621905433609968e-28
0.000000000000000000e+00
9.869981522140093685e-22
7.391538165050424889e-37
2.555468818771962572e-55
2.850708180872959583e-36
0.000000000000000000e+00
4.316766318456433814e-30
6.742544567552009360e-37
3.024613714333882222e-45
6.206492686676506673e-64
1.270480692809448944e-16
4.458718259123153905e-34
1.483064934779884194e-41
1.782638064810817760e-38
4.024043718182428516e-34
6.774662194181314948e-17
1.553356934766259968e-17
0.000000000000000000e+00
1.326129000944062467e-35
0.000000000000000000e+00
1.953065891671029415e-17
0.000000000000000000e+00
1.665020122458226450e-35
0.000000000000000000e+00
1.678286563741868160e-22
0.000000000000000000e+00
4.907078995132587348e-18
1.734821756049863549e-34
3.452743753083759484e-23
7.461850744012035652e-42
4.949341767670133076e-32
1.999592010258046386e-50
4.020521994654765412e-31
0.000000000000000000e+00
5.443499995460619608e-26
6.031321782302937024e-40
2.120692256890676620e-58
2.588240095837666019e-39
0.000000000000000000e+00
3.366008550245836005e-34
5.503575176524265332e-40
3.348309926453401867e-48
6.991697484829237191e-67
2.248619257442000424e-20
8.026212072798016490e-38
1.357906275771250879e-45
1.641008637535196731e-42
2.866609219401129517e-37
4.809130162870401327e-20
1.968675073387032212e-21
0.000000000000000000e+00
2.042026398303300833e-39
0.000000000000000000e+00
1.188915053240359231e-21
0.000000000000000000e+00
9.775632063432292508e-17
3.338401874979723391e-33
2.446218674689506339e-22
5.153251493642616129e-41
3.420929150267998832e-31
1.345676016803351928e-49
2.221411555075041462e-31
0.000000000000000000e+00
3.891149541322480333e-25
3.278236076790998789e-40
1.133372537872865316e-58
1.404809772580185695e-39
0.000000000000000000e+00
2.340006354125098095e-33
2.990414815226216746e-40
1.788589079528000287e-48
3.670125907190590196e-67
1.252192963197214837e-20
4.394482302594315893e-38
7.308038509053549169e-46
8.784196667051333066e-43
1.586363223196866778e-37
2.670722296624872453e-20
4.812317089923025531e-21
0.000000000000000000e+00
4.102535487566384846e-39
0.000000000000000000e+00
6.332477700718524618e-20
0.000000000000000000e+00
1.664900557342750630e-15
5.891899885217992085e-32
1.099069069661469658e-20
2.375113221532736352e-39
1.146117627480760036e-29
4.631306368877456358e-48
1.462586362466116180e-28
0.000000000000000000e+00
1.732800391794450112e-23
1.137808191571586045e-37
4.001361770649363855e-56
6.592595211347097910e-37
0.000000000000000000e+00
7.796298896871843835e-32
1.038437677176465404e-37
4.739067303549436131e-46
9.897369726359262656e-65
3.817826934605060648e-17
1.362868788534762211e-34
5.765419754572920123e-42
6.966637305570447779e-39
6.083070510318236880e-35
3.061488732340328150e-17
5.013364718924067542e-19
0.000000000000000000e+00
5.199968640378710486e-37
0.000000000000000000e+00
8.583924895113497439e-20
0.000000000000000000e+00
1.129875927508237556e-15
3.988116780623698555e-32
4.969346852624351459e-20
1.072611434371294751e-38
2.067538034953033993e-29
8.341277228021983141e-48
7.930495511647986839e-28
0.000000000000000000e+00
7.809561084481379251e-23
9.238537406254358243e-37
3.243736119247386810e-55
1.784016764269010616e-36
0.000000000000000000e+00
1.408567806430487742e-31
8.436389924578647217e-37
1.919056709919663819e-45
4.009097745377783762e-64
7.780152875549604119e-17
2.772695836354247944e-34
9.277162633885997335e-42
1.120530020122560057e-38
5.773054675805562824e-34
1.107195952517913246e-16
4.727928842869236624e-18
0.000000000000000000e+00
4.895141444055360931e-36
0.000000000000000000e+00
8.144882565427446622e-20
0.000000000000000000e+00
1.071411037634260576e-15
3.789726178943928304e-32
4.713019279811928094e-20
1.018993464601687332e-38
1.965930984208232299e-29
7.945497000624091469e-48
7.526170197759339465e-28
0.000000000000000000e+00
7.429971814669155008e-23
8.782227297092157979e-37
3.089118403721393060e-55
1.696233087166244734e-36
0.000000000000000000e+00
1.337240156245407182e-31
8.015306273411065928e-37
1.829118097387666117e-45
3.820349887354180746e-64
7.366269351988019563e-17
2.629746875351070226e-34
8.894436256212466914e-42
1.074887198085588002e-38
5.474208838933012478e-34
1.049506692905496418e-16
4.513729030360706123e-18
0.000000000000000000e+00
4.682342390550860397e-36
0.000000000000000000e+00
1.939923890607137676e-21
0.000000000000000000e+00
1.595069739577310923e-16
5.447114493456162252e-33
3.991460415843066572e-22
8.408386537981230580e-41
5.581782843443020959e-31
2.195666954405191679e-49
3.624652622619058886e-31
0.000000000000000000e+00
6.349159569667798673e-25
5.348964006815863499e-40
1.849265477850567719e-58
2.292182287506902236e-39
0.000000000000000000e+00
3.818121113951978133e-33
4.879366086985905694e-40
2.918347324028819573e-48
5.988272477903827997e-67
2.043201239370263576e-20
7.170380857420360979e-38
1.192363104176985651e-45
1.433203979419255277e-42
2.588328700611382958e-37
4.357592822797724047e-20
7.852151688612421606e-21
0.000000000000000000e+00
6.693965190588485578e-39
0.000000000000000000e+00
1.382949001724910990e-20
0.000000000000000000e+00
4.043554365563180526e-16
1.429534327198430171e-32
2.845145359895465297e-21
6.148741787228508341e-40
4.078374842726149584e-30
1.647710144485289654e-48
3.313008840907626196e-29
0.000000000000000000e+00
4.485578120778547272e-24
4.969953986263353573e-38
1.747500206394275234e-56
2.132771824187541218e-37
0.000000000000000000e+00
2.773670789071870360e-32
4.535077556491733002e-38
2.759085676309303864e-46
5.761318318291785128e-65
1.852917675912062121e-18
6.613793013628421678e-36
1.118946805120420124e-43
1.352229696047134579e-40
2.362156286383726009e-35
3.962841762956505970e-18
1.622236838734526650e-19
0.000000000000000000e+00
1.682679387557138878e-37
0.000000000000000000e+00
5.754555622980600518e-19
0.000000000000000000e+00
1.512908907788823597e-14
5.354096711666822946e-31
9.987619372742129330e-20
2.158277016132701031e-38
1.041500667036586382e-28
4.208521337966949135e-47
1.329104412224987139e-27
0.000000000000000000e+00
1.574666743650187588e-22
1.033952698321823756e-36
3.636088080747076826e-55
5.990871622462701725e-36
0.000000000000000000e+00
7.084731179954490176e-31
9.436572628332383675e-37
4.306473345130985823e-45
8.993799864092947199e-64
3.469427613124215468e-16
1.238485211147887602e-33
5.239179593982253090e-41
6.330701142474153768e-38
5.527913952065679172e-34
2.782099154695078281e-16
4.555853602907959856e-18
0.000000000000000000e+00
4.725356397878510727e-36
0.000000000000000000e+00
8.495591487394493066e-19
0.000000000000000000e+00
1.118253864996534526e-14
3.947035916523132828e-31
4.918226044175078024e-19
1.061564695080279058e-37
2.046231525486885310e-28
8.255215621178888576e-47
7.848877706032770208e-27
0.000000000000000000e+00
7.729051959798992711e-22
9.143348522412915813e-36
3.210273813619418371e-54
1.765633029682729606e-35
0.000000000000000000e+00
1.394067613465049620e-30
8.349498196706843194e-36
1.899248491684629946e-44
3.967722684295596270e-63
7.700207639254943333e-16
2.744171518534690931e-33
9.181021474549237014e-41
1.108913436609619921e-37
5.713672813662893620e-33
1.095810032351523505e-15
4.679330702034064605e-17
0.000000000000000000e+00
4.844811355025131232e-35
0.000000000000000000e+00
0.000000000000000000e+00
0.000000000000000000e+00
0.000000000000000000e+00
0.000000000000000000e+00
0.000000000000000000e+00
0.000000000000000000e+00
0.000000000000000000e+00
0.000000000000000000e+00
0.000000000000000000e+00
0.000000000000000000e+00
0.000000000000000000e+00
0.000000000000000000e+00
0.000000000000000000e+00
0.000000000000000000e+00
0.000000000000000000e+00
0.000000000000000000e+00
0.000000000000000000e+00
0.000000000000000000e+00
0.000000000000000000e+00
0.000000000000000000e+00
0.000000000000000000e+00
0.000000000000000000e+00
0.000000000000000000e+00
0.000000000000000000e+00
0.000000000000000000e+00
0.000000000000000000e+00
0.000000000000000000e+00
0.000000000000000000e+00
0.000000000000000000e+00
1.577165525083647823e+00
7.183296430358900519e-05
7.580160696800042786e+00
7.338750781383166100e+01
1.281316499704827083e-01
2.501699655135100286e+00
2.132783287362777358e+01
2.542048390855954770e-02
1.619718372826665487e+01
3.982579201848096773e+00
2.373542854090766126e-10
3.765371456888312096e+00
5.660709745297347844e-10
6.543443256213123877e-11
0.000000000000000000e+00
0.000000000000000000e+00
1.456105870734286716e-12
4.200439070191412834e-03
6.116280215143159590e-17
1.560536859032713863e+01
1.648051125404469531e+03
1.933184044428442272e+00
0.000000000000000000e+00
2.524496164798152265e+01
1.292407806325395869e+00
1.990765463861333462e+00
2.248034279711047523e-02
6.873677371558403748e-02
4.683614244005331102e+02
1.196561778583280642e+02
3.056993733739409436e+02
1.253467309236947586e-11
7.884764542240416674e+00
1.419261528146336673e+02
1.197600048375541490e+02
2.341292275059421968e+01
5.941965142598021998e+01
6.412981081562070468e-14
8.356828809096009776e-12
1.916615553931686410e-09
3.504593943012177339e-09
1.384258142558727300e+01
4.889219008566913861e-09
6.467211968802805133e-01
1.803760559588108159e-01
9.032745892964275103e-02
2.355777106804883942e+02
1.945211762827755380e-13
9.996320119455445820e+03
3.520779857040936545e+00
4.560368090174359845e-01
7.778356924226687008e-01
2.461100860808887347e+01
8.852679318853294566e-02
8.853281530160171942e-01
1.058413259038600884e+01
3.726144628227958111e-01
7.995442371349703592e-02
1.040340890294215448e-01
3.322371247027291918e+00
3.328108100302952455e+00
9.172363730013208954e-03
1.889755894180101734e+02
1.519603458051174272e+01
3.543854171685791032e-02
4.848153215671186511e-01
7.356486222188142188e-01
1.717372997474369833e-01
2.126623002726453038e+01
3.095774773871358477e-13
9.460882378115410795e-11
3.422923780404320837e+02
0.000000000000000000e+00
3.573496189280334789e+01
3.095701576164818647e+01
2.150502908913515796e+02
1.701847902532616363e-01
6.617564505743115388e-01
7.058614126976517866e+01
0.000000000000000000e+00
2.148942314786832944e-11
3.043018689650102004e+01
6.031990384536655742e-10
5.044866642847601890e-01
2.992670002824416645e-10
6.459218750625949062e-04
2.504947582996530295e-02
2.526641178781005581e-01
9.163375593923188119e-17
5.028004930697382163e-02
0.000000000000000000e+00
5.365602198079945095e-01
1.370795410971208661e-01
5.462067628330855129e+00
4.731764283473165023e+00
2.341304711343390110e+01
3.462925657433370481e-15
8.272803970019087989e-15
1.034952883941074485e-10
2.472026634700580776e-10
9.633098250548221846e-14
1.459640788146189267e-03
9.661088907997408565e-04
8.869893929515290914e-04
1.520946053320024749e-01
2.146097630600023176e-03
5.212909532583238220e-02
0.000000000000000000e+00
3.000973732456314604e-13
1.810160730863944601e-12
6.848614958855207303e-04
2.369017705806870526e-13
3.526726050971512422e-13
0.000000000000000000e+00
1.076932973280333145e-12
3.455328802976442154e-02
1.193901147873807931e-04
5.083427382000007535e-04
1.298705622298061701e-04
1.166892904888311904e+02
5.869160163074619518e+00
3.961956184778908652e-01
9.278088929402096952e+00
2.370352996537615553e+00
5.107439352194535154e+00
0.000000000000000000e+00
0.000000000000000000e+00
0.000000000000000000e+00
0.000000000000000000e+00
5.821429770667666759e+01
6.792821726338155486e+01
0.000000000000000000e+00
0.000000000000000000e+00
0.000000000000000000e+00
0.000000000000000000e+00
0.000000000000000000e+00
5.488807497909671020e-03
1.509140963470643722e-03
3.162480333325427655e-04
1.499018031454499994e-03
3.554631985901728249e-03
5.376216566653199691e-03
5.376216566653199691e-03
5.376216566653199691e-03
5.376216566653199691e-03
1.987306109088870024e-02
3.794982358112791161e-06
1.452845348889364278e-02
5.376216566653199691e-03
5.376216566653199691e-03
5.376216566653199691e-03
5.376216566653199691e-03
5.376216566653199691e-03
5.376216566653199691e-03
5.376216566653199691e-03
5.376216566653199691e-03
5.376216566653199691e-03
5.376216566653199691e-03
5.376216566653199691e-03
5.376216566653199691e-03
5.376216566653199691e-03
5.717773419555999964e-04
9.420411206955300182e-03
4.703248135821100177e-03
1.498765032630679922e-02
2.770337121422000162e-04
2.087240296962000101e-04
1.361133672443100382e-03
3.087848162833413661e-03
3.366151337686729660e-03
2.132781574789971955e-03
0.000000000000000000e+00
6.660191555936913893e-03
1.782378203724171474e-03
2.131517573690885903e-03
1.714066038727185288e-03
2.528722251602086128e-03
2.796901451767927135e-02
5.348394143679886803e-03
7.589964716225612816e-06
6.437553583948027458e-03
1.597434375337536752e-02
1.042481306216450077e-02
4.264294928144331254e-02
5.013171695066999042e-03
5.819022600115726564e-05
5.047326536290000238e-04
1.374668513708161149e-02
1.264992133330171062e-03
0.000000000000000000e+00
8.361626024346715874e-04
4.999252787672343185e-03
2.023990590993499574e-05
2.449031097653087390e-03
4.339561745585067132e-01
1.177456774565558903e-02
1.264994119370919446e-06
0.000000000000000000e+00
3.192846150312614404e-03
2.529988238741870656e-06
1.264994119370919446e-06
3.288984710364429312e-05
2.236507617006971115e-03
3.162480333325427655e-04
1.095484907375200018e-03
5.116901709365556834e-03
3.077731188939657539e-03
1.505343002051000019e-04
2.302304192560719945e-04
2.708351913062941995e-03
2.656487650678969017e-05
0.000000000000000000e+00
8.045357634096427868e-04
1.783642204823157346e-03
8.336375792978452902e-04
4.141589257289829407e-03
2.839910804967285714e-03
5.059976477483741313e-06
0.000000000000000000e+00
3.275068782030885698e-03
2.982854147435871298e-03
1.380867580705309912e-02
2.560346608076128315e-03
6.617183741919143748e-03
1.065126041530614458e-03
3.736791139091127662e-03
8.638642358633111251e-03
3.162480333325427655e-04
2.213744177490815576e-03
2.488241943272028172e-03
1.668526746940042840e-03
6.717115794798456281e-03
1.264992133330171062e-03
1.264992133330172363e-03
5.617693569571407250e-19
1.375174858913041226e-02
9.851773208640382182e-03
2.661545641115670938e-03
2.675209563645659927e-02
8.598162546813212237e-03
5.108045260999384725e-03
4.718433030354567017e-04
4.732341014525871109e-03
6.051729384519513935e-03
8.614614918017573023e-04
3.999914881022199886e-03
3.706442699960144755e-04
1.264994119370919446e-06
1.011995295496748601e-05
1.659672731473841104e-02
1.655118405086971473e-02
5.043533043462470819e-03
1.037421329738969639e-02
3.162480333325427655e-04
2.338593883715764030e-02
2.264338977163742571e-03
2.844969788424470819e-03
9.484924914022882167e-03
4.352842778714571988e-03
5.116898730304414097e-03
2.869007655753614411e-03
4.002439407648871253e-03
2.909486474553155913e-05
1.945561452102657993e-03
0.000000000000000000e+00
5.059976477483741313e-06
3.352738278986903964e-02
3.162480333325427655e-04
6.324970596854693582e-06
5.059976477483741313e-06
4.933477065546644307e-05
3.225739969497572754e-04
6.214913625918413315e-03
1.770996732220571281e-04
1.752015365798128329e-03
6.527364690851426973e-04
0.000000000000000000e+00
