1.897392000000000053e+03
2.893561845383165405e+02
9.972039469564901282e+00
1.320448246090054454e+02
8.096314596915932249e-01
2.327894706169885068e-73
1.161533095357572622e-102
9.972955331468416063e+00
9.972609972789236110e+00
9.972581693304995554e+00
9.929158717379577226e+00
9.927356231838851741e+00
9.922910565638936475e+00
9.922294574109098875e+00
9.908777987953813593e+00
9.889748492621171394e+00
9.861353404200871253e+00
9.972133851306688612e+00
9.964769584680771786e+00
9.944957448184760906e+00
9.930261389440881103e+00
9.905958676242230254e+00
9.840267144333077809e+00
9.813947287698475463e+00
9.796700205424146546e+00
9.765864028156247656e+00
9.753783737920842967e+00
3.557898890279390103e-01
6.441000105847858492e+01
1.756880833119805629e+01
3.276508139207150280e-04
1.160755050005977517e-05
0.000000000000000000e+00
0.000000000000000000e+00
5.052645918267930369e+01
1.525584269633385759e+02
0.000000000000000000e+00
9.346056133096942276e+00
1.585541989432578847e+00
7.956563195889952112e+03
4.706555793309996183e+00
4.390321615552807838e-02
1.132070319888090353e+03
7.583114135651300991e-01
1.649104990409724802e+00
2.426923612321691337e+01
4.989176407672600178e+00
2.542454912688175694e-01
8.871257040026014895e-01
2.737147532949675721e+00
1.140811714232172314e+01
1.123651395772057970e+00
1.412610612178538361e+02
4.939778054779377925e+01
1.603550044488782333e+01
5.529832520317678757e+01
4.024162637043328772e+00
1.405552576993125591e+01
5.155878214088688516e+00
1.270454580877230510e+00
2.053399825708984139e+01
5.858455410678478081e-01
1.088281745308141666e+02
1.147533113220253043e+01
4.204495169566802915e+00
4.120959304108631471e+01
3.443411274804579758e+00
3.900338277609490145e+00
6.841513932875686876e-01
7.116752769125311318e+01
7.300084621429562270e-01
9.402837274127568534e+00
2.651897382082111676e+01
1.674038480419498498e+01
8.435354104367126515e-02
1.497720318032879916e-01
9.002956913973668634e+03
2.664664117884393058e+00
2.898359859965509600e+00
4.240298283758114906e-01
3.174089863608323125e-02
3.595391506810146492e-02
2.372374517122374446e-03
0.000000000000000000e+00
5.446544832872080022e+00
0.000000000000000000e+00
0.000000000000000000e+00
4.968325965027109992e-01
0.000000000000000000e+00
1.649702440503965306e+01
0.000000000000000000e+00
6.326858567159844137e-04
2.861551903207840055e-03
5.707603905000911698e-06
8.365466011020711790e+01
8.356468642617654111e-03
1.691136112997378312e-04
4.788367265330104594e+00
2.556349570028237170e-09
4.408737736286448073e-05
6.895233786240755396e-09
7.870643484468056172e+00
8.331917117528490403e-05
3.186153919214006009e+02
1.685822084206355311e-06
4.116164759055568334e-01
6.339844975030953833e+01
1.149144123101508832e-04
2.791943700952850682e-06
3.896352158848439728e+01
3.332871886695377116e-04
1.197118954823302488e+02
1.055798671706784925e-07
1.337150085740834899e-04
1.806530262405697850e-03
5.564508789093223662e+00
3.085597608397986150e-02
1.031908250702193869e-04
1.764908297516685045e-03
3.366940672639982150e-07
5.774293978632283728e-06
2.259968074442738271e+03
2.403679545127878872e-06
2.776293773119954981e-04
1.741845744884190935e+04
2.780285207477889431e-02
2.786377962561647492e-01
1.780931269647095860e+03
2.842672178569030303e-03
2.274282978502854824e-02
1.952605679165596297e-02
9.838621593783322683e-02
3.034345863284057513e-06
4.271423580265404363e-01
4.977699424050448674e-11
1.547787052170297689e-12
1.864634255122867194e-12
1.192468410925680115e-03
7.522338389613559791e-11
2.037347869027328617e-01
6.092816585305563137e+00
1.989528473447732647e-11
1.647851927774945781e-12
1.206409877460339917e-12
2.351303579891416995e-09
1.991127070737429868e-10
1.408893903203405695e-10
6.653854416566208339e-12
2.514569336717846198e-18
7.962610055599364739e-10
1.239836595934834968e-12
2.481633859940299036e-10
1.623749360139597658e-14
3.689639702728034212e-09
3.707116813928028209e-12
5.021409889063616289e-16
4.894880986361419324e-18
6.116043943546199438e-19
2.591100826728300258e-16
1.976190812079170562e-17
3.749836355545859723e-17
0.000000000000000000e+00
3.280575806553563467e+01
6.111575582074840440e+01
2.148570310899671821e-04
4.003535687690808718e-04
4.918121616955890607e-05
2.306601051708804983e-13
4.297455861041057955e-13
0.000000000000000000e+00
1.394087356174594206e+01
2.160542458294843478e-04
2.038327233184685117e+00
3.663656741795195265e-02
1.213431567371605312e-02
1.076190888453233629e+00
7.048402348608185516e-06
1.613395740349059194e-06
7.566735331594244127e-15
4.616349087468247748e-11
1.056693075322498750e-11
4.955831124210312383e-20
1.134401305473840708e-20
5.320278356265782719e-29
1.943472867568726281e-01
4.154749921005491606e-03
1.603620183707501479e+00
5.362365830242550591e-02
3.035371913272526168e-16
5.093874210719779294e-24
2.428077400342204408e-32
1.966300447048189361e-17
5.597017973858140229e-20
6.176146029201343955e-18
2.732361107935523067e-19
0.000000000000000000e+00
8.341552648551784247e-15
6.205314195678737861e-20
6.067932621803216907e-29
9.811374342407582255e-28
1.435479620488324934e-22
2.503589014671472313e-28
0.000000000000000000e+00
1.133335643304565058e-36
4.660919236435200575e-36
0.000000000000000000e+00
6.861238457531782027e-31
1.063968099438709391e-36
4.979240146963773808e-45
2.346702644131337105e-16
2.038287217843411543e-38
8.591414592647654913e-17
1.893894986097009139e-17
0.000000000000000000e+00
1.637671225776806251e-31
1.275486848381203999e-38
2.324289281231223135e-47
4.946973719921110708e-47
3.932029802662513646e-55
9.962231505365304436e-64
8.215145303225171444e-34
1.565856504981982965e-41
3.765354307434059700e-34
5.814131723321365776e-35
0.000000000000000000e+00
6.112711121254350566e+00
4.003499365129505749e-05
4.297917552486688090e-14
2.719287912255951602e-19
0.000000000000000000e+00
8.234243793028927267e-15
1.616647807249009248e-31
6.175426991034505057e-20
1.269172223905736595e-38
6.038452382944017592e-29
2.312876553139595636e-47
9.803479953837159064e-28
0.000000000000000000e+00
1.428251685402256570e-22
1.132267603945458645e-36
3.927887047811074357e-55
4.657115554666311432e-36
0.000000000000000000e+00
6.827905094578338566e-31
1.063008464465836484e-36
4.974747084789846995e-45
9.953130406946266450e-64
2.345021957734586559e-16
8.208543685058928497e-34
1.564169512625684684e-41
2.036036934176057637e-38
3.761263818595552624e-34
8.582582814785639975e-17
1.891895202743813338e-17
0.000000000000000000e+00
5.807629219513003516e-35
0.000000000000000000e+00
2.193757634313717778e-17
0.000000000000000000e+00
6.700973780643782668e-35
0.000000000000000000e+00
1.918257081754837600e-23
0.000000000000000000e+00
5.828408611355388349e-19
1.137938268310052191e-35
4.362315543049288004e-24
8.866443149696455731e-43
4.210189645421222310e-33
1.594706226891602544e-51
6.997246243540676102e-32
0.000000000000000000e+00
1.003855030397595779e-26
7.988191395185343009e-41
2.740546762404971940e-59
3.278160585216547203e-40
0.000000000000000000e+00
4.733061678783718207e-35
7.494685242038622174e-41
3.461705367561522693e-49
6.853645691400147939e-68
1.657350299631246514e-20
5.731392697788212108e-38
1.101616875717638086e-45
1.430486907979670212e-42
2.640324401244609768e-38
6.057774907094261373e-21
1.338508289184095801e-21
0.000000000000000000e+00
4.087380830243844285e-39
0.000000000000000000e+00
1.413720807820304533e-18
0.000000000000000000e+00
1.178391925730466610e-13
2.282680252721085725e-30
3.218902403510389691e-19
6.447277990200680533e-38
3.057273605920859859e-28
1.141377793995983978e-46
4.235760658224073548e-28
0.000000000000000000e+00
7.356186439683875489e-22
4.811965313997295710e-37
1.643429109611497588e-55
1.973425457362906322e-36
0.000000000000000000e+00
3.411383010240124778e-30
4.514263426960018112e-37
2.074173589063550549e-45
4.089834852528432041e-64
1.008161700506508765e-16
3.468642306448677203e-34
6.629809144457089214e-42
8.599200854697552848e-39
1.602528938677362689e-34
3.681091784090197104e-17
3.321823630052036933e-17
0.000000000000000000e+00
8.930314009574823159e-35
0.000000000000000000e+00
1.414963665762384717e-18
0.000000000000000000e+00
1.179415844412035610e-13
2.284677595793781656e-30
3.221728488005353101e-19
6.453014425660501110e-38
3.059998496756937565e-28
1.142408859719006085e-46
4.241780520849511080e-28
0.000000000000000000e+00
7.362684870293600781e-22
4.818861613190042784e-37
1.645803279742330091e-55
1.976257902700739890e-36
0.000000000000000000e+00
3.414444713994443100e-30
4.520735538565351013e-37
2.077175396127852065e-45
4.095798428985718772e-64
1.009597963493373636e-16
3.473627405910599096e-34
6.639323714645821848e-42
8.611564171056152327e-39
1.604822359192469064e-34
3.686342147586572673e-17
3.322105027206782414e-17
0.000000000000000000e+00
8.931156274685922966e-35
0.000000000000000000e+00
4.054397830159830361e-17
0.000000000000000000e+00
1.088938383463012492e-34
0.000000000000000000e+00
1.178188175479299189e-22
0.000000000000000000e+00
3.964115449897409840e-18
7.780043927334611376e-35
2.378650944753224015e-23
4.885812343022129201e-42
3.196061254821981157e-32
1.223748765420417244e-50
3.304081416947879763e-31
0.000000000000000000e+00
5.500313347115714839e-26
4.904433476286583970e-40
1.700753765764572873e-58
2.241201585753145499e-39
0.000000000000000000e+00
3.612835537459766836e-34
4.604047564691297738e-40
2.871663563164513505e-48
5.743472787359763181e-67
2.257590808880063002e-20
7.899875495635300463e-38
7.526618133570589667e-46
9.797080428523392007e-43
1.447797498948393231e-37
3.304925096549904543e-20
5.280375573229591360e-21
0.000000000000000000e+00
1.612889479040827075e-38
0.000000000000000000e+00
6.133444356240210634e-22
0.000000000000000000e+00
5.680434506156874493e-17
1.100365322696087000e-33
1.241361734053635186e-22
2.486376941824649822e-41
1.621157805877890721e-31
6.052331726954469423e-50
1.430098613374879084e-31
0.000000000000000000e+00
2.836895154877376834e-25
2.088811580863853248e-40
7.133950138604273005e-59
9.518254013471991833e-40
0.000000000000000000e+00
1.808938377519766002e-33
1.959593402825798293e-40
1.200502134773512639e-48
2.367138300630205917e-67
9.725159463365410063e-21
3.346001110837193900e-38
3.197545542612429539e-46
4.147379831276210469e-43
6.183175491172423009e-38
1.420307322235235828e-20
9.763561827962267184e-21
0.000000000000000000e+00
2.622302245939337939e-38
0.000000000000000000e+00
4.226145386369204935e-20
0.000000000000000000e+00
1.278726442236886907e-15
2.511777940922866137e-32
7.197953410038770750e-21
1.478363863803169503e-39
7.035792755343729491e-30
2.694381629192039570e-48
1.142663257452836731e-28
0.000000000000000000e+00
1.664662687074633785e-23
8.795637864434934911e-38
3.050577029598130427e-56
5.426990774981543759e-37
0.000000000000000000e+00
7.955839708892729091e-32
8.258444895701407247e-38
3.863853732451977132e-46
7.728821546177644492e-65
3.644378381320663880e-17
1.275373856007035562e-34
3.037772308917053402e-42
3.953617248683151714e-39
2.921374670051140398e-35
2.000358970888301694e-17
1.278462603522608699e-18
0.000000000000000000e+00
3.904517265830966787e-36
0.000000000000000000e+00
7.099009728940196886e-20
0.000000000000000000e+00
1.074220445983525989e-15
2.107894287975231347e-32
4.033608139658032515e-20
8.275310162805570795e-39
1.572774517356736345e-29
6.014378420568747967e-48
7.676702926677459623e-28
0.000000000000000000e+00
9.285990590074737209e-23
8.848976736499470423e-37
3.064687555402034113e-55
1.819415074149612337e-36
0.000000000000000000e+00
1.778835635397417606e-31
8.312744687461513678e-37
1.938453680107875925e-45
3.880026263651300756e-64
9.189606195287317432e-17
3.210576327384958857e-34
6.060467822587631467e-42
7.885954879613131880e-39
3.426843081663183248e-34
8.951255166530601288e-17
1.492289585673123757e-17
0.000000000000000000e+00
4.554491007203339548e-35
0.000000000000000000e+00
4.941683502195134387e-20
0.000000000000000000e+00
7.481427794201805854e-16
1.468739108141688071e-32
2.806078611626785333e-20
5.766118028626702981e-39
1.097164488049140589e-29
4.202359425685326596e-48
5.345546389307847083e-28
0.000000000000000000e+00
6.489410480300620349e-23
6.171968566159244016e-37
2.141048339783683600e-55
1.269437663600261314e-36
0.000000000000000000e+00
1.240651987708506684e-31
5.795083165655324448e-37
1.355789658159853992e-45
2.712146729670017389e-64
6.392925935834952097e-17
2.237393525964753557e-34
4.260415959877272740e-42
5.545488664379457281e-39
2.390310996789742471e-34
6.234568783055239628e-17
1.046487546494408997e-17
0.000000000000000000e+00
3.196316994533015064e-35
0.000000000000000000e+00
9.710573925971818620e-22
0.000000000000000000e+00
8.993319031627423740e-17
1.742098556554650649e-33
1.965359375293767167e-22
3.936457122012505689e-41
2.566613890000991722e-31
9.581983720640405788e-50
2.264174673278928933e-31
0.000000000000000000e+00
4.491429334056738104e-25
3.307009337856529315e-40
1.129441994729826925e-58
1.506937266396786911e-39
0.000000000000000000e+00
2.863907557900669756e-33
3.102448173350953728e-40
1.900621713848808759e-48
3.747586699585794333e-67
1.539710942794017847e-20
5.297404639050145063e-38
5.062133002092429631e-46
6.565828010319092846e-43
9.788814651082789094e-38
2.248551963532091477e-20
1.545769415055227640e-20
0.000000000000000000e+00
4.151621627536571551e-38
0.000000000000000000e+00
9.420167194383113518e-21
0.000000000000000000e+00
3.169496349363372679e-16
6.220506645184897729e-33
1.901843412038904897e-21
3.906433387156930391e-40
2.555398823053335826e-30
9.784432003414776214e-49
2.641768629527376901e-29
0.000000000000000000e+00
4.397758143295125592e-24
3.921322917177807758e-38
1.359831023009715594e-56
1.791944786372151096e-37
0.000000000000000000e+00
2.888627743450257832e-32
3.681149870769541124e-38
2.296026872059775095e-46
4.592167695648319231e-65
1.805049427128187072e-18
6.316316530241373964e-36
6.017879977894722870e-44
7.833219657966449040e-41
1.157581054468595441e-35
2.642442111687330831e-18
4.221907823537065675e-19
0.000000000000000000e+00
1.289580711993660200e-36
0.000000000000000000e+00
3.840479715467795359e-19
0.000000000000000000e+00
1.161988345840136308e-14
2.282529551942146412e-31
6.541079180805909467e-20
1.343407735120530667e-38
6.393611909194549041e-29
2.448434743715682318e-47
1.038385099169567080e-27
0.000000000000000000e+00
1.512745251890654340e-22
7.992849791528321824e-37
2.772118369028761768e-55
4.931681085399520152e-36
0.000000000000000000e+00
7.229693952363397738e-31
7.504722865673146380e-37
3.511170568187047022e-45
7.023281865542842694e-64
3.311797431987422602e-16
1.158972102955186084e-33
2.760527881679152070e-41
3.592762036047218110e-38
2.654730062988385366e-34
1.817801257074878762e-16
1.161791029060938576e-17
0.000000000000000000e+00
3.548166585297360120e-35
0.000000000000000000e+00
7.025988730531530042e-19
0.000000000000000000e+00
1.063167254510281598e-14
2.086198220803752053e-31
3.992136175444476633e-19
8.190134928333462045e-38
1.556573451869083864e-28
5.952358206930894193e-47
7.597723607194968859e-27
0.000000000000000000e+00
9.190222420472389349e-22
8.757834459991151748e-36
3.033087551581345644e-54
1.800671457796562804e-35
0.000000000000000000e+00
1.760514539629755705e-30
8.227154174990297616e-36
1.918450805320703141e-44
3.840004411062193336e-63
9.095121545212802213e-16
3.177527308094532049e-33
5.997712986158567360e-41
7.804279713245095871e-38
3.391545158773607867e-33
8.859146485314566214e-16
1.476943492875170469e-16
0.000000000000000000e+00
4.507649656780143637e-34
0.000000000000000000e+00
0.000000000000000000e+00
0.000000000000000000e+00
0.000000000000000000e+00
0.000000000000000000e+00
0.000000000000000000e+00
0.000000000000000000e+00
0.000000000000000000e+00
0.000000000000000000e+00
0.000000000000000000e+00
0.000000000000000000e+00
0.000000000000000000e+00
0.000000000000000000e+00
0.000000000000000000e+00
0.000000000000000000e+00
0.000000000000000000e+00
0.000000000000000000e+00
0.000000000000000000e+00
0.000000000000000000e+00
0.000000000000000000e+00
0.000000000000000000e+00
0.000000000000000000e+00
0.000000000000000000e+00
0.000000000000000000e+00
0.000000000000000000e+00
0.000000000000000000e+00
0.000000000000000000e+00
0.000000000000000000e+00
0.000000000000000000e+00
0.000000000000000000e+00
1.531712741590032900e+00
7.183296794392469162e-05
5.452889889894488640e+00
9.376116231138826151e+01
1.252283061918740836e-01
2.330646093606516089e+00
1.982000843025060632e+01
3.023352431609548779e-02
1.610075411968767156e+01
4.580739817735515196e+00
1.350182300281278005e-10
3.181213783561127162e+00
4.240831710073452080e-10
3.250263244812384149e-11
0.000000000000000000e+00
0.000000000000000000e+00
1.122765311102303055e-12
4.200440963056085997e-03
4.716107212812204807e-17
1.579855253409757410e+01
1.599095072244064113e+03
1.828007132231628695e+00
0.000000000000000000e+00
2.036951531585109976e+01
1.093915340062028285e+00
1.708982321420052797e+00
2.488700806112102357e-02
6.599003864314650913e-02
5.631771337113541449e+02
1.132651166053508263e+02
2.278294710997240884e+02
1.543408480112819474e-11
7.515146697586224001e+00
1.352729319986686960e+02
1.139349485796156927e+02
2.122982538537997499e+01
5.388568520793469929e+01
5.215527867963937063e-14
8.963999497678172569e-12
1.385246029786428423e-09
2.377428308439859039e-09
2.168858685814806364e+01
5.121601542109714236e-09
6.467211906576437741e-01
1.664430416436172289e-01
8.320212416052784332e-02
2.019328764159010063e+02
1.499144290194655969e-13
9.996271937488689218e+03
3.564221863281853420e+00
4.369847545665083710e-01
7.815359442976569371e-01
2.444945419873328518e+01
8.977222524125115510e-02
8.977760721394300036e-01
1.060037384394326132e+01
3.777945680289443442e-01
8.571815344472683007e-02
9.173840109954542466e-02
3.648396848448175245e+00
3.147589532513271671e+00
9.304140990395398311e-03
1.829938984992735129e+02
1.492582008751732303e+01
4.077885397794167588e-02
4.677197615641667805e-01
6.889470371870565213e-01
1.905999978522367744e-01
2.199164152979219722e+01
2.468617368844735336e-13
7.557693091240192667e-11
3.411200303104482714e+02
0.000000000000000000e+00
5.455300858376066486e+01
3.958948168961809699e+01
2.049669391232166902e+02
2.588240249832291506e-01
9.985279441677200607e-01
7.117884288853882424e+01
0.000000000000000000e+00
1.499781476017928805e-11
2.636115610231863826e+01
2.596062941927218531e-10
2.471670649039899026e-01
7.283285996708529952e-11
4.478407882700533114e-04
2.333398815656202024e-02
2.038319296821474447e-01
6.855794921216403275e-17
4.813308625765091303e-02
0.000000000000000000e+00
6.194004680606107760e-01
1.245727108929514798e-01
6.214377506507460680e+00
4.509820870063848020e+00
2.122987725530321157e+01
2.554575006679569177e-15
6.413369080408811871e-15
6.784422801368554132e-11
1.703139522828649680e-10
7.655294456189241995e-14
1.415918524842832123e-03
9.841996288985383357e-04
8.993514219729294200e-04
1.493514320181332511e-01
2.099531297901463013e-03
4.793251258080612892e-02
0.000000000000000000e+00
7.303236601408546710e-14
7.789138139822039972e-13
1.056187913374128165e-03
1.353481946247900632e-13
5.553531300906168494e-13
0.000000000000000000e+00
1.101895635949604317e-12
3.865085714298784753e-02
1.493811684346998882e-04
7.647999746317736504e-04
1.538151629019706031e-04
1.098283906836085890e+02
2.706253653259611536e+00
2.919759999926258565e-01
8.221673211560823091e+00
1.653529864282286432e+00
7.748947614513308046e+00
0.000000000000000000e+00
0.000000000000000000e+00
0.000000000000000000e+00
0.000000000000000000e+00
6.011741133113761748e+01
6.602510363891805412e+01
0.000000000000000000e+00
0.000000000000000000e+00
0.000000000000000000e+00
0.000000000000000000e+00
0.000000000000000000e+00
4.223815364579499090e-03
3.406629163465900098e-03
6.324960666650855309e-04
2.764010164784671056e-03
2.922135919236642718e-03
5.376216566653199691e-03
5.376216566653199691e-03
5.376216566653199691e-03
5.376216566653199691e-03
2.714676585753718341e-02
3.794982358112791161e-06
1.073347708890312960e-02
5.376216566653199691e-03
5.376216566653199691e-03
5.376216566653199691e-03
5.376216566653199691e-03
5.376216566653199691e-03
5.376216566653199691e-03
5.376216566653199691e-03
5.376216566653199691e-03
5.376216566653199691e-03
5.376216566653199691e-03
5.376216566653199691e-03
5.376216566653199691e-03
5.376216566653199691e-03
5.717773419555999964e-04
9.420411206955300182e-03
4.703248135821100177e-03
1.498765032630679922e-02
2.770337121422000162e-04
2.087240296962000101e-04
7.286376057780148512e-04
8.741119295056145200e-04
3.682399371019272859e-03
3.081525674787599818e-03
0.000000000000000000e+00
9.822671889262342415e-03
2.098626237056714239e-03
3.712757740353599730e-03
7.653219387295570999e-04
1.264992133330171062e-03
2.290904598435858711e-02
3.767153977017172542e-03
7.589964716225612816e-06
8.651289817275826383e-03
1.249561538671739754e-02
6.313588628841443513e-03
4.011296501478296694e-02
5.013171695066999042e-03
3.162480333325427655e-04
6.324960666650855309e-04
1.248169300375144043e-02
3.630538087695571394e-04
7.248411338893426953e-04
2.101154735764841457e-03
8.880283543492863661e-04
2.023990590993499574e-05
5.927759464311057810e-03
3.903139459586157933e-01
9.560831512327786635e-03
1.264994119370919446e-06
0.000000000000000000e+00
2.876598116980072072e-03
2.529988238741870656e-06
1.264994119370919446e-06
0.000000000000000000e+00
9.715154836768000526e-04
0.000000000000000000e+00
1.411732940707742783e-03
8.911878109356070887e-03
2.761483155607114773e-03
0.000000000000000000e+00
1.495222552586243083e-03
3.340847979728027526e-03
2.656487650678969017e-05
3.162480333325427655e-04
3.162480333325427655e-04
2.416138271488242877e-03
5.261110045953443573e-03
3.509093190624743876e-03
1.574918671637114435e-03
0.000000000000000000e+00
3.858227098979442687e-04
2.010076648700714636e-03
2.350358080770785767e-03
1.222743564039038659e-02
6.628584080808717222e-04
4.719695541923887155e-03
1.381374074863157223e-03
4.369287205756213627e-03
8.322394325300569787e-03
0.000000000000000000e+00
7.906208777476584487e-03
9.070017766093141278e-04
4.035346136098717242e-04
6.717115794798456281e-03
0.000000000000000000e+00
9.487440999976269954e-04
2.269398457130986872e-03
1.470049268912804533e-02
7.954285008645124722e-03
1.712801541118042859e-03
3.402580040310508591e-02
7.016922380150498843e-03
4.475549194334299194e-03
7.880913363679998467e-04
4.416092981193328777e-03
4.786737251189342873e-03
1.493957558466842616e-03
5.897403081017456479e-03
2.584380503323813888e-03
1.264994119370919446e-06
1.011995295496748601e-05
2.197294388139163848e-02
1.465369585087445380e-02
6.308525176792641881e-03
9.741717230724609988e-03
2.326321702972113797e-03
2.306969080382509710e-02
1.948090943831200022e-03
1.896225688426842739e-03
1.201490918068322603e-02
2.139106545386771762e-03
4.484402663639328566e-03
4.766495855748871004e-03
4.318687440981414452e-03
2.909486474553155913e-05
2.578057518767742657e-03
3.162480333325427655e-04
5.059976477483741313e-06
1.328750865658629571e-02
0.000000000000000000e+00
6.324970596854693582e-06
5.059976477483740466e-06
4.933477065546644307e-05
9.550700636148428064e-04
6.531161659250956514e-03
4.933477065545998665e-04
1.435767332465585563e-03
3.364884357525999318e-04
0.000000000000000000e+00
