1.897392000000000053e+03
2.031968976756478469e+02
1.081886042114315494e+01
1.302060044041233198e+02
9.815088797563625178e+00
7.728709386094503198e-71
1.187563241250173708e-102
1.082506455948174739e+01
1.083524296481805749e+01
1.083586225684746118e+01
1.086989722112821966e+01
1.087122064634040619e+01
1.087404271114595922e+01
1.087442602084952448e+01
1.088021758300870978e+01
1.088501674707129396e+01
1.088764204949633729e+01
1.083295033787597461e+01
1.085163277267265691e+01
1.087032590745682725e+01
1.087890444269615919e+01
1.088538675798249145e+01
1.088622675061806966e+01
1.088554579116908094e+01
1.088494364931425373e+01
1.088453781412877674e+01
1.088453235270027264e+01
4.381974338682673720e-01
6.994414417050830934e+01
1.324324711340913652e+01
4.357908668393485380e-04
1.163625164868858339e-05
0.000000000000000000e+00
0.000000000000000000e+00
5.590296837611781910e+01
1.525524033353391076e+02
0.000000000000000000e+00
7.188602269602756500e+00
1.746462508700377336e+00
7.962704627893993347e+03
4.088909268610234626e+00
3.989282851701697608e-02
1.130747271852264475e+03
7.618153538238817690e-01
1.595266829271974274e+00
2.202859005259058733e+01
4.501108157197970527e+00
2.545707632391559505e-01
8.888124680382287757e-01
2.743713390381749218e+00
1.140839788097069807e+01
1.122490766180562316e+00
1.412799088419319844e+02
4.932473406641898350e+01
1.602655963254857951e+01
5.529831131751549833e+01
4.023615641125801723e+00
1.405044457443742800e+01
5.181896341352330460e+00
1.272152651543538182e+00
2.046532551003589973e+01
5.899913966057641623e-01
1.088200034303113028e+02
1.152916313273173721e+01
4.204546955369131922e+00
4.135287782536309464e+01
3.443529594150291029e+00
3.900460590033932640e+00
6.841699694822451772e-01
7.116752012602360367e+01
7.300297103877102511e-01
9.402865087068997596e+00
2.651896287643540617e+01
1.674039027052151951e+01
8.406089864186651328e-02
1.497720318032879916e-01
8.999473642988728898e+03
2.309977588135881721e+00
2.896181744791867185e+00
3.815867020091303630e-01
3.180231195300597946e-02
3.610625946729066615e-02
2.370729602861195232e-03
0.000000000000000000e+00
4.406498960301494350e+00
0.000000000000000000e+00
0.000000000000000000e+00
9.409450387793614201e-01
0.000000000000000000e+00
1.530792695826209382e+01
0.000000000000000000e+00
6.019508817804466961e-04
2.861849228740140187e-03
5.435977016529159883e-06
8.678186576355334125e+01
8.251421450390549611e-03
7.053810014086567346e-05
4.802485579857779463e+00
1.069394137234499468e-09
2.171722428814408306e-05
3.151764954033215009e-09
1.865878162531899420e+01
8.238859829018613593e-05
3.237447627909145922e+02
7.144743784849180150e-07
3.800211206949619114e-01
6.197242750336754824e+01
1.070082614299924437e-04
2.784342842926158049e-06
3.773156713168199872e+01
3.223058479093452193e-04
1.189759193688521037e+02
1.046445770773413964e-07
1.265074761196973655e-04
1.703826260898143449e-03
5.388889901967659490e+00
2.814239554391956277e-02
9.178949086315465946e-05
1.503332434757854953e-03
2.663830777849995085e-07
4.290612583316140287e-06
2.259981402171717946e+03
1.901675006132269603e-06
1.553895332830471153e-04
1.769959299468735117e+04
1.581199618051467443e-02
1.574669224229428288e-01
1.822951423893347055e+03
1.628540895109594671e-03
1.091399422302045084e-02
1.099993477398354680e-02
7.061340588814842001e-02
1.226830708996180052e-06
3.258675997251721523e-01
2.171436142015703878e-10
2.107272063713380805e-12
2.575645374185032410e-12
3.893729094037098599e-04
2.396882182261761697e-10
1.570696823634987194e-01
6.093451095844184984e+00
2.229572351387788039e-11
1.740450212039235198e-12
1.111525166161987384e-12
2.571577575652729439e-09
1.938671810241712705e-10
1.247139411680720581e-10
3.687031907167798473e-12
1.384761819758631204e-18
4.173373481254354492e-10
6.376937686337029059e-13
1.267790119424949456e-10
1.758611076850195508e-14
3.832794981695226234e-09
3.856242433171625104e-12
6.767369492918132221e-16
4.938506622899028824e-18
6.170633179690390670e-19
3.575797258709152926e-16
7.668958605998732181e-18
1.327220763336652826e-17
0.000000000000000000e+00
3.504656293429319902e+01
6.060836635060287136e+01
2.250872210319948530e-04
3.893143926331354022e-04
4.887696656829051159e-05
2.439620262963420273e-13
4.219062020007892459e-13
0.000000000000000000e+00
1.394845220763035520e+01
2.160543255919462554e-04
2.099042573296449277e+00
5.574856509562464701e-03
1.768496058555938527e-02
1.228246786055429585e+00
7.888425169301231036e-06
1.712947183151958235e-06
8.549812191816244540e-15
5.066424355796143067e-11
1.100158414731002564e-11
5.491207153461953639e-20
1.192398688427813276e-20
5.951604897039273625e-29
1.945592416307196648e-01
4.405942050756159190e-03
1.292645831966931169e+00
7.093936244704114602e-02
3.771150929617200891e-16
4.853447764702055625e-24
2.386280284825847027e-32
2.011601186016198327e-17
7.722148751160184579e-20
2.967478161884408708e-18
3.264676213026255184e-19
0.000000000000000000e+00
1.088396475686573038e-14
6.892997897674693301e-20
7.852842303927411347e-29
9.747301747053544185e-28
1.464523533600017661e-22
2.368379542770025106e-28
0.000000000000000000e+00
1.138254626752044541e-36
4.787553505896880019e-36
0.000000000000000000e+00
7.182869931621003103e-31
1.036343655564838078e-36
5.172482350685111648e-45
2.408082447284998452e-16
3.617139304531099762e-38
4.629097960408458933e-17
2.395315606423556404e-19
0.000000000000000000e+00
2.769737124299676541e-31
1.479957908828631068e-38
3.113840854117564807e-47
4.679467224875584986e-47
3.896705409361408573e-55
1.027010424412470654e-63
8.557431738509315721e-34
2.980471607325603456e-41
8.362537266265595673e-35
4.816790372058152211e-38
0.000000000000000000e+00
6.061614863333294245e+00
3.893119782670720856e-05
4.219534063008692037e-14
3.245021747884750894e-19
0.000000000000000000e+00
1.070854066972840164e-14
2.725095903698473800e-31
6.850991983466703052e-20
1.470773458852912583e-38
7.805178737832890849e-29
3.094811620610908225e-47
9.737899175271264195e-28
0.000000000000000000e+00
1.455486956238165098e-22
1.137025862761576928e-36
3.892090146046293060e-55
4.783002150508256002e-36
0.000000000000000000e+00
7.139582354724991063e-31
1.035261792863480978e-36
5.167205454255716803e-45
1.025938194408628687e-63
2.406129995775277917e-16
8.549784524089913045e-34
2.976636468156257075e-41
3.612459917228894256e-38
8.354168965491870664e-35
4.624307579045216860e-17
2.335878313705110818e-19
0.000000000000000000e+00
4.721381488086266648e-38
0.000000000000000000e+00
1.132928861975310415e-17
0.000000000000000000e+00
2.314594442252906156e-36
0.000000000000000000e+00
2.258592888841473012e-23
0.000000000000000000e+00
7.546220466149305211e-19
1.896868862798277113e-35
4.768834547782931805e-24
1.013785640075138848e-42
5.382745209982523545e-33
2.113895455539451836e-51
6.887120673872438277e-32
0.000000000000000000e+00
1.020291778473165189e-26
7.947581967445380672e-41
2.687491023187984298e-59
3.339094537534081253e-40
0.000000000000000000e+00
4.939821611064680585e-35
7.231523546708364087e-41
3.565993672383175318e-49
6.993830450631358929e-68
1.702521064477397944e-20
5.973120842953310789e-38
2.046118120215328790e-45
2.487014728882040852e-42
5.894193509497169245e-39
3.271178351248888035e-21
1.705274979597913929e-23
0.000000000000000000e+00
3.476744043067082448e-42
0.000000000000000000e+00
2.085214991919972656e-18
0.000000000000000000e+00
1.931769121552817953e-13
4.777271104164642264e-30
4.401975310083146441e-19
9.239513422484483492e-38
4.910575925199065842e-28
1.905474226566735765e-46
4.997649345525719486e-28
0.000000000000000000e+00
9.503635330454280553e-22
5.738097218090111056e-37
1.930451383186776065e-55
2.410036968435028874e-36
0.000000000000000000e+00
4.526148908155298986e-30
5.219861553657263550e-37
2.561465961245094042e-45
4.998914315141624240e-64
1.246931167717050411e-16
4.350592352119893688e-34
1.467137443166051565e-41
1.784939627187292084e-38
4.310351742794252489e-35
2.394703139847109604e-17
3.120867007798182906e-19
0.000000000000000000e+00
1.558959412884111789e-37
0.000000000000000000e+00
2.087060319888448581e-18
0.000000000000000000e+00
1.933445741467798363e-13
4.781479637301743280e-30
4.405871080003438128e-19
9.247787035671772488e-38
4.914969662192878769e-28
1.907198636867054580e-46
5.004761824825103208e-28
0.000000000000000000e+00
9.511976542571010272e-22
5.746333471773418636e-37
1.933246972837355555e-55
2.413498989971616895e-36
0.000000000000000000e+00
4.530182625198816445e-30
5.227357390168797566e-37
2.565176397814104374e-45
5.006220222696503317e-64
1.248696873071896278e-16
4.356810139928495380e-34
1.469269015356377227e-41
1.787529616003314973e-38
4.316468797935761868e-35
2.398095306323481471e-17
3.120980310596689212e-19
0.000000000000000000e+00
1.559010248477668050e-37
0.000000000000000000e+00
1.590924731355496450e-17
0.000000000000000000e+00
7.950016626285300210e-36
0.000000000000000000e+00
1.512320057850056590e-22
0.000000000000000000e+00
5.546531914107517596e-18
1.410560874305445640e-34
2.838367047586446523e-23
6.089875364408836739e-42
4.443806022409885278e-32
1.761411828879226576e-50
3.530910153142895020e-31
0.000000000000000000e+00
6.031369359268297212e-26
5.298392264242821171e-40
1.812888238432514711e-58
2.476349251457407356e-39
0.000000000000000000e+00
4.064836804559927010e-34
4.823773833913469648e-40
3.208853408357212405e-48
6.368387693058057247e-67
2.492923060886029804e-20
8.854799287809199336e-38
1.540089339445463921e-45
1.869205638004402064e-42
3.461897715089267105e-38
1.916477136277291448e-20
2.933996739695649344e-21
0.000000000000000000e+00
5.997974294803734558e-40
0.000000000000000000e+00
9.736537178810528228e-22
0.000000000000000000e+00
1.002212821751626916e-16
2.478474071238356880e-33
1.827053173776229525e-22
3.834886286968303349e-41
2.802438634331541018e-31
1.087449229245074182e-49
1.815990215752510182e-31
0.000000000000000000e+00
3.944513842663183603e-25
2.680756973182793426e-40
9.018838082354821114e-59
1.251045589081642001e-39
0.000000000000000000e+00
2.583063040300789209e-33
2.438658200717175846e-40
1.595581672621219624e-48
3.113908872833541540e-67
1.294560327715682553e-20
4.516769803398510740e-38
7.615493245317327745e-46
9.265114757641342951e-43
1.789907425221366649e-38
9.944194057986500834e-21
4.123446832698070830e-21
0.000000000000000000e+00
2.060545896474891057e-39
0.000000000000000000e+00
5.271304540586814676e-20
0.000000000000000000e+00
1.738422708979074617e-15
4.425395991899380645e-32
8.346323056277460175e-21
1.790667022319374826e-39
9.506073246393540261e-30
3.768609851626200477e-48
1.186483233444317413e-28
0.000000000000000000e+00
1.773517527533961584e-23
9.233045991776786474e-38
3.159751923163011814e-56
5.826510730772282701e-37
0.000000000000000000e+00
8.697272921581936901e-32
8.407554918217431334e-38
4.195371558116751242e-46
8.327682014964526743e-65
3.909684091400442368e-17
1.388884903926828142e-34
6.041179008382187434e-42
7.330937995428827459e-39
6.785746149638043745e-36
1.126927215340981606e-17
6.902096332132519066e-19
0.000000000000000000e+00
1.410424221891927060e-37
0.000000000000000000e+00
6.875077106334431402e-20
0.000000000000000000e+00
1.134975271980968394e-15
2.883313883554924969e-32
3.630829096139347419e-20
7.782256764344650931e-39
1.650458780494113362e-29
6.534764434608547960e-48
6.193700854787598789e-28
0.000000000000000000e+00
7.692910761006200904e-23
7.217558452883295276e-37
2.466101560721615139e-55
1.517985607763426198e-36
0.000000000000000000e+00
1.512263255117690488e-31
6.575748464736724538e-37
1.635637925574827689e-45
3.248024082164672841e-64
7.670890516998485031e-17
2.720192944829251304e-34
9.345326827339096151e-42
1.134254042690262617e-38
6.201122872884969377e-35
3.924501235123052880e-17
6.262094726522539426e-18
0.000000000000000000e+00
1.282158316158164949e-36
0.000000000000000000e+00
5.386583840452585144e-20
0.000000000000000000e+00
8.888129694262725060e-16
2.261425214081093634e-32
2.843504970130128364e-20
6.103551123233194588e-39
1.295445601772215006e-29
5.136555215594669076e-48
4.850507083490609222e-28
0.000000000000000000e+00
6.041615161537491532e-23
5.661788093687341975e-37
1.937993368038198926e-55
1.190996391756997154e-36
0.000000000000000000e+00
1.185179011039247168e-31
5.155643969004280723e-37
1.286447030766081283e-45
2.553749100522106127e-64
5.993013341416656206e-17
2.129120558085188904e-34
7.404701370633401152e-42
8.986432451021233161e-39
4.851390420242062310e-35
3.069149918602450027e-17
4.937112659769283890e-18
0.000000000000000000e+00
1.008862424540496620e-36
0.000000000000000000e+00
1.664321879453144973e-21
0.000000000000000000e+00
1.713143145396988770e-16
4.236551358860478507e-33
3.123105173392007273e-22
6.555161832200109310e-41
4.790321890625057622e-31
1.858813529675065715e-49
3.104212408676740097e-31
0.000000000000000000e+00
6.742672314719586347e-25
4.582341782748301705e-40
1.541621546759036587e-58
2.138480664554910169e-39
0.000000000000000000e+00
4.415376715367222651e-33
4.168533848535972238e-40
2.727382478894424459e-48
5.322643052807009919e-67
2.212907615360170689e-20
7.720817667894787351e-38
1.301673439697984546e-45
1.583636879466900672e-42
3.059490265685790816e-38
1.699766343985486415e-20
7.048665241496020981e-21
0.000000000000000000e+00
3.522354845375633644e-39
0.000000000000000000e+00
1.305517420279084669e-20
0.000000000000000000e+00
4.788071608192909215e-16
1.217672599049293835e-32
2.450234074564929234e-21
5.257109770017257096e-40
3.836133804388222080e-30
1.520545228390662661e-48
3.048076286022809016e-29
0.000000000000000000e+00
5.206610405307670170e-24
4.573861286611979094e-38
1.564983033224499011e-56
2.137719625998824632e-37
0.000000000000000000e+00
3.508987022168816328e-32
4.164144207672669851e-38
2.770055243528642697e-46
5.497532051905458587e-65
2.152028874057602949e-18
7.643947457134776146e-36
1.329487755811527230e-43
1.613598794214823397e-40
2.988501006037869910e-36
1.654409005000785985e-18
2.532787417042162849e-19
0.000000000000000000e+00
5.177786282342148250e-38
0.000000000000000000e+00
4.790215420807184219e-19
0.000000000000000000e+00
1.579712884110229644e-14
4.021451992171514564e-31
7.584569384290957174e-20
1.627185610252960155e-38
8.638357742769393104e-29
3.424584067593570636e-47
1.078201296343628734e-27
0.000000000000000000e+00
1.611666854456656515e-22
8.390295939592009454e-37
2.871311444308776782e-55
5.294718298444719343e-36
0.000000000000000000e+00
7.903464409147493444e-31
7.640189648717031220e-37
3.812413907186956781e-45
7.567433192990659928e-64
3.552908821580456986e-16
1.262128373558229404e-33
5.489724189126508152e-41
6.661719416997578329e-38
6.166477788617141961e-35
1.024087409126903999e-16
6.272201696473949418e-18
0.000000000000000000e+00
1.281719740942617580e-36
0.000000000000000000e+00
6.804316198939405614e-19
0.000000000000000000e+00
1.123297538795637122e-14
2.853616699813790867e-31
3.593470665920570831e-19
7.702104863519250185e-38
1.633450997016311145e-28
6.467359484978092502e-47
6.129973546157302460e-27
0.000000000000000000e+00
7.613606838585124851e-22
7.143211502514846097e-36
2.440668156853652375e-54
1.502347347673585969e-35
0.000000000000000000e+00
1.496695547136699794e-30
6.508036512636719654e-36
1.618759687203464194e-44
3.214515127720396877e-63
7.592090646756360109e-16
2.692214673890838624e-33
9.248405684247824832e-41
1.122491247267642407e-37
6.137362089500418893e-34
3.884159182044208435e-16
6.197723839111710137e-17
0.000000000000000000e+00
1.268981997916948416e-35
0.000000000000000000e+00
0.000000000000000000e+00
0.000000000000000000e+00
0.000000000000000000e+00
0.000000000000000000e+00
0.000000000000000000e+00
0.000000000000000000e+00
0.000000000000000000e+00
0.000000000000000000e+00
0.000000000000000000e+00
0.000000000000000000e+00
0.000000000000000000e+00
0.000000000000000000e+00
0.000000000000000000e+00
0.000000000000000000e+00
0.000000000000000000e+00
0.000000000000000000e+00
0.000000000000000000e+00
0.000000000000000000e+00
0.000000000000000000e+00
0.000000000000000000e+00
0.000000000000000000e+00
0.000000000000000000e+00
0.000000000000000000e+00
0.000000000000000000e+00
0.000000000000000000e+00
0.000000000000000000e+00
0.000000000000000000e+00
0.000000000000000000e+00
0.000000000000000000e+00
6.375107369633236942e+01
7.183297012480625203e-05
6.876919006327357309e+00
8.806501294562511362e+01
1.347772355861538429e-01
2.328083765505828850e+00
2.072288707029729693e+01
2.526832048561084357e-02
1.516024812038283542e+01
3.724059049463211313e+00
8.710968029241829175e-11
2.906726832368761393e+00
2.475285791915180684e-10
2.587695041356805875e-11
0.000000000000000000e+00
0.000000000000000000e+00
1.501902456725162449e-12
4.200439491766493234e-03
6.308645839727549165e-17
1.688526800907024850e+01
1.726512141832876523e+03
1.852811602806042401e+00
0.000000000000000000e+00
1.856838070720824518e+01
1.074340088946571514e+00
1.793745654836661485e+00
1.799936068491192476e-02
5.382110999758379227e-02
5.155184840035446996e+02
1.060745748266861028e+02
2.182775405948903256e+02
1.493648399255785772e-11
6.975697468418685432e+00
1.255629264875692002e+02
1.173990047553332516e+02
2.030527881408178104e+01
5.153315096871885714e+01
1.009347953634991093e-13
1.540360401977025904e-11
8.781376118752345088e-10
1.413485356967206241e-09
3.742684109389372793e+01
5.291917352096332559e-09
6.467212141872400455e-01
2.338577653358441533e-01
1.169563838483229090e-01
2.454162150348413434e+02
2.007095676282565429e-13
9.996320501756088561e+03
3.526402437933962020e+00
4.535365550961474312e-01
7.956987592862788672e-01
2.502757141474757674e+01
8.676059142790543133e-02
8.676552782803670372e-01
1.032319104009735611e+01
3.640141208340019197e-01
9.723586765770489415e-02
6.630516200090823264e-02
4.398181912055971310e+00
2.681443458772125865e+00
8.988010799398352471e-03
1.724292414878399029e+02
1.359528479655438460e+01
3.786901945857978208e-02
4.653615262616725423e-01
6.443573719606839889e-01
1.761544617458030149e-01
2.068018504485312903e+01
3.104989719454694894e-13
9.494518204571813340e-11
3.435662243399523845e+02
0.000000000000000000e+00
5.432986466905432366e+01
3.835768292562904236e+01
1.902570077303568326e+02
1.989150762007866891e-01
7.523170543949608824e-01
6.687449223249701902e+01
0.000000000000000000e+00
7.098888271789505722e-12
2.446934672302446856e+01
1.918344523141355728e-10
3.079799448838704268e-01
7.215289580224114454e-11
5.189850143510092240e-04
2.331092030185900887e-02
1.858176208993349843e-01
9.901520908707750826e-17
5.214200164590371972e-02
0.000000000000000000e+00
4.624291470589527164e-01
9.515079001818589621e-02
5.929480613516174614e+00
4.186304690799293127e+00
2.030538373325563484e+01
4.727771264950272255e-15
1.152047707297867442e-14
4.113102392580367060e-11
1.002176870988587008e-10
9.697694401144978128e-14
1.453956550081685886e-03
9.654848454166925584e-04
8.691078627375799833e-04
1.360078129984789164e-01
2.018862686179821904e-03
4.426845669700034402e-02
0.000000000000000000e+00
7.245047179217597040e-14
5.756278209328739946e-13
7.844957206144940369e-04
8.760456887596606642e-14
5.207259400592835079e-13
0.000000000000000000e+00
1.757354389327260439e-12
3.002438253202632454e-02
9.014477101076317849e-05
4.224662073337745287e-04
8.692788448016782051e-05
1.149326673531501370e+02
3.526064623460946734e+00
3.216606349045108559e-01
8.291061858852835087e+00
1.705994531658091118e+00
5.965926560283353552e+00
0.000000000000000000e+00
0.000000000000000000e+00
0.000000000000000000e+00
0.000000000000000000e+00
5.868979912979655467e+01
6.745271584026613709e+01
0.000000000000000000e+00
0.000000000000000000e+00
0.000000000000000000e+00
0.000000000000000000e+00
0.000000000000000000e+00
2.958823231249327595e-03
2.774133096800815001e-03
1.358602194673728079e-03
1.499018031454499994e-03
2.922135919236642718e-03
5.376216566653199691e-03
5.376216566653199691e-03
5.376216566653199691e-03
5.376216566653199691e-03
2.588177372420701408e-02
3.794982358112791161e-06
1.136597315556821426e-02
5.376216566653199691e-03
5.376216566653199691e-03
5.376216566653199691e-03
5.376216566653199691e-03
5.376216566653199691e-03
5.376216566653199691e-03
5.376216566653199691e-03
5.376216566653199691e-03
5.376216566653199691e-03
5.376216566653199691e-03
5.376216566653199691e-03
5.376216566653199691e-03
5.376216566653199691e-03
5.717773419555999964e-04
9.420411206955300182e-03
4.703248135821100177e-03
1.498765032630679922e-02
2.770337121422000162e-04
2.087240296962000101e-04
3.162480333325427655e-04
8.741119295056145200e-04
4.947391504349443053e-03
2.132781574789971955e-03
1.846891414281000049e-04
7.608935655934542623e-03
2.098626237056715974e-03
4.661501840351228027e-03
1.081569972062099757e-03
1.579978151604457832e-03
2.607152631768401216e-02
2.818409877019544679e-03
7.589964716225612816e-06
5.805057517282941060e-03
1.028187915338959514e-02
7.894828795504156907e-03
5.054915011475687864e-02
4.696923661734455843e-03
0.000000000000000000e+00
8.209806869615427893e-04
1.184919693708635577e-02
1.264992133330171062e-03
7.248411338893426953e-04
2.417402769097385523e-03
2.469268521012000193e-03
2.023990590993499574e-05
4.030271264315801218e-03
4.345886706251718135e-01
1.841577644563898927e-02
1.264994119370919446e-06
0.000000000000000000e+00
1.927854016982443559e-03
2.529988238741870656e-06
1.264994119370919446e-06
3.288984710364431345e-05
2.869003683672056645e-03
0.000000000000000000e+00
0.000000000000000000e+00
7.646885976025898958e-03
3.393979222272200304e-03
1.505343002051000019e-04
8.627264859211575525e-04
1.759607813065314783e-03
2.656487650678970711e-05
0.000000000000000000e+00
1.720396967445572288e-04
2.416138271488242877e-03
3.679869879290728878e-03
4.774085323954914938e-03
2.839910804967285714e-03
5.059976477483741313e-06
6.957467656540150319e-05
2.010076648700714636e-03
1.401613980773157471e-03
1.602241204038089978e-02
1.611602508078500019e-03
4.719695541923885421e-03
7.488780081980716923e-04
1.839302939095871069e-03
5.476162025307685331e-03
0.000000000000000000e+00
4.111232377486072169e-03
1.855745876606942641e-03
1.352278713607500075e-03
5.135875628135742020e-03
3.162480333325427655e-04
0.000000000000000000e+00
2.846232299992883588e-03
1.280300448913277225e-02
8.903029108642752584e-03
1.396553507785499443e-03
2.517085546979388674e-02
7.965666480148125839e-03
3.843053127669213663e-03
6.324960666650855309e-04
5.048589047858414308e-03
2.889249051194086280e-03
8.614614918017574107e-04
3.683666847689657121e-03
1.003140336661100061e-03
1.264994119370919446e-06
1.011995295496748601e-05
1.691297534807095077e-02
1.971366438419514672e-02
6.624773210125185080e-03
8.792973130726989064e-03
7.450815363094000785e-04
1.832597030383695605e-02
9.993468438335719427e-04
6.312335550966713523e-04
1.011742098068796857e-02
3.404098678716943258e-03
4.800650696971870898e-03
3.185255689086157176e-03
2.104951207653615094e-03
2.909486474553155913e-05
4.475545718762999683e-03
0.000000000000000000e+00
5.059976477483741313e-06
1.866372522323952662e-02
0.000000000000000000e+00
3.162480333325427655e-04
5.059976477483741313e-06
4.933477065546644307e-05
6.325963617214519273e-06
4.949921492588242253e-03
4.933477065545999749e-04
4.870232324679572128e-04
6.527364690851426973e-04
0.000000000000000000e+00
