1.897392000000000053e+03
2.901386897027130658e+02
8.627010363528945902e+00
2.450765027719413069e+02
4.700172256241991198e-02
3.984499123657285119e-75
3.130572876013223439e-102
8.666474907597011779e+00
8.734680166338341323e+00
8.738843642736680906e+00
9.106231285348352245e+00
9.120900485425263327e+00
9.154288944451225873e+00
9.158866740948980123e+00
9.244223080967245210e+00
9.346355992555558601e+00
9.471803142060233327e+00
8.720477055131571120e+00
8.862218557547155484e+00
9.049035186372766049e+00
9.158885033179323898e+00
9.303088993152735853e+00
9.556064337042945667e+00
9.642284415930744146e+00
9.693121578033888852e+00
9.768289834982581965e+00
9.795554344891790777e+00
7.706572783882600364e-01
6.409510115418098053e+01
1.585808156630352173e+01
2.656784579018367683e-04
1.221766486542432609e-05
0.000000000000000000e+00
0.000000000000000000e+00
5.203025430997321621e+01
1.525880774765161334e+02
0.000000000000000000e+00
7.975982080480561898e+00
2.158306984375710780e+00
7.966865818552672863e+03
3.643827100460101054e+00
3.671652766842383592e-02
1.129530244205915778e+03
7.115686823725172472e-01
1.546206678340943608e+00
2.026687628977686373e+01
4.142573559697897423e+00
2.547150195482666413e-01
8.891565600572671757e-01
2.745040975057328136e+00
1.140855477669332352e+01
1.122324669781771700e+00
1.412833385867067477e+02
4.928423572776532069e+01
1.602475987546623415e+01
5.529830195743160459e+01
4.023176018707858681e+00
1.404729455463219523e+01
5.196333822125649426e+00
1.274852135567529965e+00
2.045198501310077077e+01
5.923015631509768175e-01
1.088154380945527464e+02
1.155748486009107090e+01
4.204634352760818317e+00
4.143258848431169383e+01
3.443601548681636704e+00
3.900540696519379402e+00
6.841823027813823677e-01
7.116751487826006439e+01
7.300438103047537375e-01
9.402883524903455026e+00
2.651895568741351639e+01
1.674039392582199781e+01
8.400986265733617619e-02
1.497720318032879916e-01
8.994533185526159286e+03
2.057037597784679761e+00
2.898053534779490903e+00
3.530070948306361367e-01
3.183919695918215748e-02
3.623047678320578252e-02
2.372412037727302577e-03
0.000000000000000000e+00
4.919921651389143946e+00
0.000000000000000000e+00
0.000000000000000000e+00
3.482930703563302810e-01
0.000000000000000000e+00
1.584376888823081764e+01
0.000000000000000000e+00
5.945801855881864637e-04
2.861919390616238668e-03
5.368554337180598856e-06
8.947311959332053277e+01
8.399971897621068620e-03
6.136076038112643974e-05
4.778919109737314486e+00
9.257017909805495454e-10
1.926976098376241876e-05
2.894465470327444944e-09
2.184057437066448060e+01
8.389026680035810380e-05
3.273879107984373036e+02
6.285158243818489227e-07
3.713868228029055807e-01
6.059824489970409189e+01
1.032823797503951022e-04
2.314642374973730456e-06
4.435578820128632316e+01
3.149716140892777909e-04
1.196581069122727001e+02
8.749103641786755527e-08
1.096998445171754917e-04
1.480472961859885831e-03
6.334605963397716089e+00
2.885007482571805629e-02
6.930324328318536930e-05
1.356806978560322081e-03
1.518697874031447135e-07
3.001481520227032215e-06
2.259981520441934208e+03
1.084224029897520512e-06
1.559086002185099162e-04
1.743726345767157909e+04
1.563034627086432038e-02
1.571237965835662609e-01
1.887844513492716032e+03
1.692218909524934424e-03
1.157578451148004277e-02
1.102747036492471647e-02
2.656047735450274283e-01
4.626265034047042594e-06
5.667435654752875918e-01
1.068547976152427270e-11
3.796467066051514600e-13
4.915311627324488506e-13
4.344507453115357032e-04
5.185305097493050555e-11
2.062661523682084164e-01
6.095135257832904330e+00
1.485878966522887505e-11
2.085694079530689653e-12
1.901728819174331679e-12
2.011769050007331797e-09
2.884562816818869295e-10
2.551658060325592039e-10
4.736985720728110090e-12
1.789336853112464937e-18
6.394608630209030820e-10
8.959362484090496342e-13
1.788021121744623401e-10
1.217986836379689004e-14
2.812256333030177190e-09
2.810351064305165624e-12
5.503684327828483393e-16
4.980318631010170181e-18
6.222504242311098579e-19
2.315542976852638860e-16
1.543391590823216282e-17
1.338457811231783270e-17
0.000000000000000000e+00
3.745671220928651479e+01
7.083175948946032463e+01
2.122190630133395910e-04
4.013883596314329503e-04
4.883702580106993277e-05
2.318805969709825453e-13
4.385190380983184912e-13
0.000000000000000000e+00
1.550847159683892329e+01
2.160544162619754387e-04
2.023577684788942399e+00
4.397228841277041334e-02
1.230678535608059274e-02
1.402978857284281844e+00
7.948897961028854968e-06
1.829244452620143622e-06
8.685239026477348802e-15
4.503698373149586545e-11
1.036416029712784747e-11
4.920895582954551712e-20
1.132423763794127292e-20
5.376739589430110467e-29
2.405113133241153500e-01
4.094839358287272538e-03
1.432375537548824740e+00
3.070875304631762864e-02
2.905085343760308231e-16
4.374183536578108003e-24
2.075526062695833141e-32
2.004917122259345159e-17
5.001623290414344372e-20
5.253096159344976927e-18
2.403218938452879116e-19
0.000000000000000000e+00
8.850088372453866726e-15
5.393577222716074097e-20
5.746248685203843764e-29
8.293315276216047056e-28
1.399637050348518634e-22
2.133410572540394037e-28
0.000000000000000000e+00
9.742663855680626488e-37
3.928405751103843884e-36
0.000000000000000000e+00
6.640723358781956767e-31
9.007269802169156952e-37
4.276924273331798848e-45
2.659281465334924531e-16
1.627167214803881281e-38
7.524777600563267995e-17
5.528876170915277870e-18
0.000000000000000000e+00
1.794814001192161901e-31
1.158641021728857526e-38
2.296923089666432583e-47
4.175949932834449665e-47
3.353783328288929173e-55
8.417122728984630710e-64
9.133519760435389206e-34
1.250426635419781686e-41
2.658970285411975627e-34
5.810716946644692920e-36
0.000000000000000000e+00
7.084399481773128393e+00
4.013871167629312034e-05
4.385698289453321210e-14
2.388325867783673212e-19
0.000000000000000000e+00
8.702847888892092375e-15
1.764962246522428577e-31
5.359777238089459416e-20
1.151230902503611324e-38
5.710258953450325613e-29
2.282427176281621079e-47
8.285178328846523447e-28
0.000000000000000000e+00
1.390674616144712994e-22
9.731829834065221707e-37
3.349668824897263636e-55
3.924582249400658477e-36
0.000000000000000000e+00
6.599358968734790448e-31
8.997563404627137157e-37
4.272422112652768970e-45
8.408077821829532201e-64
2.656977286811433126e-16
9.124822579433319910e-34
1.248904593965482227e-41
1.625155902051180398e-38
2.656008979175856118e-34
7.516372938235354356e-17
5.522506190267607983e-18
0.000000000000000000e+00
5.803238112731711357e-36
0.000000000000000000e+00
6.554127873942233549e-18
0.000000000000000000e+00
6.815690855190331646e-36
0.000000000000000000e+00
1.671342847978033589e-23
0.000000000000000000e+00
6.130517685462507461e-19
1.230007002186913797e-35
3.752564115601988377e-24
7.973991946480169754e-43
3.950612534125348218e-33
1.562602834353068189e-51
5.886341300977755720e-32
0.000000000000000000e+00
9.751907376707754278e-27
6.832854942752585741e-41
2.323795005777840473e-59
2.751546534293514331e-40
0.000000000000000000e+00
4.567410439154215129e-35
6.310317153243219714e-41
2.960617341779721031e-49
5.757972051968624985e-68
1.873812320374785491e-20
6.357125522793248350e-38
8.767628017232262132e-46
1.139872631336549969e-42
1.864221456346251691e-38
5.314761365051812984e-21
3.889003376339022182e-22
0.000000000000000000e+00
4.038753331472011813e-40
0.000000000000000000e+00
1.592966027139512746e-18
0.000000000000000000e+00
1.607571988299890086e-13
3.182093919491886875e-30
3.577230090423695207e-19
7.494196781895208194e-38
3.711265312922716922e-28
1.448045471442775521e-46
4.374562466224489254e-28
0.000000000000000000e+00
9.303838594623074357e-22
5.052307656164261158e-37
1.709751273775847710e-55
2.033806296834058568e-36
0.000000000000000000e+00
4.288170440742198591e-30
4.664357302939345807e-37
2.177759412139756080e-45
4.215740894791326865e-64
1.400202857457586333e-16
4.725537861956005446e-34
6.478896646011405022e-42
8.421007539458215582e-39
1.387935577131948676e-34
3.974387420938936269e-17
1.228730014610604000e-17
0.000000000000000000e+00
1.058127918988609610e-35
0.000000000000000000e+00
1.594371081927566533e-18
0.000000000000000000e+00
1.608972844007479136e-13
3.184902169140709911e-30
3.580384275989059131e-19
7.500890936085000098e-38
3.714583129158758448e-28
1.449356543520022449e-46
4.380776494722869243e-28
0.000000000000000000e+00
9.312032061127691060e-22
5.059546129396692364e-37
1.712222175653810482e-55
2.036722809442184830e-36
0.000000000000000000e+00
4.292004459187761673e-30
4.671044895245528864e-37
2.180908871693769116e-45
4.221889706755374258e-64
1.402193530719166935e-16
4.732315951721601863e-34
6.488182611567903892e-42
8.433084183281419771e-39
1.389917221679612005e-34
3.980028136427290496e-17
1.228827008229174975e-17
0.000000000000000000e+00
1.058225899462420834e-35
0.000000000000000000e+00
1.536948152653215666e-17
0.000000000000000000e+00
1.321766707328665841e-35
0.000000000000000000e+00
8.699412195605247142e-23
0.000000000000000000e+00
3.522314428590810153e-18
7.139125698540663847e-35
1.735563157987431920e-23
3.725573279495628324e-42
2.540777069061470681e-32
1.015202652940379442e-50
2.347953477439146941e-31
0.000000000000000000e+00
4.503348003748855323e-26
3.544337967167341883e-40
1.219436052960850888e-58
1.588064426121180560e-39
0.000000000000000000e+00
2.936117327290242770e-34
3.276574501643455449e-40
2.073628952390888366e-48
4.079194134214635408e-67
2.150988269098215589e-20
7.384449876762399665e-38
5.053258944619148505e-46
6.575784101236214197e-43
8.600002737942885398e-38
2.434270028374200782e-20
1.326466707815296183e-21
0.000000000000000000e+00
1.379057276499286692e-39
0.000000000000000000e+00
5.811701472051277603e-22
0.000000000000000000e+00
6.516556253919584055e-17
1.289913308014618681e-33
1.160094992745080831e-22
2.430365399768391877e-41
1.654888580051672580e-31
6.457005733608826459e-50
1.242010933865659158e-31
0.000000000000000000e+00
3.017233096720464922e-25
1.844261217212280850e-40
6.241195344959403258e-59
8.249015332172124645e-40
0.000000000000000000e+00
1.912146679331095121e-33
1.702655745382303844e-40
1.059945312353763151e-48
2.051857787412233030e-67
1.135830929821651758e-20
3.833308392166889420e-38
2.627675787768263920e-46
3.415346484351547428e-43
4.503292088643007440e-38
1.289529123546703305e-20
3.112427809940691934e-21
0.000000000000000000e+00
2.676643405192978113e-39
0.000000000000000000e+00
3.936081895315409185e-20
0.000000000000000000e+00
1.433180308460900516e-15
2.907591983138383394e-32
6.624660045192913784e-21
1.421999944910293077e-39
7.055451413210694727e-30
2.819606741029092318e-48
1.024156732361422263e-28
0.000000000000000000e+00
1.719028280636932672e-23
8.017466547192193097e-38
2.758929677628060044e-56
4.850285394563110100e-37
0.000000000000000000e+00
8.155313482163794367e-32
7.413227018713596335e-38
3.519279414255031387e-46
6.924172805017344165e-65
4.379414960650374718e-17
1.503648926554209357e-34
2.572429076983824472e-42
3.347001650058790750e-39
2.188407781851254625e-35
1.858184092073860660e-17
4.050760500570211498e-19
0.000000000000000000e+00
4.211172685166648806e-37
0.000000000000000000e+00
5.730929913001373812e-20
0.000000000000000000e+00
1.043642215235152267e-15
2.113397166709121319e-32
3.217434056675902721e-20
6.898848573507022333e-39
1.367068062388635758e-29
5.455816174294677982e-48
5.968054952644018454e-28
0.000000000000000000e+00
8.318850895183031138e-23
6.996143487370569041e-37
2.403710571888149838e-55
1.410543060744681298e-36
0.000000000000000000e+00
1.581974793653187433e-31
6.471787652075754125e-37
1.531520935608707246e-45
3.014659171399792195e-64
9.582268716555695273e-17
3.284458294294502929e-34
4.452579804804199982e-42
5.792952896046062640e-39
2.230116131021169403e-34
7.219388573936447978e-17
4.101002192020962975e-18
0.000000000000000000e+00
4.256619224249166386e-36
0.000000000000000000e+00
5.074614843012784320e-20
0.000000000000000000e+00
9.245170755562654813e-16
1.874644703389741189e-32
2.847505960040722866e-20
6.115212195599737859e-39
1.213086773937444493e-29
4.848752685133438583e-48
5.282459312901964526e-28
0.000000000000000000e+00
7.388483297321936291e-23
6.202831984409117859e-37
2.134931715586366726e-55
1.250875358756718853e-36
0.000000000000000000e+00
1.402157097317333737e-31
5.735432689419687901e-37
1.361508464780989433e-45
2.678959686521561124e-64
8.469957871549485686e-17
2.908309033620129331e-34
3.977696658712222261e-42
5.175949177122704890e-39
1.974053172866288787e-34
6.385066457929713473e-17
3.655776811222729507e-18
0.000000000000000000e+00
3.801008796866284544e-36
0.000000000000000000e+00
9.878412734691398480e-22
0.000000000000000000e+00
1.107643908430996261e-16
2.192490716329258497e-33
1.971878703594210041e-22
4.130981697244156461e-41
2.812855945171441063e-31
1.097507860356504565e-49
2.111126768807525647e-31
0.000000000000000000e+00
5.128566293917655874e-25
3.134753730997353210e-40
1.060830634630427538e-58
1.402120014042465436e-39
0.000000000000000000e+00
3.250143501689832887e-33
2.894076682974509257e-40
1.801612145123342125e-48
3.487544772354393164e-67
1.930643391121981416e-20
6.515634176755156469e-38
4.466157517425591633e-46
5.804925660678518844e-43
7.654110667733184302e-38
2.191792466991399246e-20
5.290327226662747339e-21
0.000000000000000000e+00
4.549572812400150014e-39
0.000000000000000000e+00
7.467528621493350547e-21
0.000000000000000000e+00
3.023535897321689203e-16
6.128181918673093980e-33
1.489798326353984063e-21
3.198009678548810606e-40
2.180987585684253651e-30
8.714433125552189781e-49
2.015471567081733093e-29
0.000000000000000000e+00
3.865650559717393534e-24
3.042440059293902448e-38
1.046756477558095182e-56
1.363185579765156846e-37
0.000000000000000000e+00
2.520344901218357046e-32
2.812592926444498704e-38
1.779990216206948607e-46
3.501552747500372717e-65
1.846397168494571421e-18
6.338770039908945097e-36
4.337688722183841459e-44
5.644615858016816614e-41
7.382196900698521327e-36
2.089565186843743980e-18
1.138632111118447744e-19
0.000000000000000000e+00
1.183775139322268603e-37
0.000000000000000000e+00
3.576829166020446637e-19
0.000000000000000000e+00
1.302321404877137411e-14
2.642161745639930808e-31
6.020002942080926106e-20
1.292167711838328988e-38
6.411373537088010579e-29
2.562188987330786113e-47
9.306828693209943438e-28
0.000000000000000000e+00
1.562133405562971964e-22
7.285619367629898201e-37
2.507061675373578026e-55
4.407563171760041594e-36
0.000000000000000000e+00
7.410888732889381944e-31
6.736565407174373708e-37
3.198013282757723831e-45
6.292010121069729634e-64
3.979721380811906054e-16
1.366400895118029865e-33
2.337632213875453492e-41
3.041487481141982754e-38
1.988666360140230806e-34
1.688594027878012637e-16
3.681047910771420280e-18
0.000000000000000000e+00
3.826766167625213419e-36
0.000000000000000000e+00
5.671905630322964512e-19
0.000000000000000000e+00
1.032890390849410432e-14
2.091605007415962353e-31
3.184308859235824079e-19
6.827746064827241686e-38
1.352968029474247117e-28
5.399486650507824916e-47
5.906606096404793070e-27
0.000000000000000000e+00
8.232998862354247408e-22
6.924026466701027739e-36
2.378903443085941409e-54
1.396001045178060173e-35
0.000000000000000000e+00
1.565671021675199578e-30
6.405095417967440402e-36
1.515705364232770539e-44
2.983535853121061966e-63
9.483696136213207493e-16
3.250630979205752147e-33
4.406446086812251683e-41
5.732924815257921779e-38
2.207152906997318787e-33
7.145093691228730175e-16
4.058808215780278645e-17
0.000000000000000000e+00
4.212813912355620356e-35
0.000000000000000000e+00
0.000000000000000000e+00
0.000000000000000000e+00
0.000000000000000000e+00
0.000000000000000000e+00
0.000000000000000000e+00
0.000000000000000000e+00
0.000000000000000000e+00
0.000000000000000000e+00
0.000000000000000000e+00
0.000000000000000000e+00
0.000000000000000000e+00
0.000000000000000000e+00
0.000000000000000000e+00
0.000000000000000000e+00
0.000000000000000000e+00
0.000000000000000000e+00
0.000000000000000000e+00
0.000000000000000000e+00
0.000000000000000000e+00
0.000000000000000000e+00
0.000000000000000000e+00
0.000000000000000000e+00
0.000000000000000000e+00
0.000000000000000000e+00
0.000000000000000000e+00
0.000000000000000000e+00
0.000000000000000000e+00
0.000000000000000000e+00
0.000000000000000000e+00
1.568967169500856906e+00
7.183297480777712781e-05
7.098627124027829360e+00
1.144984310572385766e+02
1.053070535353381049e-01
1.989880575924575234e+00
2.102306811616978166e+01
2.762847306015017365e-02
1.601149475170597469e+01
4.216356257899269266e+00
9.518601987944228976e-11
3.720134673182625029e+00
4.003661123751907864e-10
2.474093904500039845e-11
0.000000000000000000e+00
0.000000000000000000e+00
1.254225583038820960e-12
4.200438772859953034e-03
5.268293532041956116e-17
1.641725590233614795e+01
1.716791185034048794e+03
1.908062201888266696e+00
0.000000000000000000e+00
2.493919109760774688e+01
1.319872453127342693e+00
2.136358186802882475e+00
2.835353015417342581e-02
9.683827779677299519e-02
4.018743509487114238e+02
1.241578615013170293e+02
3.834201024255460197e+02
1.251032483937710658e-11
7.627993310464697529e+00
1.373044457088078047e+02
1.120968511880146963e+02
2.120160949280835183e+01
5.380316073101275975e+01
9.238836585663152493e-14
1.263117269427463317e-11
1.589429688555524508e-09
2.761810823746836937e-09
1.103448127897279818e+01
3.078407713496903823e-09
6.467211926891244245e-01
1.339147583872315472e-01
6.701473082921000080e-02
1.902064245913989566e+02
1.677785239896649186e-13
9.996228938983085754e+03
3.615836819917810807e+00
4.149457179709977184e-01
7.938830874579285712e-01
2.445211001828111819e+01
9.016473134045233095e-02
9.016853303021590271e-01
1.034257757243902631e+01
3.739551279210978074e-01
8.746865526927063983e-02
1.262730929990440176e-01
2.735159881462806197e+00
3.097297056094424850e+00
9.347191327618398909e-03
1.966610981542515049e+02
1.611569097740500567e+01
3.809848976813783039e-02
5.288166074362240510e-01
7.881688960231276742e-01
2.013372825544045008e-01
4.180984521245507324e+01
5.242087165877304033e-13
1.609355852434640111e-10
3.452564424428652501e+02
0.000000000000000000e+00
2.439949193800190130e+01
2.388058177253402192e+01
2.080524781823266665e+02
2.063459552390722318e-01
8.096312772996927531e-01
7.790742915279862757e+01
0.000000000000000000e+00
1.777952125501892692e-11
2.166469393688943512e+01
1.624561978376273050e-10
1.634421687212652130e-01
3.670802308529547632e-11
2.648979409466877487e-04
1.991746064084564186e-02
2.496366214363996139e-01
8.222090558493636036e-17
5.220854506729839112e-02
0.000000000000000000e+00
6.486125216321189102e-01
2.003867451143381828e-01
4.677624244998355607e+00
4.578139076395404850e+00
2.120176362616231813e+01
4.517862266583105786e-15
1.153077160415566632e-14
7.772234717792096164e-11
1.983457444501918505e-10
1.645291744986091570e-13
1.363978138060506452e-03
9.895885007199331940e-04
9.030543503463646891e-04
1.612054017046562482e-01
2.384126799115915234e-03
5.500947145245465436e-02
0.000000000000000000e+00
3.676097669974611008e-14
4.872765621337535200e-13
8.457169089621269665e-04
9.483194773236141988e-14
2.715333281357014551e-13
0.000000000000000000e+00
1.575151126767336054e-12
4.538062705341648628e-02
2.059250642702959311e-04
7.523265108966343444e-04
2.324289136022776429e-04
1.189503481171106074e+02
1.939282276032211927e+00
4.562678000064750994e-01
9.168071162346985048e+00
2.832442442594400589e+00
6.185305492640401859e+00
0.000000000000000000e+00
0.000000000000000000e+00
0.000000000000000000e+00
0.000000000000000000e+00
5.761299328575701395e+01
6.852952168430159929e+01
0.000000000000000000e+00
0.000000000000000000e+00
0.000000000000000000e+00
0.000000000000000000e+00
0.000000000000000000e+00
5.172559464577127820e-03
5.304117363461156691e-03
0.000000000000000000e+00
1.815266064787042759e-03
3.238383952569186784e-03
5.376216566653199691e-03
5.376216566653199691e-03
5.376216566653199691e-03
5.376216566653199691e-03
2.082180519088632983e-02
3.794982358112791161e-06
1.357970938889601492e-02
5.376216566653199691e-03
5.376216566653199691e-03
5.376216566653199691e-03
5.376216566653199691e-03
5.376216566653199691e-03
5.376216566653199691e-03
5.376216566653199691e-03
5.376216566653199691e-03
5.376216566653199691e-03
5.376216566653199691e-03
5.376216566653199691e-03
5.376216566653199691e-03
5.376216566653199691e-03
5.717773419555999964e-04
9.420411206955300182e-03
4.703248135821100177e-03
1.498765032630679922e-02
2.770337121422000162e-04
2.087240296962000101e-04
7.286376057780148512e-04
6.324960666650855309e-04
1.468663137691473067e-03
2.449029608122514721e-03
3.162480333325427655e-04
6.027695489271828362e-03
3.363618370386886602e-03
4.661501840351228027e-03
1.081569972062099974e-03
2.528722251602084827e-03
2.607152631768401216e-02
3.767153977017172976e-03
7.589964716225612816e-06
3.591321283955141701e-03
1.913682408670079257e-02
7.262332728839071376e-03
4.833541388142907624e-02
5.329419728399542242e-03
6.906862926662428372e-04
0.000000000000000000e+00
7.421724470430755317e-03
3.630538087695571394e-04
1.041089167221885461e-03
2.417402769097384222e-03
1.836772454346914663e-03
2.023990590993499574e-05
5.927759464311057810e-03
4.213062532252049852e-01
1.367205594565084475e-02
1.264994119370919446e-06
0.000000000000000000e+00
3.825342216977700369e-03
2.529988238741870656e-06
1.264994119370919446e-06
3.491378804361870789e-04
9.715154836768000526e-04
3.162480333325427655e-04
1.467408073775717484e-04
7.646885976025898958e-03
4.026475288937285402e-03
4.667823335376427673e-04
1.178974519253700318e-03
3.657096013060570291e-03
2.656487650678970711e-05
0.000000000000000000e+00
3.162480333325427655e-04
2.732386304820785643e-03
5.261110045953443573e-03
3.192845157292201110e-03
2.207414738302200183e-03
5.059976477483741313e-06
0.000000000000000000e+00
2.958820748698342065e-03
2.034110047438243002e-03
1.507366794038327018e-02
6.628584080808717222e-04
7.565927841916769876e-03
2.330118174860785520e-03
2.788047039093499366e-03
8.322394325300569787e-03
0.000000000000000000e+00
6.008720577481328762e-03
5.907537432767713623e-04
1.668526746940042840e-03
3.554635461473029060e-03
1.264992133330171062e-03
0.000000000000000000e+00
3.162480333325441749e-04
1.343550055579787426e-02
8.270533041977667921e-03
0.000000000000000000e+00
3.117956810311219712e-02
6.384426313485414180e-03
2.261812961006499836e-03
1.420587403033085486e-03
2.518604781198072184e-03
3.521745117859171811e-03
1.493957558466842833e-03
5.581155047684911545e-03
3.706442699960144755e-04
1.264994119370935116e-06
1.011995295496748601e-05
2.734916044804486593e-02
2.129490455085786271e-02
4.727285010129928487e-03
1.037421329738969639e-02
1.061329569641942952e-03
2.243719473716001417e-02
1.315594877166114491e-03
6.312335550966716776e-04
8.852428847357797503e-03
1.190362445389143466e-03
2.903162496976614739e-03
3.185255689086157176e-03
1.156207107655986797e-03
2.909486474553155913e-05
1.945561452102657126e-03
0.000000000000000000e+00
5.059976477483741313e-06
2.087746145656732902e-02
0.000000000000000000e+00
6.324970596854693582e-06
5.059976477483741313e-06
4.933477065546644307e-05
1.587566130279928446e-03
2.736185259260442895e-03
4.933477065545998665e-04
1.752015365798128329e-03
3.364884357525999318e-04
0.000000000000000000e+00
