1.897392000000000053e+03
3.036341448891333812e+02
8.705329700469498277e+00
1.175035401432509730e+02
6.524842338710437950e+00
3.164973388150202945e-71
2.671865379995105361e-102
8.693403593967136800e+00
8.673688427744759011e+00
8.672488287042606103e+00
8.582456704370750700e+00
8.578888205408516043e+00
8.570893823054085203e+00
8.569800133535759201e+00
8.550093393181578350e+00
8.527214276528715331e+00
8.499208611435907557e+00
8.678037816678608962e+00
8.640097317732861271e+00
8.595064605669458402e+00
8.570136253911870838e+00
8.539377152666604687e+00
8.481209915214478201e+00
8.459981844515294114e+00
8.446689435793116374e+00
8.424015290658728006e+00
8.415252805872793118e+00
5.146125182968281919e-01
6.566614188857269596e+01
1.384989762805998659e+01
4.160905214221271371e-04
1.212874326319774190e-05
0.000000000000000000e+00
0.000000000000000000e+00
4.127485719145900589e+01
1.525068547224468034e+02
0.000000000000000000e+00
8.425442662501719582e+00
1.972194340715648364e+00
7.963288344326707374e+03
4.217192235961083391e+00
4.072986498805816757e-02
1.130374125546634559e+03
8.024987835352024312e-01
1.608656915182741454e+00
2.251371357516608640e+01
4.603428564380775079e+00
2.543084912414291243e-01
8.880069248240527457e-01
2.740603534748081938e+00
1.140841291128660551e+01
1.122947666508156805e+00
1.412717677301112076e+02
4.932277028381456319e+01
1.603078188885597655e+01
5.529831184438626224e+01
4.023056417522947292e+00
1.404913404915264152e+01
5.182847306454263503e+00
1.274443739304480516e+00
2.049707247576206015e+01
5.901433218389402491e-01
1.088195874197511444e+02
1.153022823925026152e+01
4.204338636636164139e+00
4.135941559686656888e+01
3.443538254557428679e+00
3.900456112203240622e+00
6.841692544695273659e-01
7.116752042144308632e+01
7.300288912572772126e-01
9.402864012190898180e+00
2.651896329701481747e+01
1.674039005784943512e+01
8.418966043546544098e-02
1.497720318032879916e-01
8.997168485329346368e+03
2.380182650319153659e+00
2.895864267425354299e+00
3.895512423548953551e-01
3.176095304297205796e-02
3.610994349945131215e-02
2.370379924575381249e-03
0.000000000000000000e+00
5.851417622059746471e+00
0.000000000000000000e+00
0.000000000000000000e+00
7.783703114785123223e-01
0.000000000000000000e+00
1.561110611793190550e+01
0.000000000000000000e+00
5.991932245551591157e-04
2.861867520498331211e-03
5.412987511165886112e-06
8.837997933492081870e+01
8.362619431220746566e-03
8.606814690345611851e-05
4.864935648281915270e+00
1.321815930560931188e-09
2.839735054149652844e-05
4.202871644305098980e-09
1.549544349751740668e+01
8.348417756600348845e-05
3.268130627108299677e+02
8.800460301388829572e-07
3.892934741638444107e-01
6.609845967840523429e+01
1.134868938241926294e-04
2.388276954823363575e-06
4.571872342477882256e+01
3.345894888124387591e-04
1.207948747888970189e+02
9.113196112220478099e-08
1.035412814357114633e-04
1.385218696544680784e-03
6.529090087627511529e+00
2.773220969754532084e-02
6.067124798776906861e-05
1.216386621274076528e-03
1.163904361251716358e-07
2.340182854386177473e-06
2.259988800284912486e+03
8.309312693079918609e-07
9.141088908809094453e-05
1.737759203529323349e+04
9.132722381206015774e-03
9.145315572211283606e-02
1.854741079657907903e+03
9.747509116054370011e-04
7.095445201812260183e-03
6.406126484104873210e-03
4.787945775459035574e-02
4.844586642319061423e-07
3.034104530048427617e-01
1.697686492659462840e-10
1.533915258742686843e-12
1.906663253344966667e-12
3.107538816631451447e-04
1.437906974964717457e-10
1.047224562060797975e-01
6.094888761009787714e+00
2.242294817824494720e-11
2.218983901320007119e-12
6.376468517870429475e-13
3.119647722077300588e-09
3.132138910815234062e-10
9.114124324869046339e-11
4.835358150885797597e-12
1.843895738005374579e-18
6.862663045950973958e-10
9.355381415229565638e-13
1.877802437890245946e-10
1.833774189585523025e-14
4.318777354409301799e-09
4.338265781187241750e-12
4.505267911743479750e-16
4.962014096111757747e-18
6.199735718149653617e-19
4.502288518162299916e-16
2.902986944715452395e-17
1.333538529161071543e-17
0.000000000000000000e+00
2.799464334328969173e+01
5.415406350140057867e+01
2.098735310084677346e-04
4.060523007475545267e-04
4.944672581298259934e-05
2.284349707334980848e-13
4.419065579329954506e-13
0.000000000000000000e+00
1.536676060472083805e+01
2.160542939695206843e-04
2.076790199404985326e+00
3.082210710097896267e-02
1.737296204555486070e-02
7.836921818969528886e-01
5.875272794498455687e-06
1.384226487072616627e-06
6.394812019764364786e-15
4.404708140160312870e-11
1.037758396680555724e-11
4.794208122506932565e-20
1.129525402445194651e-20
5.218150849907988954e-29
2.361357199680831631e-01
4.313027460888475481e-03
1.361670352159179753e+00
2.892094860421759797e-02
2.891069362793939312e-16
6.172004806856977645e-24
2.893628563284211405e-32
1.996756429909455130e-17
9.724605373781591836e-20
9.492835969048125840e-18
2.519027872087900525e-19
0.000000000000000000e+00
6.861966820551754892e-15
5.739668445953530742e-20
5.718770332539692610e-29
1.154133124167175925e-27
1.488751059155152715e-22
3.046903298114506469e-28
0.000000000000000000e+00
1.353432123162844037e-36
5.410910819332139921e-36
0.000000000000000000e+00
6.996872168929964860e-31
1.266378991321630661e-36
5.861598730346048693e-45
2.624349962171343234e-16
5.932822864050748222e-38
1.371895495231567545e-16
5.573837387014052302e-18
0.000000000000000000e+00
1.261548855134956925e-31
1.202061693255966130e-38
2.217951822672240508e-47
6.303278885249308694e-47
4.838466470145064010e-55
1.231462765956046102e-63
9.009719370324571226e-34
4.726883552887542463e-41
9.099326512948403768e-34
5.933783942266721776e-36
0.000000000000000000e+00
5.416229776887873548e+00
4.060544814477073158e-05
4.419615874399969924e-14
2.506206152749096478e-19
0.000000000000000000e+00
6.768313074377510615e-15
1.244355553879907913e-31
5.710087397086723686e-20
1.195712803510424576e-38
5.689317236605578817e-29
2.206416113725042825e-47
1.153112302084023297e-27
0.000000000000000000e+00
1.480858987495245050e-22
1.352063996654707718e-36
4.833010274926621027e-55
5.406248632338439547e-36
0.000000000000000000e+00
6.960927768067397415e-31
1.265140163292464303e-36
5.856105484033375482e-45
1.230273509761625825e-63
2.622356071879838670e-16
9.002119478659788456e-34
4.721546915131457214e-41
5.925859930105689906e-38
9.090441823590919298e-34
1.370479423498433383e-16
5.567817879136202726e-18
0.000000000000000000e+00
5.926576255320774775e-36
0.000000000000000000e+00
6.670599819031348403e-18
0.000000000000000000e+00
7.027727215521562562e-36
0.000000000000000000e+00
1.760309945490754768e-23
0.000000000000000000e+00
4.800322708419761887e-19
8.753251253783971198e-36
4.004664260512633791e-24
8.295911329346686249e-43
3.955630626921020878e-33
1.516896652012588011e-51
8.173635972766344020e-32
0.000000000000000000e+00
1.038491110910112206e-26
9.470940131147569498e-41
3.342998403468834462e-59
3.786985626918214450e-40
0.000000000000000000e+00
4.824232294212315441e-35
8.851223092073709953e-41
4.054514176230314170e-49
8.410464129625759069e-68
1.848573659440083334e-20
6.270294783881644450e-38
3.298019844323128697e-45
4.120963741132420342e-42
6.400686520112462354e-38
9.670977614943164181e-21
3.921533751765809493e-22
0.000000000000000000e+00
4.124534932608363354e-40
0.000000000000000000e+00
1.389062316461683727e-18
0.000000000000000000e+00
1.047364486899541175e-13
1.888650848970087016e-30
3.153729090451580850e-19
6.440376296515936302e-38
3.080497212214904429e-28
1.164176520364376546e-46
5.200535556269191695e-28
0.000000000000000000e+00
8.174895825968504754e-22
5.995449132211106099e-37
2.105230729227998395e-55
2.397757822848623719e-36
0.000000000000000000e+00
3.741154422137988694e-30
5.600953523205298430e-37
2.554743928092076564e-45
5.272865550812238151e-64
1.183891200304712539e-16
3.995190312803065555e-34
2.083374472416710380e-41
2.599727915704497361e-38
4.095556997789321147e-34
6.193405788061346678e-17
1.154969033516371619e-17
0.000000000000000000e+00
9.942708770818424806e-36
0.000000000000000000e+00
1.390280432578083465e-18
0.000000000000000000e+00
1.048266277596631702e-13
1.890293320310082346e-30
3.156499706741981459e-19
6.446108287790991322e-38
3.083231391637425590e-28
1.165223881588549383e-46
5.207935037507635360e-28
0.000000000000000000e+00
8.182079455265327497e-22
6.004053259453247021e-37
2.108279682595512824e-55
2.401198527697557810e-36
0.000000000000000000e+00
3.744487844052211511e-30
5.608998142474001877e-37
2.558441007354714578e-45
5.280566225263987929e-64
1.185574618438497920e-16
4.000920771880885270e-34
2.086371913277120610e-41
2.603479326784209929e-38
4.101386562981888037e-34
6.202207774372210504e-17
1.155056301071391165e-17
0.000000000000000000e+00
9.943598023165693266e-36
0.000000000000000000e+00
1.455780163989364675e-17
0.000000000000000000e+00
1.251511464159474748e-35
0.000000000000000000e+00
9.152160112253599791e-23
0.000000000000000000e+00
2.746838295684044841e-18
5.047708687477234778e-35
1.853582343854580535e-23
3.879216449297301316e-42
2.538114446226831919e-32
9.839656637734341856e-51
3.275290904405785788e-31
0.000000000000000000e+00
4.806943919824109741e-26
4.935553820145095781e-40
1.763485700958824111e-58
2.192773325971157155e-39
0.000000000000000000e+00
3.104721349303818310e-34
4.617773514073163380e-40
2.849032907235851195e-48
5.982819574400793203e-67
2.127927080346307526e-20
7.302331280376543937e-38
1.914653383749183856e-45
2.402803152619000884e-42
2.950518018594137691e-37
4.448594301370293755e-20
1.353200828942988776e-21
0.000000000000000000e+00
1.425296102619044317e-39
0.000000000000000000e+00
5.079722517901656266e-22
0.000000000000000000e+00
4.255661892242894569e-17
7.673984351988544802e-34
1.025161879972289700e-22
2.093530309321342631e-41
1.376858166666756114e-31
5.203427382010275783e-50
1.479994710732649444e-31
0.000000000000000000e+00
2.657359371306241097e-25
2.193693199827703413e-40
7.702933277774498077e-59
9.748085036457134992e-40
0.000000000000000000e+00
1.672154253911473914e-33
2.049360986056531953e-40
1.246357275726012020e-48
2.572419594443544749e-67
9.626221393954908414e-21
3.248489468811588426e-38
8.469545514858333003e-46
1.056867746806400545e-42
1.331974177667313746e-37
2.014245386754746483e-20
2.955008070135727363e-21
0.000000000000000000e+00
2.540348739128283421e-39
0.000000000000000000e+00
4.333320832599854246e-20
0.000000000000000000e+00
1.169500044506753836e-15
2.151046340385906313e-32
7.404107263704295277e-21
1.549447774178232151e-39
7.375217441032322491e-30
2.859686158749623886e-48
1.495198954947956660e-28
0.000000000000000000e+00
1.920286625436489958e-23
1.168428826847648468e-37
4.175546919281718494e-56
7.008855106151327562e-37
0.000000000000000000e+00
9.024345050057365545e-32
1.093409055877351735e-37
5.060177828489449311e-46
1.062777291585425742e-64
4.534149349884178378e-17
1.556122092730789075e-34
1.020089179854428715e-41
1.280034965193952855e-38
7.857362476913283353e-35
3.553979615994848943e-17
4.324769549480856408e-19
0.000000000000000000e+00
4.554940854928411330e-37
0.000000000000000000e+00
5.687289240727219864e-20
0.000000000000000000e+00
7.682468116291630280e-16
1.411004361448722852e-32
3.240446420444534626e-20
6.773904214798141476e-39
1.288393308344510963e-29
4.988309994992402619e-48
7.845413941771503209e-28
0.000000000000000000e+00
8.371657520182542127e-23
9.180602445769810507e-37
3.275399118916087744e-55
1.835744231968164586e-36
0.000000000000000000e+00
1.577388766385933137e-31
8.594905632919704141e-37
1.983267818648415123e-45
4.166817454386749359e-64
8.934940693785654360e-17
3.061330298040418819e-34
1.589296053684426988e-41
1.993215143986075688e-38
7.213538153323575733e-34
1.243295745153275758e-16
3.943297701404240366e-18
0.000000000000000000e+00
4.146472433097742663e-36
0.000000000000000000e+00
5.849785941200182262e-20
0.000000000000000000e+00
7.899171191004349414e-16
1.452094765985290241e-32
3.332418865926261760e-20
6.977097538298527758e-39
1.327757259520677959e-29
5.149184218228671193e-48
8.075482582352584667e-28
0.000000000000000000e+00
8.642297467200664315e-23
9.465749838672382041e-37
3.383437395546046328e-55
1.892734117605396755e-36
0.000000000000000000e+00
1.624645047083550583e-31
8.858121940734694749e-37
2.049878605478736724e-45
4.305647859184169012e-64
9.182418557290650206e-17
3.151618477234771136e-34
1.651705469110584499e-41
2.072862647296143210e-38
7.421619750047047410e-34
1.278767598752242050e-16
4.086975843819499968e-18
0.000000000000000000e+00
4.305018625624344387e-36
0.000000000000000000e+00
8.261486524421774869e-22
0.000000000000000000e+00
6.921269325568417941e-17
1.248061036992580331e-33
1.667295672364533651e-22
3.404822585665851185e-41
2.239251314644722882e-31
8.462537049869353214e-50
2.407022759401505744e-31
0.000000000000000000e+00
4.321856765059792825e-25
3.567697267276345996e-40
1.252752357690323528e-58
1.585382732478701867e-39
0.000000000000000000e+00
2.719513004917841026e-33
3.332980005656643949e-40
2.026992457955911498e-48
4.183556835581129263e-67
1.565583600769906581e-20
5.283193871357050273e-38
1.377374862321480426e-45
1.718742674412339960e-42
2.166179564979885272e-37
3.275759227229029725e-20
4.805907124323647889e-21
0.000000000000000000e+00
4.131490964962596893e-39
0.000000000000000000e+00
7.516978763907403298e-21
0.000000000000000000e+00
2.256071956623798228e-16
4.145852220378042178e-33
1.522409969373378079e-21
3.186128971854045035e-40
2.084637719236946507e-30
8.081632233598957694e-49
2.690107381756993104e-29
0.000000000000000000e+00
3.948105679409735772e-24
4.053734895193407297e-38
1.448408625555479669e-56
1.800997834650767572e-37
0.000000000000000000e+00
2.550009896061884934e-32
3.792730700819790408e-38
2.340004098400395341e-46
4.913882525294640452e-65
1.747738314588000635e-18
5.997647886526318117e-36
1.572568180471310202e-43
1.973501463163415354e-40
2.423359983147467121e-35
3.653781059364221918e-18
1.111429478347804976e-19
0.000000000000000000e+00
1.170643309365742338e-37
0.000000000000000000e+00
3.937879852827915017e-19
0.000000000000000000e+00
1.062740646339655847e-14
1.954729379875619273e-31
6.728409481738148765e-20
1.408000621956851600e-38
6.702073847806079019e-29
2.598656086409653354e-47
1.358746925857191503e-27
0.000000000000000000e+00
1.745046171952748735e-22
1.061783219566700048e-36
3.794388329920802915e-55
6.369176579867805090e-36
0.000000000000000000e+00
8.200716031199534766e-31
9.936149948167548824e-37
4.598299481763849603e-45
9.657581412351992779e-64
4.120380161700044241e-16
1.414100572594883104e-33
9.269880684234757119e-41
1.163198364734777614e-37
7.140294939143745426e-34
3.229651783203705545e-16
3.930092695092473437e-18
0.000000000000000000e+00
4.139200429228023986e-36
0.000000000000000000e+00
5.628820849874249639e-19
0.000000000000000000e+00
7.603507149264664975e-15
1.396493239755535841e-31
3.207137490374060920e-19
6.704200565413776947e-38
1.275130681753483176e-28
4.936904157698513232e-47
7.764720009522136502e-27
0.000000000000000000e+00
8.285381060576137574e-22
9.086066472854700262e-36
3.241628982756103960e-54
1.816841369648882842e-35
0.000000000000000000e+00
1.561157579769461544e-30
8.506426091123368353e-36
1.962811804753198830e-44
4.123847182945293016e-63
8.843137499019624194e-16
3.029839123708155239e-33
1.572842223026592792e-40
1.972570264610415888e-37
7.139365663750576468e-33
1.230514332568553354e-15
3.902773947425842628e-17
0.000000000000000000e+00
4.103850627869473207e-35
0.000000000000000000e+00
0.000000000000000000e+00
0.000000000000000000e+00
0.000000000000000000e+00
0.000000000000000000e+00
0.000000000000000000e+00
0.000000000000000000e+00
0.000000000000000000e+00
0.000000000000000000e+00
0.000000000000000000e+00
0.000000000000000000e+00
0.000000000000000000e+00
0.000000000000000000e+00
0.000000000000000000e+00
0.000000000000000000e+00
0.000000000000000000e+00
0.000000000000000000e+00
0.000000000000000000e+00
0.000000000000000000e+00
0.000000000000000000e+00
0.000000000000000000e+00
0.000000000000000000e+00
0.000000000000000000e+00
0.000000000000000000e+00
0.000000000000000000e+00
0.000000000000000000e+00
0.000000000000000000e+00
0.000000000000000000e+00
0.000000000000000000e+00
0.000000000000000000e+00
1.580542861706904167e+00
7.183297553368665398e-05
5.797118098258111196e+00
7.257921160817068085e+01
1.055550739478232081e-01
2.039516584135278254e+00
2.205363597606586268e+01
2.801342485208925884e-02
1.483767157361062594e+01
3.983216215695492668e+00
5.403246074280300542e-11
4.086604295982522395e+00
3.344194767829342062e-10
1.515894014658630610e-11
0.000000000000000000e+00
0.000000000000000000e+00
1.050711390331968207e-12
4.200440459130472953e-03
4.413448366493207056e-17
1.561533596372010102e+01
1.642669088864552350e+03
1.923250703236610848e+00
0.000000000000000000e+00
2.305099840175514814e+01
1.193427415498605981e+00
1.836078251645238080e+00
3.552095582933161022e-02
9.931254279422278841e-02
4.455440132348979887e+02
1.120333933096822392e+02
2.815085576334589064e+02
1.721046068309216227e-11
7.802556237457941357e+00
1.404469544633264491e+02
1.153346020811469685e+02
2.231419923532596528e+01
5.662050371142056093e+01
6.103511787420357595e-14
1.092862524616864737e-11
2.344369299992098384e-09
4.193043666148430594e-09
1.311347750894491782e+01
5.354471913338636659e-09
6.467211928719295289e-01
1.812021583614134290e-01
9.055168345350107784e-02
2.245763988486104665e+02
1.403071695347601576e-13
9.996350300284788318e+03
3.482969356890884161e+00
4.729835515321573758e-01
7.946241185582265665e-01
2.540175167020480629e+01
8.995312461075641308e-02
8.996036630529788969e-01
1.077492627826994109e+01
3.752616610988765422e-01
9.346667792324943325e-02
9.638979582026926951e-02
3.416049046912468690e+00
2.893299610580067682e+00
9.318167247784494775e-03
1.849248145678705271e+02
1.510797046956109035e+01
4.664068242289758082e-02
4.672250946089512302e-01
7.068256831324015721e-01
2.178397498243754837e-01
2.083543849329804232e+01
2.188733565668818402e-13
6.700329469338333708e-11
3.414491809119699042e+02
0.000000000000000000e+00
4.028343938810274949e+01
3.327529247058921413e+01
2.128241119984368765e+02
2.061637033318781120e-01
8.129485842703673137e-01
7.356199864910200859e+01
0.000000000000000000e+00
1.286478413633032057e-11
2.522800606924982958e+01
1.158225555757859248e-10
3.603599044653389982e-01
4.946282044751703091e-11
5.367842976552829109e-04
2.042217677820307165e-02
2.308966001127755463e-01
6.590635329940815902e-17
5.005364579404678743e-02
0.000000000000000000e+00
7.374672109943206655e-01
1.854381592757475550e-01
5.670062179010493253e+00
4.683625658433335559e+00
2.231441891335300198e+01
3.141243264253580939e-15
7.792372371422096528e-15
1.206689989424367652e-10
2.993188780084658756e-10
6.793910384498077545e-14
1.497624429197995637e-03
9.939726467578793249e-04
9.014231033568504683e-04
1.512340875220212766e-01
2.101579432519372868e-03
4.971660790419592940e-02
0.000000000000000000e+00
4.966049429273340707e-14
3.476623510324133398e-13
8.430252450144140987e-04
5.489031260509301286e-14
5.204978431093418713e-13
0.000000000000000000e+00
1.394774192684516166e-12
5.415690313648388599e-02
2.932757222763310973e-04
1.187882952109468003e-03
2.986965885155796812e-04
1.187426688842070490e+02
4.266388681774431646e+00
3.369990057992374166e-01
7.507354078488683413e+00
1.887740615956864598e+00
6.187093069755633223e+00
0.000000000000000000e+00
0.000000000000000000e+00
0.000000000000000000e+00
0.000000000000000000e+00
5.766772922738402940e+01
6.847478574267918816e+01
0.000000000000000000e+00
0.000000000000000000e+00
0.000000000000000000e+00
0.000000000000000000e+00
0.000000000000000000e+00
4.540063397912042290e-03
1.825388996803186488e-03
1.264992133330171062e-03
2.131514098119585525e-03
4.187128052566813780e-03
5.376216566653199691e-03
5.376216566653199691e-03
5.376216566653199691e-03
5.376216566653199691e-03
2.366803749087921169e-02
3.794982358112791161e-06
1.484470152222618598e-02
5.376216566653199691e-03
5.376216566653199691e-03
5.376216566653199691e-03
5.376216566653199691e-03
5.376216566653199691e-03
5.376216566653199691e-03
5.376216566653199691e-03
5.376216566653199691e-03
5.376216566653199691e-03
5.376216566653199691e-03
5.376216566653199691e-03
5.376216566653199691e-03
5.376216566653199691e-03
5.717773419555999964e-04
9.420411206955300182e-03
4.703248135821100177e-03
1.498765032630679922e-02
2.770337121422000162e-04
2.087240296962000101e-04
2.942373839105814209e-03
1.822856029503242600e-03
3.682399371019272425e-03
1.184037474792343442e-03
0.000000000000000000e+00
7.292687622602001159e-03
3.996114437051972133e-03
3.396509707021056965e-03
1.081569972062099757e-03
1.897488199995256593e-03
2.702027041768164176e-02
5.664642177012429135e-03
0.000000000000000000e+00
7.702545717278198520e-03
1.787183195337060937e-02
1.168980519549467183e-02
3.948046894811788055e-02
6.594411861729713303e-03
5.819022600115726564e-05
1.264992133330171062e-03
1.437918120374669442e-02
6.793018421020998506e-04
9.234506722425720501e-05
8.361626024346710453e-04
8.880283543492863661e-04
2.023990590993499574e-05
3.714023230983258452e-03
4.099213240252334578e-01
1.556954414564610222e-02
1.264994119370919446e-06
0.000000000000000000e+00
4.141590250310243568e-03
2.529988238741870656e-06
1.264994119370919446e-06
3.288984710364431345e-05
2.236507617006971115e-03
0.000000000000000000e+00
4.629888407101145410e-04
5.433149742698099166e-03
4.658971355602370933e-03
3.162480333325427655e-04
1.581240166662713827e-03
2.708351913062941995e-03
2.656487650678969017e-05
0.000000000000000000e+00
1.581240166662713827e-03
2.732386304820785643e-03
7.474846279281243365e-03
1.295356957296944734e-03
3.788654904964914010e-03
5.059976477483741313e-06
3.858227098979442687e-04
4.540060915361056326e-03
2.034110047438241701e-03
1.317617974038801446e-02
2.560346608076128315e-03
9.147168008579486739e-03
2.646366208193329586e-03
2.788047039093499366e-03
5.792410058640227663e-03
3.162480333325427655e-04
4.743728444151157700e-03
1.855745876606942641e-03
1.668526746940042840e-03
4.819627594803199688e-03
1.404423392392851812e-18
3.162480333325441749e-04
2.846232299992886190e-03
1.343550055579786212e-02
9.851773208640382182e-03
2.661545641115670505e-03
3.434204843643762911e-02
1.049565074680846796e-02
4.475549194334299194e-03
1.581240166662713827e-03
1.886108714532986870e-03
6.051729384519513935e-03
8.614614918017570854e-04
6.213651114349999678e-03
5.439623666347171679e-05
1.264994119370919446e-06
1.011995295496748601e-05
1.817796748140112356e-02
1.749992815086734432e-02
6.941021243457727412e-03
7.527980997396809329e-03
4.288335029768574214e-04
2.275344277049255390e-02
1.631842910498657474e-03
1.263729621761757209e-03
7.587436714027625574e-03
3.087850645384400492e-03
4.168154630306786235e-03
9.715194557583577096e-04
4.318687440981414452e-03
2.909486474553155913e-05
2.578057518767743524e-03
0.000000000000000000e+00
5.059976477483741313e-06
2.625367802322055646e-02
3.162480333325427655e-04
6.324970596854693582e-06
5.059976477483741313e-06
4.933477065546644307e-05
6.388220302823000409e-04
2.736185259260442895e-03
3.162480333325427655e-04
4.870232324679572128e-04
6.527364690851426973e-04
0.000000000000000000e+00
