1.897392000000000053e+03
1.532323118636815593e+02
5.149575038616035272e+00
2.042437253344853332e+02
1.163919537381312486e+00
2.535356328229175770e-71
1.116393259737720801e-101
5.138541564534516937e+00
5.119666147248075561e+00
5.118514653736032649e+00
5.020100610065640012e+00
5.016176347052361706e+00
5.007268460848588454e+00
5.006047573580412191e+00
4.983306818177480224e+00
4.955742870885634588e+00
4.920293490262965364e+00
5.123673688964997197e+00
5.085529338660447429e+00
5.036938013579561613e+00
5.008724302508817949e+00
4.971326527875317147e+00
4.895972753891443929e+00
4.868310327849511232e+00
4.851067572996731414e+00
4.822504134842900747e+00
4.811620183341362988e+00
7.032910690097212703e-01
6.143748247076225510e+01
1.278441886941150685e+01
4.096804010510141699e-04
1.300855218549051671e-05
0.000000000000000000e+00
0.000000000000000000e+00
5.889752843500906465e+01
1.524229090106575200e+02
0.000000000000000000e+00
7.032255468457622172e+00
1.799375006103047347e+00
7.961982975021714083e+03
4.149979516529456625e+00
4.028386958775621168e-02
1.130866815269472227e+03
6.391202776242270733e-01
1.597066159350536863e+00
2.223198366768484391e+01
4.574311990688749496e+00
2.545137566910151139e-01
8.882269474732895631e-01
2.741432015466250594e+00
1.140835338196423621e+01
1.122948042568448823e+00
1.412733889731675276e+02
4.933706834861715151e+01
1.602967271263206328e+01
5.529831355976323692e+01
4.023581383801947631e+00
1.405094351253333507e+01
5.177616676098239168e+00
1.272839750305676088e+00
2.049033408733502881e+01
5.893079866867894090e-01
1.088213055700472154e+02
1.152003548997074844e+01
4.204762692855244843e+00
4.132972555671985049e+01
3.443512119164660934e+00
3.900438893223207248e+00
6.841667085660516623e-01
7.116752118122002457e+01
7.300259683628459451e-01
9.402860160912664966e+00
2.651896489216827746e+01
1.674038933885920599e+01
8.416858710910547769e-02
1.497720318032879916e-01
8.999586535508393354e+03
2.350625532409516438e+00
2.898673053264657629e+00
3.904822942086803583e-01
3.179068765408934322e-02
3.610044411087376393e-02
2.372390765395643395e-03
0.000000000000000000e+00
5.078473626012041997e+00
0.000000000000000000e+00
0.000000000000000000e+00
8.737312396968524020e-01
0.000000000000000000e+00
1.654628416493373066e+01
0.000000000000000000e+00
6.210075262564123885e-04
2.861672260106789840e-03
5.600701903013634086e-06
8.605340119072857874e+01
8.436937524351756715e-03
1.030805291012373603e-04
4.863137337959363649e+00
1.582510836161409603e-09
3.323684403603155543e-05
5.213791079821434347e-09
1.305037599948674298e+01
8.420925475234901023e-05
3.277587204189334216e+02
1.057052262092070210e-06
4.031115864059598430e-01
6.293228156484944691e+01
1.117953614480489503e-04
2.450116989426828116e-06
4.372587910090985730e+01
3.282889981311290571e-04
1.170613835466148629e+02
9.060164466253878057e-08
1.077039009110659451e-04
1.447468049166893578e-03
6.244795152683114914e+00
2.775463162827693925e-02
6.624676003264381085e-05
1.269814936568873856e-03
1.387628776684808508e-07
2.657986881707303806e-06
2.259986219112237450e+03
9.906364154589871966e-07
1.156023456865065555e-04
1.721700501991639976e+04
1.144297215458807242e-02
1.147044672576515434e-01
1.837592508745570058e+03
1.221322698954107212e-03
9.564939129156022415e-03
8.038990804375449259e-03
1.627923225297155940e-01
2.067069051501884113e-06
4.510124242255653115e-01
4.511795212857699517e-11
1.460901261772939025e-12
1.836438160161462613e-12
4.832551281916693908e-04
1.187656364415258064e-10
1.377246250170173492e-01
6.093834990085835734e+00
1.837230729930026433e-11
3.706654417488827133e-12
9.944331117523446588e-13
2.441642906392337986e-09
4.979705761382446376e-10
1.364516721664470280e-10
4.160468779554453264e-12
1.537487185861006558e-18
5.643744516202730687e-10
7.977839751530994304e-13
1.598698061507107735e-10
1.540998641728603451e-14
3.502374243994032945e-09
3.522887428661375510e-12
7.444078253510141103e-16
5.229272460023623520e-17
6.186074358042120927e-19
1.207661603951121658e-16
7.754175849577526547e-17
1.330566432218330825e-17
0.000000000000000000e+00
3.531019630756483707e+01
6.770123289549997025e+01
2.103125387968545325e-04
4.032800599591860550e-04
4.884771670611443429e-05
2.284985608782030681e-13
4.380953506288764935e-13
0.000000000000000000e+00
1.439312937616396404e+01
2.160543736458202051e-04
2.048225269086221711e+00
3.029774950735520875e-02
2.136498313966383317e-02
1.246804299472882738e+00
7.426103585306036941e-06
1.724806059932553254e-06
8.068153190262982738e-15
4.423136004104569261e-11
1.027329028766747692e-11
4.805553605383561529e-20
1.116150331688123442e-20
5.221034450683425691e-29
2.071610221106487681e-01
4.195205298663663707e-03
1.384523740091243127e+00
8.936948379342168902e-02
3.884706139338172299e-16
5.325841552007680775e-23
2.405020940108813434e-31
1.984906380928895577e-17
2.608393913717360290e-20
2.114081240277263312e-17
3.007145517032279050e-19
0.000000000000000000e+00
1.112879115351673139e-14
6.815568321456410073e-20
7.478501414684335836e-29
1.001395784250059760e-26
1.630516420332385890e-21
2.598590855618345761e-27
0.000000000000000000e+00
1.171918996498161529e-35
4.515820840134069022e-35
0.000000000000000000e+00
7.321936310891748643e-30
1.046035067560940003e-35
4.888713631309250595e-44
2.443848687723607062e-16
4.716084537426290940e-39
2.751377884118236364e-16
5.421959443020414125e-18
0.000000000000000000e+00
3.051979561542799378e-31
1.615542021525356689e-37
3.324523159043482439e-46
5.472439862344241874e-45
4.236786305119544967e-53
1.033539571109783339e-61
8.550441779715123482e-34
3.400776791356267708e-42
4.587300765213835878e-33
5.705118313377129020e-36
0.000000000000000000e+00
6.770754049304964717e+00
4.032781085969335666e-05
4.381453937848719663e-14
2.986506120627732417e-19
0.000000000000000000e+00
1.092412828975478948e-14
2.995824710005921711e-31
6.768250503853548426e-20
1.604267435568908880e-37
7.426757209632243822e-29
3.301521340700133009e-46
1.000365665658009552e-26
0.000000000000000000e+00
1.619189798964348833e-21
1.170573327354684692e-35
4.231880886493692682e-53
4.511218278152997944e-35
0.000000000000000000e+00
7.271982939486083113e-30
1.044877476977412703e-35
4.883381324652357117e-44
1.032441318389178507e-61
2.441586680797236248e-16
8.541846196494144376e-34
3.396369696309304946e-42
4.710334080739557781e-39
4.581068322276818034e-33
2.747750304919071424e-16
5.415839028674443262e-18
0.000000000000000000e+00
5.697951341720092608e-36
0.000000000000000000e+00
6.486055257305620419e-18
0.000000000000000000e+00
6.758186807586764493e-36
0.000000000000000000e+00
2.079538634228966733e-23
0.000000000000000000e+00
7.732103842444213585e-19
2.088495825479888352e-35
4.716923351511557188e-24
1.117054706438693148e-41
5.116950996076961618e-33
2.271940425460320209e-50
7.108095029114759871e-31
0.000000000000000000e+00
1.145162444484004504e-25
8.219145182993003204e-40
2.965065182990385140e-57
3.164980717964970038e-39
0.000000000000000000e+00
5.078654759295424121e-34
7.336502674257645197e-40
3.386465744890143590e-48
7.137092890773869694e-66
1.723477403022522129e-20
5.957880476525727491e-38
2.386264680483710533e-46
3.329931811058091274e-43
3.161548983694939119e-37
1.921982247161832630e-20
3.814384820097247075e-22
0.000000000000000000e+00
3.965538637362830776e-40
0.000000000000000000e+00
2.176448439268578746e-18
0.000000000000000000e+00
2.250900354324679907e-13
5.964551005640082185e-30
4.941350891752461512e-19
1.168520243654101793e-36
5.282748087851957870e-28
2.341525216253672341e-45
5.734139001045774343e-27
0.000000000000000000e+00
1.220943406563766015e-20
6.596746899978793286e-36
2.377899527371835109e-53
2.539909780463171963e-35
0.000000000000000000e+00
5.329296033276253220e-29
5.889320771787710500e-36
2.704553590375389308e-44
5.693292142097901605e-62
1.398955054520232261e-16
4.811306273133679845e-34
1.919841186537915232e-42
2.680203843649935095e-39
2.540052340215940701e-33
1.552968050998332195e-16
1.305749921905947248e-17
0.000000000000000000e+00
1.124234199101148878e-35
0.000000000000000000e+00
2.178381725352428851e-18
0.000000000000000000e+00
2.252856373513986723e-13
5.969827901660978832e-30
4.945736077478186765e-19
1.169558497232650713e-36
5.287500440905144766e-28
2.343634916565724700e-45
5.742286903213699580e-27
0.000000000000000000e+00
1.222009037198733623e-20
6.606201598733142054e-36
2.381312713589641447e-53
2.543551811605204454e-35
0.000000000000000000e+00
5.334016172080670198e-29
5.897760898038475417e-36
2.708464488667892684e-44
5.701543191428991853e-62
1.400943082064400158e-16
4.818203071628897904e-34
1.922588541752830456e-42
2.684026477244669748e-39
2.543722737970413045e-33
1.555190269480972699e-16
1.305851847423732481e-17
0.000000000000000000e+00
1.124337205404219799e-35
0.000000000000000000e+00
1.640497385690565359e-17
0.000000000000000000e+00
1.410556620635923354e-35
0.000000000000000000e+00
1.184572939049520590e-22
0.000000000000000000e+00
4.815977984681466361e-18
1.319794266747411904e-34
2.386549253663005850e-23
5.655369616436573583e-41
3.598629135252272809e-32
1.599691745664935605e-49
3.087550187472687072e-30
0.000000000000000000e+00
5.712079631587990071e-25
4.643171363735643660e-39
1.678476015671263199e-56
1.988185801544598078e-38
0.000000000000000000e+00
3.524832748317264839e-33
4.144323216848320290e-39
2.581524062643585905e-47
5.457270993139876223e-65
2.152753065677965313e-20
7.528836021630495298e-38
1.496336359515681487e-46
2.076193545944349091e-43
1.614486862547941446e-36
9.688177915991865469e-20
1.429636204582919276e-21
0.000000000000000000e+00
1.489255509458546122e-39
0.000000000000000000e+00
8.647524203986424459e-22
0.000000000000000000e+00
9.936894915557733324e-17
2.633128928977835249e-33
1.745174697812552694e-22
4.126952301913553519e-40
2.565390234250856063e-31
1.137089628842741601e-48
1.772986791038026044e-30
0.000000000000000000e+00
4.312099792200756277e-24
2.622461950389176608e-39
9.453120522982500267e-57
1.121908610691506374e-38
0.000000000000000000e+00
2.588008884810069568e-32
2.341245270752536288e-39
1.433560344914126516e-47
3.017754069063172353e-65
1.235870598460664493e-20
4.250423382235410975e-38
8.479755872028656058e-47
1.183820587053989432e-43
8.975334427268952652e-37
5.487449688591419140e-20
3.617950706927081432e-21
0.000000000000000000e+00
3.110809421973488276e-39
0.000000000000000000e+00
5.295727060176415688e-20
0.000000000000000000e+00
1.935967994498662079e-15
5.310648747057987477e-32
9.000884500970465104e-21
2.132521432822937319e-38
9.873443422625520739e-30
4.389228160557385436e-47
1.330636518611063208e-27
0.000000000000000000e+00
2.154086751153014192e-22
1.037711972746438399e-36
3.751414220232909696e-54
5.999438697820850242e-36
0.000000000000000000e+00
9.671794421303149783e-31
9.263880170039037018e-37
4.328563644607201862e-45
9.150780621082235012e-63
4.330490226831528780e-17
1.514650713028426142e-34
7.526601491724989222e-43
1.044002358454189035e-39
4.060051352921161428e-34
7.307891590664532700e-17
4.313537769752093655e-19
0.000000000000000000e+00
4.493176623955210795e-37
0.000000000000000000e+00
6.301900542317497485e-20
0.000000000000000000e+00
1.153684202301479678e-15
3.156941294797182162e-32
3.572897218028437523e-20
8.467597266921400286e-38
1.563799883803238282e-29
6.951300379261894391e-47
6.341960450738641412e-27
0.000000000000000000e+00
8.535481426114355307e-22
7.406148075533975932e-36
2.676864866076848947e-53
1.427156268449082236e-35
0.000000000000000000e+00
1.536384903612544182e-30
6.615595113833158637e-36
1.540846341752847430e-44
3.262923146303395502e-62
7.749927969464002554e-17
2.706153563640959003e-34
1.064480486963226648e-42
1.479203249720667955e-39
3.375064399566756244e-33
2.318518907502764025e-16
3.571525064594677248e-18
0.000000000000000000e+00
3.714304581353283045e-36
0.000000000000000000e+00
6.018052391807777983e-20
0.000000000000000000e+00
1.100731480107171064e-15
3.017956348135881450e-32
3.410181994105873781e-20
8.082996411425071727e-38
1.496320648327801572e-29
6.652668088355826786e-47
6.049343022520032230e-27
0.000000000000000000e+00
8.160082711206725905e-22
7.076343098218112552e-36
2.558546745723547226e-53
1.363749234424257156e-35
0.000000000000000000e+00
1.465615795030247138e-30
6.317253990351923119e-36
1.476003483194942052e-44
3.120410688752300316e-62
7.382119394570214574e-17
2.582170270231467211e-34
1.025851798309357789e-42
1.422983329158695685e-39
3.228407765285953935e-33
2.213482430655101585e-16
3.431287262400479409e-18
0.000000000000000000e+00
3.574620931071246458e-36
0.000000000000000000e+00
1.401500265358774622e-21
0.000000000000000000e+00
1.610474904580665131e-16
4.267451871446976506e-33
2.828416155105575503e-22
6.688571735811344681e-40
4.157669527722472130e-31
1.842863950323953107e-48
2.873521222876692029e-30
0.000000000000000000e+00
6.988749996965056709e-24
4.250207888465711518e-39
1.532067493827978917e-56
1.818280205744289885e-38
0.000000000000000000e+00
4.194410353196643169e-32
3.794465301879947900e-39
2.323347101536438269e-47
4.890807611288049894e-65
2.003004161506732816e-20
6.888675410249906968e-38
1.374253271739652718e-46
1.918542275902946889e-43
1.454548000385790505e-36
8.893117173499549692e-20
5.863628799241497831e-21
0.000000000000000000e+00
5.041666666156361542e-39
0.000000000000000000e+00
9.695469850758800652e-21
0.000000000000000000e+00
3.941774448819915304e-16
1.080222028118033493e-32
1.953338582284722375e-21
4.628794993434147931e-39
2.945396813398454608e-30
1.309311545169331075e-47
2.527093978172882914e-28
0.000000000000000000e+00
4.675216183115994297e-23
3.800334231499945749e-37
1.373795736874976547e-54
1.627286532041233484e-36
0.000000000000000000e+00
2.884997655439859803e-31
3.392037568069703291e-37
2.112919457719049999e-45
4.466652990189832559e-63
1.761982052934902767e-18
6.162187002706138472e-36
1.224717913909975468e-44
1.699319321813488292e-41
1.321421290237921079e-34
7.929562010606706177e-18
1.170126399522702150e-19
0.000000000000000000e+00
1.218923051623419792e-37
0.000000000000000000e+00
4.812387812789900396e-19
0.000000000000000000e+00
1.759220050775330884e-14
4.825878416200686137e-31
8.179358813938929293e-20
1.937839054056893604e-37
8.972144762712963596e-29
3.988557947293738991e-46
1.209198865076062518e-26
0.000000000000000000e+00
1.957512695719118310e-21
9.429944158333212059e-36
3.408995234708804150e-53
5.451866123696099837e-35
0.000000000000000000e+00
8.789078216662546467e-30
8.418361555255895463e-36
3.933450258613200543e-44
8.315465940495451808e-62
3.935289221579241785e-16
1.376408356642284731e-33
6.839614812280622774e-42
9.487177168599247599e-39
3.689439376939765784e-33
6.640899807435835562e-16
3.919866578571900107e-18
0.000000000000000000e+00
4.083053668314660137e-36
0.000000000000000000e+00
6.236995374816021845e-19
0.000000000000000000e+00
1.141809280767680583e-14
3.124403600984151762e-31
3.536112410314537410e-19
8.380411535106258582e-37
1.547672267576911233e-28
6.879602332776264395e-46
6.276694420323932024e-26
0.000000000000000000e+00
8.447507230529508588e-21
7.329842366683298288e-35
2.649278986484237364e-52
1.412451388765955220e-34
0.000000000000000000e+00
1.520572660637820044e-29
6.547461789590186437e-35
1.524943666174571706e-43
3.229285286787320866e-61
7.670245824670602756e-16
2.678297352969389517e-33
1.053449030513603349e-41
1.463892477025830049e-38
3.340264392786448015e-32
2.294644173533186695e-15
3.534798163017064900e-17
0.000000000000000000e+00
3.676100445136215389e-35
0.000000000000000000e+00
0.000000000000000000e+00
0.000000000000000000e+00
0.000000000000000000e+00
0.000000000000000000e+00
0.000000000000000000e+00
0.000000000000000000e+00
0.000000000000000000e+00
0.000000000000000000e+00
0.000000000000000000e+00
0.000000000000000000e+00
0.000000000000000000e+00
0.000000000000000000e+00
0.000000000000000000e+00
0.000000000000000000e+00
0.000000000000000000e+00
0.000000000000000000e+00
0.000000000000000000e+00
0.000000000000000000e+00
0.000000000000000000e+00
0.000000000000000000e+00
0.000000000000000000e+00
0.000000000000000000e+00
0.000000000000000000e+00
0.000000000000000000e+00
0.000000000000000000e+00
0.000000000000000000e+00
0.000000000000000000e+00
0.000000000000000000e+00
0.000000000000000000e+00
1.575761061770490246e+00
7.183296923986299675e-05
7.883897545033172527e+00
8.691396111795877744e+01
1.146842621119435884e-01
2.197027522118520260e+00
2.262147591077289022e+01
2.542282851401215724e-02
1.548979377375198929e+01
3.711123245951445160e+00
1.060267245739253258e-10
3.528415601116912104e+00
5.192357575936551776e-10
3.197463064765649051e-11
0.000000000000000000e+00
0.000000000000000000e+00
1.723172132173758832e-12
4.200441390776731357e-03
7.238078866154445795e-17
1.526968397101626884e+01
1.636958366756363830e+03
1.971736000957665436e+00
0.000000000000000000e+00
2.346514996924269880e+01
1.224716806374476441e+00
1.852834828825149271e+00
2.841184133313490526e-02
7.814034492585247849e-02
4.823048596059617807e+02
1.142513706326655694e+02
2.706425497107213687e+02
1.658319756917764780e-11
7.733536084197478289e+00
1.392040979800952982e+02
1.172218577728711324e+02
2.247739923582489041e+01
5.704686747530212187e+01
3.625495503653456032e-14
6.464864096688999900e-12
2.355192507371892330e-09
4.202165001451456959e-09
1.179434812836467472e+01
5.021578921984081714e-09
6.467211904244387632e-01
1.105811899601219644e-01
5.542780162847604775e-02
1.507158275636097926e+02
2.302451749279116892e-13
9.996286000196349050e+03
3.538194328642314979e+00
4.482891812421958555e-01
7.930560782186021340e-01
2.502597823815704103e+01
9.225791799747724842e-02
9.226536207496262021e-01
1.107449013743390331e+01
3.918019583882997314e-01
1.121010729641844922e-01
6.227837152768265355e-02
4.298927597387850241e+00
2.474135763817121081e+00
9.561916868381824947e-03
1.930009690432733009e+02
1.617374016456565755e+01
4.235196125982344101e-02
4.758768365716897208e-01
7.210730305713463073e-01
2.014402337300157386e-01
2.114650179713994049e+01
3.642838499376742731e-13
1.119167844942973278e-10
3.447880179851185858e+02
0.000000000000000000e+00
4.249785727816372827e+01
3.429728077987177670e+01
2.109275314716396110e+02
2.216873677706367451e-01
8.937734752608061939e-01
6.430110991033258472e+01
0.000000000000000000e+00
1.690932374149398729e-11
3.004840624449743558e+01
2.909481334694889384e-10
3.367743600479179977e-01
9.746065392330030598e-11
3.833039133741341243e-04
2.199078451395005199e-02
2.348405508429533828e-01
1.077104986038347612e-16
5.017961593778934998e-02
0.000000000000000000e+00
6.281231149393927682e-01
1.487937310845057759e-01
5.750852413475587177e+00
4.641145009044521430e+00
2.247750482368093472e+01
1.879951504002183483e-15
4.587718405858643363e-15
1.221057255871855442e-10
2.979587780158156707e-10
1.141801468416325046e-13
1.441940025244000745e-03
1.035735777894105118e-03
9.245103229741154661e-04
1.618832546440124309e-01
2.195339799469137303e-03
5.018683341474945020e-02
0.000000000000000000e+00
9.789265799956614011e-14
8.734393075855759604e-13
9.297261537396717861e-04
1.078704562200132105e-13
5.169277858745644839e-13
0.000000000000000000e+00
8.177861133754609896e-13
4.223212723274673980e-02
1.783340384624981507e-04
7.819202454136446687e-04
1.852261420499171627e-04
1.176710715468942681e+02
3.950315910709468081e+00
3.432264704758313800e-01
8.276960253702615233e+00
1.960698798343629923e+00
6.650005870441241029e+00
0.000000000000000000e+00
0.000000000000000000e+00
0.000000000000000000e+00
0.000000000000000000e+00
5.795156173593242954e+01
6.819095323412791743e+01
0.000000000000000000e+00
0.000000000000000000e+00
0.000000000000000000e+00
0.000000000000000000e+00
0.000000000000000000e+00
2.642575197916784829e-03
3.722877196798442864e-03
9.361006134355707173e-05
1.499018031454499994e-03
2.922135919236642718e-03
5.376216566653199691e-03
5.376216566653199691e-03
5.376216566653199691e-03
5.376216566653199691e-03
2.113805322421886956e-02
3.794982358112791161e-06
1.010098102223804320e-02
5.376216566653199691e-03
5.376216566653199691e-03
5.376216566653199691e-03
5.376216566653199691e-03
5.376216566653199691e-03
5.376216566653199691e-03
5.376216566653199691e-03
5.376216566653199691e-03
5.376216566653199691e-03
5.376216566653199691e-03
5.376216566653199691e-03
5.376216566653199691e-03
5.376216566653199691e-03
5.717773419555999964e-04
9.420411206955300182e-03
4.703248135821100177e-03
1.498765032630679922e-02
2.770337121422000162e-04
2.087240296962000101e-04
7.286376057780148512e-04
1.506607996170699834e-03
5.579887571014528584e-03
3.714021741452685349e-03
3.162480333325427655e-04
4.762703355941657300e-03
1.466130170391628709e-03
4.977749873683771226e-03
1.081569972062099757e-03
1.896226184936999079e-03
2.796901451767927135e-02
6.297138243677514666e-03
7.589964716225612816e-06
4.540065383952770865e-03
1.629059178670791072e-02
9.792316995499414367e-03
3.631798861479244855e-02
4.696923661734455843e-03
0.000000000000000000e+00
0.000000000000000000e+00
1.216544497041889723e-02
1.311797908767185382e-03
9.234506722425720501e-05
8.361626024346703948e-04
3.418012621009629791e-03
2.023990590993496186e-05
3.081527164318172921e-03
4.311099422585138452e-01
1.462080004564847262e-02
1.264994119370919446e-06
0.000000000000000000e+00
3.509094183645157603e-03
2.529988238741870656e-06
1.264994119370919446e-06
3.288984710364431345e-05
6.552674503442572872e-04
0.000000000000000000e+00
7.792368740426572522e-04
3.851909576035385772e-03
4.026475288937285402e-03
7.830303668701854786e-04
0.000000000000000000e+00
2.708351913062942429e-03
2.656487650678970711e-05
3.162480333325427655e-04
6.324960666650855309e-04
1.783642204823157346e-03
3.679869879290730179e-03
2.560349090627114278e-03
2.523662771634742948e-03
5.059976477483740466e-06
0.000000000000000000e+00
1.693828615368171871e-03
1.085365947440614705e-03
1.317617974038801446e-02
1.295354474745957253e-03
5.035943575256430355e-03
2.330118174860785520e-03
3.104295072426042131e-03
4.843665958642598933e-03
3.162480333325427655e-04
6.008720577481328762e-03
9.070017766093141278e-04
1.036030680274957309e-03
4.187131528138114157e-03
5.617693569571407250e-19
3.162480333325441749e-04
5.566222380318747262e-05
1.122176432247007014e-02
7.638036975312581522e-03
1.396553507785499443e-03
2.611959956979151287e-02
8.281914513480669038e-03
5.740541327664470256e-03
7.880913363679998467e-04
3.783596914528243246e-03
5.419233317854428404e-03
1.177709525134300068e-03
4.948658981019827749e-03
6.868923033285572952e-04
1.264994119370919446e-06
1.011995295496748601e-05
1.849421551473366676e-02
1.591868798420462833e-02
5.992277143460099549e-03
9.109221164059525325e-03
7.450815363094001869e-04
1.927471440383458565e-02
3.213083077161370867e-03
1.896225688426842523e-03
1.422864541401102495e-02
3.087850645384400492e-03
3.219410530309157505e-03
4.766495855748871004e-03
2.421199240986157426e-03
2.909486474553155913e-05
6.805693187724867147e-04
3.162480333325427655e-04
5.059976477483741313e-06
2.309119768989512794e-02
2.201089767705000143e-04
6.324970596854693582e-06
5.059976477483741313e-06
4.933477065546644307e-05
6.388220302823000409e-04
4.949921492588242253e-03
8.095957398871427404e-04
8.032712658005000325e-04
9.689845024176854628e-04
0.000000000000000000e+00
