1.897392000000000053e+03
2.060866559857965967e+02
6.175956659527906289e+00
2.090755731406271423e+02
3.257957886615210352e+00
1.857462200797156554e-72
1.801579420743875351e-102
6.176475856196459446e+00
6.177731901903752210e+00
6.177809903086459720e+00
6.198159085819785474e+00
6.198994815211295695e+00
6.201021182385819230e+00
6.201301372248796184e+00
6.207401230778119228e+00
6.216055537844138001e+00
6.228861797291579627e+00
6.177585760973903994e+00
6.181838402558449630e+00
6.191162828043760058e+00
6.198080435750271455e+00
6.209816190794176904e+00
6.238647284917196778e+00
6.249624030613286862e+00
6.256539110324648156e+00
6.267875151905855091e+00
6.272160577052857455e+00
5.340874124056195216e-01
6.505418716784213018e+01
1.663750383862170423e+01
3.616938597557796528e-04
1.187720309661672192e-05
0.000000000000000000e+00
0.000000000000000000e+00
6.146830052571724679e+01
1.524790723652436668e+02
0.000000000000000000e+00
7.450647584129914236e+00
1.755022682799974421e+00
7.965007739196134935e+03
4.125055660359372212e+00
4.008348339003598576e-02
1.129708735784675355e+03
7.993827631559912161e-01
1.599801241774141847e+00
2.216551484833636110e+01
4.531566211115673148e+00
2.542208884435050442e-01
8.877632568002733482e-01
2.739663348508481366e+00
1.140847194597548153e+01
1.123066460107243980e+00
1.412692843628885839e+02
4.930809285922889273e+01
1.603205529580682409e+01
5.529830899458550419e+01
4.022694843173848511e+00
1.404762711801259911e+01
5.188148965748293762e+00
1.276318437151774621e+00
2.050658039461517390e+01
5.909910400969270450e-01
1.088178768880773220e+02
1.153998797911833485e+01
4.204239521457870055e+00
4.138910689992690095e+01
3.443566592668333204e+00
3.900482522777144911e+00
6.841732873055070829e-01
7.116751900264219444e+01
7.300335141208708079e-01
9.402870086712317388e+00
2.651896084373624873e+01
1.674039122193272533e+01
8.422716596965550140e-02
1.497720318032879916e-01
8.993831324493945431e+03
2.326644599787134560e+00
2.895363767010666223e+00
3.825356714594112528e-01
3.174903676618903020e-02
3.614460769570842363e-02
2.370104067283902022e-03
0.000000000000000000e+00
4.817772339594970532e+00
0.000000000000000000e+00
0.000000000000000000e+00
1.187654417341571733e+00
0.000000000000000000e+00
1.531740058677367600e+01
0.000000000000000000e+00
6.073055103903286745e-04
2.861787646016401149e-03
5.484425420398491572e-06
8.517965536723377795e+01
8.171010847826370993e-03
1.123868084766995324e-04
4.885054549443428762e+00
1.733134589249502924e-09
3.098617178789482693e-05
4.499697645740732211e-09
1.158784359218734217e+01
8.152258766363242027e-05
3.205982592271519707e+02
1.127291745714333598e-06
3.946587468463568782e-01
7.415176334000253178e+01
1.290264838418063225e-04
2.848728482278339809e-06
4.174269186872641058e+01
3.639266039869984751e-04
1.248947398729825125e+02
1.123908729841305660e-07
1.352242286891878716e-04
1.818958394610811118e-03
5.961418216309337659e+00
3.327525303604029344e-02
1.046151714935836436e-04
1.917127356406371453e-03
3.460521800505330048e-07
6.364052794136829118e-06
2.259962966894312103e+03
2.470479213495271369e-06
3.259777283849157772e-04
1.726910073913238375e+04
3.236501195207330123e-02
3.250099629259100564e-01
1.781944810979234717e+03
3.339645526067149071e-03
2.485735082558300502e-02
2.279848843315992329e-02
4.749083684682992024e-03
1.710209832575991813e-07
3.005327581575122919e-01
1.250562927595238664e-10
1.504840243900990367e-12
1.797956523253391333e-12
1.140249954248392841e-03
1.059357682803530788e-10
2.864730675227959433e-01
6.089538172125845250e+00
2.606986920076939006e-11
1.809644079784176667e-12
1.504528117300263767e-12
3.315439447562360887e-09
2.315147450022315810e-10
1.849635556356706624e-10
4.926397379544425060e-12
1.942355638633735941e-18
6.362730825051618617e-10
7.774797199349240846e-13
1.557889840018213167e-10
2.441110248168875611e-14
4.115785785514517975e-09
4.114267099349634433e-12
6.995140538993131870e-16
4.901046400087732614e-18
6.124140615890217346e-19
2.126677668847579582e-16
4.198874482787688315e-17
1.416145969498474698e-18
0.000000000000000000e+00
3.800857946179412750e+01
5.997318818357027936e+01
2.383196082583074300e-04
3.761132701374629312e-04
4.872920741587526751e-05
2.563339497915213925e-13
4.044914521330536395e-13
0.000000000000000000e+00
1.187551819530186137e+01
2.160543342688357304e-04
2.052633916161464178e+00
2.928869243764503291e-02
1.221687699489519552e-02
1.444622769497227566e+00
9.058030462819436715e-06
1.852096311649420458e-06
9.742603500121815455e-15
5.679625195164351414e-11
1.161313479656303806e-11
6.108870633776376997e-20
1.249081333479404212e-20
6.570556884130079395e-29
1.410279046617244625e-01
4.213276165530793239e-03
1.391043875221551041e+00
6.824335860717603564e-02
3.999870079188548324e-16
4.441381902467277206e-24
2.357486039798324899e-32
1.946554559938070328e-17
4.592838743194620701e-20
1.255734943122659005e-17
3.790655289847768045e-19
0.000000000000000000e+00
1.258555687757122498e-14
7.570234495288718609e-20
8.812273590604926327e-29
9.473254979619223740e-28
1.453773374643795741e-22
2.162017643220225605e-28
0.000000000000000000e+00
1.095838134639705160e-36
5.015837606215913741e-36
0.000000000000000000e+00
7.728324757946517158e-31
1.021997954330647361e-36
5.374789939425375676e-45
1.979509998047135479e-16
1.261608729844061704e-38
1.720227263431709908e-16
6.305997270241161245e-19
0.000000000000000000e+00
3.290813743846413255e-31
1.590183521677903093e-38
3.454102413732852296e-47
4.186522493910169390e-47
3.743031036892680699e-55
1.049213913680481570e-63
7.329848408783783163e-34
1.054292704124789542e-41
1.620297248429649150e-33
7.232413885990112439e-38
0.000000000000000000e+00
5.998354820950112298e+00
3.761110147530027925e-05
4.045365509165088117e-14
3.771920095999246875e-19
0.000000000000000000e+00
1.241969795675992089e-14
3.247433070464126672e-31
7.532291111165708143e-20
1.582004750440299822e-38
8.768168475062412661e-29
3.436635545813040187e-47
9.465322643834508546e-28
0.000000000000000000e+00
1.446311379704747381e-22
1.094774174080635046e-36
3.738963028044508379e-55
5.011626393556727835e-36
0.000000000000000000e+00
7.689950841057347612e-31
1.021037990224611376e-36
5.369844435499197448e-45
1.048228419732137293e-63
1.978083703283997639e-16
7.323887083120125264e-34
1.052990709254412418e-41
1.260065831024299514e-38
1.618653368846992524e-33
1.718387367028579074e-16
6.299454275635534706e-19
0.000000000000000000e+00
7.224035378962240016e-38
0.000000000000000000e+00
7.410423153586391296e-19
0.000000000000000000e+00
8.418220964133905316e-38
0.000000000000000000e+00
2.634166906066117094e-23
0.000000000000000000e+00
8.722089639362350473e-19
2.251147219852714513e-35
5.264701085926401697e-24
1.093930506361870860e-42
6.059047481345487201e-33
2.348389452464839295e-51
6.735402818306745388e-32
0.000000000000000000e+00
1.014692069981816475e-26
7.699387199022146401e-41
2.597711585536739707e-59
3.518160384950118922e-40
0.000000000000000000e+00
5.321934018387198274e-35
7.168942801357384041e-41
3.726362516165772517e-49
7.191095688555606238e-68
1.399244050657180399e-20
5.113713775624406853e-38
7.266513316411454762e-46
8.723435583502778017e-43
1.135958884507243459e-37
1.209693526946247133e-20
4.454536306238015221e-23
0.000000000000000000e+00
5.055325141010488818e-42
0.000000000000000000e+00
1.977388400578012185e-18
0.000000000000000000e+00
1.800311402958312587e-13
4.567086403066160450e-30
3.956699731907825110e-19
8.105738187970790972e-38
4.485898201386093367e-28
1.714001749663804961e-46
4.158534878698765408e-28
0.000000000000000000e+00
7.656886573484428412e-22
4.729924231422845868e-37
1.587737739749156458e-55
2.160039217100725754e-36
0.000000000000000000e+00
3.947488294719552878e-30
4.401345412136444094e-37
2.276999507691748799e-45
4.373982968539986219e-64
8.695469708055700416e-17
3.160288233077433359e-34
4.432960154241760681e-42
5.325668186070126673e-39
7.030604613760047685e-34
7.497699511001763442e-17
1.319877789719567858e-18
0.000000000000000000e+00
1.250304291691777403e-37
0.000000000000000000e+00
1.979138251354623565e-18
0.000000000000000000e+00
1.801882796392728097e-13
4.571136416196702513e-30
3.960197500039582572e-19
8.112997324131707169e-38
4.489918635158450335e-28
1.715558680771450131e-46
4.164442917409804586e-28
0.000000000000000000e+00
7.663628154754112832e-22
4.736701323330235322e-37
1.590032852791118442e-55
2.163137950549770984e-36
0.000000000000000000e+00
3.951019993385296990e-30
4.407659025121840915e-37
2.280293379938127029e-45
4.380362957256974235e-64
8.707818519036972148e-17
3.164818770757798154e-34
4.439396815614288693e-42
5.333385371553162255e-39
7.040649640247695794e-34
7.508387304358312986e-17
1.319975989425118569e-18
0.000000000000000000e+00
1.250412380230030667e-37
0.000000000000000000e+00
1.631598166821430074e-18
0.000000000000000000e+00
1.543753849694259666e-37
0.000000000000000000e+00
1.865562376602609644e-22
0.000000000000000000e+00
6.825756679037811043e-18
1.783619596880023719e-34
3.311846885416082414e-23
6.951780492717219949e-42
5.297731100097456626e-32
2.075655459937590999e-50
3.642448529549500294e-31
0.000000000000000000e+00
6.359866070623248161e-26
5.414308604849966156e-40
1.848388034676477434e-58
2.753768918052334218e-39
0.000000000000000000e+00
4.646005527532179023e-34
5.049074468132441627e-40
3.539164626958091091e-48
6.906039783984828875e-67
2.174623794532533951e-20
8.048557795754523813e-38
5.781752871435257389e-46
6.919846874489192635e-43
7.116188665855533178e-37
7.555481143449502900e-20
2.036763260805598525e-22
0.000000000000000000e+00
2.313303630266663821e-41
0.000000000000000000e+00
9.796741483624831124e-22
0.000000000000000000e+00
9.910333806113473428e-17
2.514083896724622555e-33
1.742499248772713833e-22
3.569702183677192868e-41
2.716371493777310101e-31
1.037894638719560286e-49
1.603333784245065264e-31
0.000000000000000000e+00
3.372032472938758882e-25
2.344659559865959568e-40
7.870577986654556413e-59
1.189726338773875791e-39
0.000000000000000000e+00
2.390358107733041853e-33
2.181792292436860281e-40
1.504975823202095315e-48
2.890969929067105628e-67
9.578744784289079900e-21
3.481305514489886961e-38
2.441505776831827171e-46
2.933175556893585210e-43
3.097752968224305396e-37
3.303559742608346374e-20
4.486923145356867693e-22
0.000000000000000000e+00
4.245314749145682797e-41
0.000000000000000000e+00
6.207943185555599779e-20
0.000000000000000000e+00
2.042579098091404205e-15
5.342556858274502737e-32
9.297338224044011089e-21
1.951459377694802993e-39
1.081931680676577363e-29
4.239761611329578319e-48
1.168500700802502012e-28
0.000000000000000000e+00
1.785461839028277526e-23
9.007351706801466133e-38
3.075534554829604934e-56
6.185570508929245415e-37
0.000000000000000000e+00
9.490571025490961905e-32
8.401396123674723061e-38
4.417429464749738183e-46
8.621050075970818401e-65
3.256208035889325567e-17
1.205302023945891058e-34
2.165177057996621379e-42
2.590862710233684168e-39
1.331838176022214223e-34
4.242046285706056224e-17
4.574252787990796703e-20
0.000000000000000000e+00
5.194950748992829060e-39
0.000000000000000000e+00
9.185615741126297601e-20
0.000000000000000000e+00
1.511906970876613301e-15
3.946119399820538945e-32
4.588891745839183014e-20
9.621425031556495925e-39
2.130676869080270904e-29
8.337288548678014110e-48
6.921607326443111400e-28
0.000000000000000000e+00
8.783158463130888013e-23
7.989806272581770207e-37
2.723842515971697701e-55
1.828501744732186274e-36
0.000000000000000000e+00
1.871361205813286404e-31
7.455274809879953456e-37
1.954081418344801422e-45
3.815624602683606330e-64
7.243443278097529764e-17
2.676363859497030289e-34
3.799134770177864524e-42
4.548468341713027720e-39
1.379004773346244836e-33
1.673866305613180542e-16
4.709370081680541457e-19
0.000000000000000000e+00
5.340946367240568966e-38
0.000000000000000000e+00
9.016039238140192564e-20
0.000000000000000000e+00
1.484288323083633822e-15
3.880295581160596448e-32
4.501826638544214542e-20
9.453673077938514465e-39
2.095530449439068193e-29
8.213184284611538504e-48
6.789281138958365059e-28
0.000000000000000000e+00
8.644648013877719250e-23
7.850093029990602484e-37
2.680949247555979162e-55
1.797016616897666365e-36
0.000000000000000000e+00
1.838117349715232160e-31
7.322104975372457294e-37
1.925136379574557760e-45
3.757356636525424106e-64
7.094136465576882280e-17
2.626117635288535182e-34
3.771857284601223903e-42
4.513797798955776913e-39
1.353366624212203865e-33
1.642073087554667828e-16
4.650300265029351859e-19
0.000000000000000000e+00
5.281916419066131195e-38
0.000000000000000000e+00
1.612668197090847936e-21
0.000000000000000000e+00
1.631362325838863714e-16
4.138432911269266319e-33
2.868395383596138869e-22
5.876157619501369780e-41
4.471442757503603168e-31
1.708477305625870574e-49
2.639328787121814987e-31
0.000000000000000000e+00
5.550852544729744419e-25
3.859592819522849365e-40
1.295583785943351678e-58
1.958441768352164727e-39
0.000000000000000000e+00
3.934819375904806999e-33
3.591509606904908576e-40
2.477353291088065127e-48
4.758793066211941166e-67
1.576806469165005793e-20
5.730679887624153304e-38
4.018765871211037941e-46
4.828077947721365891e-43
5.099078808284723668e-37
5.437866210444223827e-20
7.386096800837313566e-22
0.000000000000000000e+00
6.988336523153275019e-41
0.000000000000000000e+00
1.550883986341015743e-20
0.000000000000000000e+00
5.674405858647907394e-16
1.482761826174537076e-32
2.753213307545865879e-21
5.779167265112646562e-40
4.404119676815318470e-30
1.725536769877625239e-48
3.028051092049505736e-29
0.000000000000000000e+00
5.287101481147726109e-24
4.501036129917052655e-38
1.536605437713524936e-56
2.289269604230519898e-37
0.000000000000000000e+00
3.862325590527523159e-32
4.197408050780917467e-38
2.942184593260354132e-46
5.741137805290049792e-65
1.807814360859704323e-18
6.690945795381292884e-36
4.806495059615485039e-44
5.752618398687729589e-41
5.915847904997161775e-35
6.281042698399669357e-18
1.693207873960391470e-20
0.000000000000000000e+00
1.923101628728393054e-39
0.000000000000000000e+00
5.641391072889167461e-19
0.000000000000000000e+00
1.856099531904618445e-14
4.854889129160957717e-31
8.448821539587083604e-20
1.773304091957739560e-38
9.831750453350152918e-29
3.852729646756605827e-47
1.061865060506532129e-27
0.000000000000000000e+00
1.622522894085708394e-22
8.185242367138468273e-37
2.794796134548262545e-55
5.621031125633487706e-36
0.000000000000000000e+00
8.624363950591958674e-31
7.634624251865562442e-37
4.014219952100405352e-45
7.834060622549521503e-64
2.959063212199946716e-16
1.095299228879149582e-33
1.967538467871850658e-41
2.354361695332526475e-38
1.210288230968891889e-33
3.854911741543414191e-16
4.156821175458023511e-19
0.000000000000000000e+00
4.720816933439736611e-38
0.000000000000000000e+00
9.091114557662088272e-19
0.000000000000000000e+00
1.496350474606011488e-14
3.905472102608702890e-31
4.541698738053703368e-19
9.522371621323238375e-38
2.108726863581924807e-28
8.251304702826188936e-47
6.850431321424198921e-27
0.000000000000000000e+00
8.692631465330771254e-22
7.907552244493799111e-36
2.695767706856539939e-54
1.809674353777763704e-35
0.000000000000000000e+00
1.852099495393263569e-30
7.378543638770869819e-36
1.933927632634191558e-44
3.776283815162198858e-63
7.169033596117692646e-16
2.648835508756572539e-33
3.759745292173111421e-41
4.501323953207997552e-38
1.364818901579249235e-32
1.656651954075473609e-15
4.660973155499882781e-18
0.000000000000000000e+00
5.286047604392795423e-37
0.000000000000000000e+00
0.000000000000000000e+00
0.000000000000000000e+00
0.000000000000000000e+00
0.000000000000000000e+00
0.000000000000000000e+00
0.000000000000000000e+00
0.000000000000000000e+00
0.000000000000000000e+00
0.000000000000000000e+00
0.000000000000000000e+00
0.000000000000000000e+00
0.000000000000000000e+00
0.000000000000000000e+00
0.000000000000000000e+00
0.000000000000000000e+00
0.000000000000000000e+00
0.000000000000000000e+00
0.000000000000000000e+00
0.000000000000000000e+00
0.000000000000000000e+00
0.000000000000000000e+00
0.000000000000000000e+00
0.000000000000000000e+00
0.000000000000000000e+00
0.000000000000000000e+00
0.000000000000000000e+00
0.000000000000000000e+00
0.000000000000000000e+00
0.000000000000000000e+00
1.549724028152842159e+00
7.183297668334246398e-05
5.573182676843807748e+00
9.084159695944289581e+01
1.430052776451064267e-01
2.253900441300396462e+00
2.099516808895412012e+01
3.038860440240400904e-02
1.475222974667627440e+01
4.278839778204153177e+00
3.648106381105358850e-11
4.185157837984001539e+00
4.244344628558053063e-10
9.375313697788964074e-12
0.000000000000000000e+00
0.000000000000000000e+00
1.776606935459061983e-12
4.200440371789917159e-03
7.462525681764412532e-17
1.625523112152675509e+01
1.662647211645971538e+03
1.853459705843878647e+00
0.000000000000000000e+00
1.623615995963615433e+01
1.029674745757096721e+00
1.649863477525258748e+00
1.681983075367504341e-02
4.473665004605656415e-02
6.053240916185849301e+02
1.049541884787123962e+02
1.819557319930737549e+02
1.105046984023941718e-11
6.364937253554866281e+00
1.145692499784947529e+02
1.203235971260060779e+02
1.898916093039374431e+01
4.819610166870880619e+01
1.460892888918426584e-13
1.831150085450432616e-11
1.752040005873825950e-09
2.589556410844232354e-09
1.684568155363389863e+01
4.328573801238403576e-09
6.467211872568287001e-01
1.109850846038230449e-01
5.552264886145956424e-02
1.718764602410259386e+02
2.375034619272018386e-13
9.996339290082129082e+03
3.483187517433622649e+00
4.728762522866951090e-01
7.869182365839078042e-01
2.555264871503270285e+01
1.029957499926711512e-01
1.030021002003451036e+00
1.246918049672214401e+01
4.342900396810331354e-01
1.082923754210362716e-01
7.558933532897602059e-02
4.047247609373385124e+00
2.858576686047320514e+00
1.066677325192581793e-02
2.061148774002945459e+02
1.928594750881765307e+01
5.634275892618879900e-02
4.660022573861549167e-01
6.442016925738602851e-01
2.623777503550199786e-01
2.175187005822321140e+01
3.863091357214357719e-13
1.179098167427139499e-10
3.437661255236986904e+02
0.000000000000000000e+00
6.714955715540820336e+01
4.198680057419328904e+01
1.736001187969127955e+02
2.755858389484064919e-01
1.241584870935410034e+00
6.703027199578447437e+01
0.000000000000000000e+00
1.354795902342452770e-11
3.057782162407977111e+01
8.686101175259025335e-11
3.319964010244759733e-01
2.824045721898601145e-11
5.076164960365141775e-04
2.256857923359211274e-02
1.625002446210439544e-01
1.127926827479881531e-16
5.021399630013725218e-02
0.000000000000000000e+00
4.513359148826912581e-01
7.825494252020753772e-02
6.109112661375647235e+00
3.819863874768529399e+00
1.898922804487843408e+01
6.398627211743560995e-15
1.521315945187720475e-14
7.675289600771379319e-11
1.824528255449392170e-10
1.207243124463807885e-13
1.497378533692341352e-03
1.139168608817449878e-03
1.031873005867589609e-03
1.930011202187156549e-01
2.399954296368627706e-03
4.044822520160684665e-02
0.000000000000000000e+00
2.829604339690310481e-14
2.606146161423838289e-13
1.290265004838786781e-03
3.646785031309388593e-14
4.216995012153223161e-13
0.000000000000000000e+00
1.905676351771357529e-12
2.712789658453531802e-02
7.359441263576526531e-05
4.049862338982929068e-04
7.021859148535273252e-05
1.118196469194736267e+02
3.703922802793024438e+00
2.720947102460120615e-01
8.235227819765258417e+00
1.427866601141761560e+00
8.266357403006939109e+00
0.000000000000000000e+00
0.000000000000000000e+00
0.000000000000000000e+00
0.000000000000000000e+00
5.955240554219209770e+01
6.659010942786680687e+01
0.000000000000000000e+00
0.000000000000000000e+00
0.000000000000000000e+00
0.000000000000000000e+00
0.000000000000000000e+00
3.591319297914413559e-03
3.722877196798442864e-03
6.324960666650855309e-04
2.131514098119585525e-03
2.605887885904099952e-03
5.376216566653199691e-03
5.376216566653199691e-03
5.376216566653199691e-03
5.376216566653199691e-03
2.398428552421175489e-02
3.794982358112791161e-06
1.547719758889127585e-02
5.376216566653199691e-03
5.376216566653199691e-03
5.376216566653199691e-03
5.376216566653199691e-03
5.376216566653199691e-03
5.376216566653199691e-03
5.376216566653199691e-03
5.376216566653199691e-03
5.376216566653199691e-03
5.376216566653199691e-03
5.376216566653199691e-03
5.376216566653199691e-03
5.376216566653199691e-03
5.717773419555999964e-04
9.420411206955300182e-03
4.703248135821100177e-03
1.498765032630679922e-02
2.770337121422000162e-04
2.087240296962000101e-04
6.324960666650855309e-04
1.822856029503242600e-03
7.793623804342327509e-03
1.816533541457429190e-03
1.846891414280999236e-04
5.711447455939286030e-03
2.731122303721799770e-03
2.764013640355971000e-03
7.653219387295570999e-04
9.474820849393705662e-04
2.196030188436095751e-02
5.980890210344971467e-03
7.589964716225612816e-06
4.856313417285313197e-03
1.723933588670553338e-02
1.295479732882484289e-02
3.536924451479481896e-02
4.064427595069370312e-03
0.000000000000000000e+00
8.209806869615427893e-04
1.374668513708161149e-02
6.793018421020998506e-04
1.264992133330171062e-03
1.152410635767213594e-03
3.101764587677085724e-03
2.023990590993499574e-05
5.611511430978514611e-03
4.706409464250816965e-01
1.873202447897153247e-02
1.264994119370919446e-06
0.000000000000000000e+00
1.611605983649900577e-03
2.529988238741870656e-06
1.264994119370919446e-06
3.288984710364431345e-05
1.604011550341885584e-03
0.000000000000000000e+00
7.792368740426572522e-04
5.433149742698099166e-03
4.975219388934914132e-03
4.667823335376427673e-04
1.495222552586243083e-03
1.443359779732770933e-03
2.656487650678969017e-05
3.162480333325427655e-04
3.162480333325427655e-04
1.467394171490614581e-03
2.731125779293100582e-03
3.509093190624743876e-03
3.156158838299827612e-03
5.059976477483741313e-06
0.000000000000000000e+00
2.010076648700713335e-03
1.085365947440614705e-03
1.570616400704835658e-02
1.295354474745957253e-03
5.352191608588970952e-03
4.326299748655289268e-04
5.001783272421299158e-03
8.638642358633111251e-03
0.000000000000000000e+00
5.059976477483700032e-03
2.171993909939485407e-03
4.035346136098717242e-04
4.187131528138114157e-03
1.264992133330172363e-03
3.162480333325441749e-04
1.897488199995257894e-03
1.058926825580499241e-02
9.851773208640382182e-03
2.029049574450585407e-03
2.390586333646371395e-02
7.333170413483040308e-03
6.056789360997011720e-03
7.880913363679998467e-04
4.416092981193328777e-03
6.051729384519513935e-03
2.126453625131928798e-03
5.264907014352370948e-03
3.706442699960144755e-04
1.264994119370919446e-06
1.011995295496748601e-05
2.039170371472892596e-02
2.066240848419277631e-02
5.676029110127556350e-03
9.741717230724609988e-03
1.061329569641942302e-03
1.895846637050204245e-02
1.948090943831200022e-03
1.579977655094299757e-03
1.422864541401102322e-02
2.139106545386772196e-03
4.800650696971870898e-03
3.185255689086157176e-03
1.156207107655987014e-03
2.909486474553155913e-05
2.894305552100285422e-03
0.000000000000000000e+00
5.059976477483741313e-06
1.961246932323714928e-02
0.000000000000000000e+00
6.324970596854693582e-06
5.059976477483741313e-06
0.000000000000000000e+00
6.388220302823000409e-04
5.266169525920785452e-03
8.095957398871427404e-04
8.032712658005000325e-04
3.364884357525999318e-04
0.000000000000000000e+00
