1.897392000000000053e+03
4.937456779081393279e+02
7.604936826933879068e+00
1.740537817982674085e+02
3.879477785733966844e+00
1.554678516537365552e-70
1.459369386158394727e-102
7.607115170525642789e+00
7.611311134154560953e+00
7.611568827026492734e+00
7.650109889559764120e+00
7.651676137289725510e+00
7.655391310377519964e+00
7.655903554146734180e+00
7.666595136319551251e+00
7.681243869362078591e+00
7.702470424944240612e+00
7.610541825867112031e+00
7.620875691352689607e+00
7.638701213790182187e+00
7.650895188727938390e+00
7.670185764418119057e+00
7.717643299417519920e+00
7.736049613564098593e+00
7.747868592187332482e+00
7.768369477611489771e+00
7.776318439845539388e+00
7.094695190344681990e-01
6.897854161853079802e+01
1.508286916617020879e+01
4.481222793230161768e-04
1.175869382849404279e-05
0.000000000000000000e+00
0.000000000000000000e+00
5.729169082138101743e+01
1.525040957963832966e+02
0.000000000000000000e+00
9.736201199791452154e+00
1.502785406191111228e+00
7.970035416019434706e+03
3.275573965520803821e+00
3.396441411993395693e-02
1.128929873932179817e+03
7.440689004562018871e-01
1.501422809955507143e+00
1.874060351039814876e+01
3.809970279356978295e+00
2.549655974944680104e-01
8.902659307648151943e-01
2.749353517875798403e+00
1.140870640860184082e+01
1.121600762345017266e+00
1.412953907138827105e+02
4.924418821031997595e+01
1.601889784175743259e+01
5.529829371284065331e+01
4.022935652316887101e+00
1.404452920020730744e+01
5.210458209044336542e+00
1.275279779043962947e+00
2.040707642423619106e+01
5.945678548574439004e-01
1.088110169620173195e+02
1.158699152998050330e+01
4.204653423424023373e+00
4.151010118695229778e+01
3.443665525241886183e+00
3.900612387284982496e+00
6.841932411363333966e-01
7.116751032210842709e+01
7.300563170844779348e-01
9.402899884716438450e+00
2.651894927913738798e+01
1.674039715478003743e+01
8.382245264837666354e-02
1.497720318032879916e-01
8.993383560010835936e+03
1.845444253947085445e+00
2.897266311728694976e+00
3.243328034706204344e-01
3.188722930635511793e-02
3.631918017450390390e-02
2.371964775164438991e-03
0.000000000000000000e+00
4.989064319631323130e+00
0.000000000000000000e+00
0.000000000000000000e+00
6.098005540915959477e-01
0.000000000000000000e+00
1.540191398626134323e+01
0.000000000000000000e+00
6.018222087688624529e-04
2.861851685785961330e-03
5.432877892338986778e-06
8.664553478026641642e+01
8.235685833669310202e-03
1.067281907756671672e-04
4.797836564911693635e+00
1.616503452901571967e-09
3.093354810180749457e-05
4.516853711723980420e-09
1.230191208231402733e+01
8.218844046596374435e-05
3.362905675293495733e+02
1.122943043019237650e-06
3.934529682266579287e-01
6.336950379054005822e+01
1.092934723991141556e-04
2.318667782560126103e-06
4.592109706256367474e+01
3.263919212490284374e-04
1.176851510809742649e+02
8.619887701491319986e-08
1.030708943845043380e-04
1.384263315319881043e-03
6.557531287064444214e+00
2.785854440660560233e-02
6.058884445050847145e-05
1.231620936104968391e-03
1.160838067263883969e-07
2.408091923175284045e-06
2.259987003691676819e+03
8.287674248083726713e-07
1.060396153059122115e-04
1.758651223678186943e+04
1.072173414790993443e-02
1.076011368863269424e-01
1.915353288500465169e+03
1.167705878029297708e-03
8.898770431113910487e-03
7.545470132024706574e-03
1.126212248233916940e-01
1.342169448500010077e-06
3.582841710887235132e-01
1.376192316738939258e-10
1.787526869208208347e-12
2.185780888652477173e-12
4.276217365833332178e-04
1.331435626577667527e-10
1.144836401943876425e-01
6.089838209967383342e+00
1.926926996892785244e-11
2.174201330928803836e-12
1.132395131030984867e-12
2.672058898609528038e-09
2.909203043049948654e-10
1.505633114881772337e-10
4.575157564610833527e-12
1.699753030039030391e-18
6.454235167090445577e-10
8.649203151536092312e-13
1.735208155014321029e-10
1.817211364444379656e-14
3.635745676351952522e-09
3.642733261219734069e-12
6.212976588356268929e-16
4.941665717483266563e-18
6.174566314908806846e-19
2.666255397431433592e-16
3.202343211893947527e-17
1.328069889504168317e-17
0.000000000000000000e+00
2.352645903613151290e+01
4.446939685025077438e+01
2.137312178825720552e-04
4.040483914073741273e-04
4.984133534844178433e-05
2.315568380707457539e-13
4.376903793138672460e-13
0.000000000000000000e+00
1.349798987210553847e+01
2.160542857473262475e-04
2.093761658775379342e+00
2.957851392191597831e-02
8.101737536779169205e-03
5.534888774147904700e-01
5.028279389733977215e-06
1.172575869178314867e-06
5.447583740319480954e-15
4.568109255473806131e-11
1.065265922106347768e-11
4.949040371757152810e-20
1.154097627780397036e-20
5.361737041503230230e-29
1.821943826298844937e-01
4.383809844135660473e-03
1.372998141878330358e+00
3.460871978781895897e-02
3.856464500049516929e-16
7.182942581059552749e-24
3.382345160026695007e-32
1.983591136288266948e-17
5.760141851706279501e-20
8.438570181548433247e-18
3.341909449674273033e-19
0.000000000000000000e+00
7.650891699027277364e-15
7.574636779960010517e-20
7.684919270937862764e-29
1.364904458902150724e-27
1.450889103098858607e-22
3.574590891975702728e-28
0.000000000000000000e+00
1.592641144932399097e-36
6.428233482239708773e-36
0.000000000000000000e+00
6.847956858418733698e-31
1.488546243340478368e-36
6.924390208834015428e-45
2.292807880642956312e-16
2.363155937674338943e-38
1.100658845626674537e-16
5.422243161398609415e-18
0.000000000000000000e+00
1.989781755311980325e-31
1.596403928440248267e-38
3.029897137931905182e-47
7.600881399102343640e-47
5.772218804725221908e-55
1.500093548528095635e-63
8.199695255761678570e-34
1.658579930550760756e-41
7.191084137017347401e-34
5.686902731001169764e-36
0.000000000000000000e+00
4.447516738007064596e+00
4.040479071846639944e-05
4.377416219377233534e-14
3.324117754020654261e-19
0.000000000000000000e+00
7.541643820018031108e-15
1.961361189324882090e-31
7.533843461566074737e-20
1.587582082016497590e-38
7.643510847234889620e-29
3.013378605554475037e-47
1.363646915038752123e-27
0.000000000000000000e+00
1.442855690307677882e-22
1.590960183772132666e-36
5.765432697834784740e-55
6.422475783358997406e-36
0.000000000000000000e+00
6.811212929786036172e-31
1.487038364016221834e-36
6.917626087002953621e-45
1.498589673141700933e-63
2.291056917102128990e-16
8.192762070222439048e-34
1.656902886079121661e-41
2.360681722876460703e-38
7.180642802814240428e-34
1.099334073416477807e-16
5.416179982111765711e-18
0.000000000000000000e+00
5.679717731279179977e-36
0.000000000000000000e+00
6.401254996248936730e-18
0.000000000000000000e+00
6.637247523567400393e-36
0.000000000000000000e+00
2.333154126152545395e-23
0.000000000000000000e+00
5.361041588970097911e-19
1.376090997345900010e-35
5.284306024129966463e-24
1.100642512095218051e-42
5.309983892095387940e-33
2.065948473268932300e-51
9.652648601908799647e-32
0.000000000000000000e+00
1.013104224454803596e-26
1.112996049857214264e-40
3.984136499216332438e-59
4.491298688133618977e-40
0.000000000000000000e+00
4.724414989093183047e-35
1.039808330583983699e-40
4.782115659147402353e-49
1.023067564832815694e-67
1.618550361293181559e-20
5.720008518727941717e-38
1.182810467529558558e-45
1.678464176292398133e-42
4.878564129280645656e-38
7.686559200603929257e-21
3.816824943044644699e-22
0.000000000000000000e+00
3.952986320421408494e-40
0.000000000000000000e+00
1.912636545498019584e-18
0.000000000000000000e+00
1.220641721693416712e-13
3.080009467958411932e-30
4.327101674439032329e-19
8.877397832089471612e-38
4.296129574258505647e-28
1.644151068582717430e-46
6.338465946313221640e-28
0.000000000000000000e+00
8.306221570446785802e-22
7.272185680250194218e-37
2.589989668709036465e-55
2.934885629238419380e-36
0.000000000000000000e+00
3.815004565618429342e-30
6.793431029421915735e-37
3.110184029948748031e-45
6.620757887986827049e-64
1.071907326128112397e-16
3.768559549531719596e-34
7.795420901734174728e-42
1.103809878015690489e-38
3.176459505252462920e-34
5.066506454827768626e-17
1.136212545240867917e-17
0.000000000000000000e+00
9.638216121316447048e-36
0.000000000000000000e+00
1.914321591924613322e-18
0.000000000000000000e+00
1.221694056782374620e-13
3.082706687060571722e-30
4.330917410639099713e-19
8.885335871084950150e-38
4.299960765828604815e-28
1.645640350607553994e-46
6.347510645096141686e-28
0.000000000000000000e+00
8.313537482290561613e-22
7.282651647917279054e-37
2.593750507532817300e-55
2.939110034188632906e-36
0.000000000000000000e+00
3.818412909314713172e-30
6.803210744980074901e-37
3.114698262074761383e-45
6.630454975623371343e-64
1.073431660534056262e-16
3.773965158023720651e-34
7.806476694899036813e-42
1.105380245185093825e-38
3.181108272807822462e-34
5.073766604841844780e-17
1.136298958909047015e-17
0.000000000000000000e+00
9.639085627761617993e-36
0.000000000000000000e+00
1.416761788678667542e-17
0.000000000000000000e+00
1.200125529641564028e-35
0.000000000000000000e+00
9.360727986093583091e-23
0.000000000000000000e+00
2.360342322928684466e-18
6.134709224083204835e-35
1.885927153342572401e-23
3.971752669013370331e-42
2.629476985386183315e-32
1.036200386293459420e-50
2.986792575962781286e-31
0.000000000000000000e+00
3.611871441463059141e-26
4.478432143242715737e-40
1.622265897209348405e-58
2.008728985967977076e-39
0.000000000000000000e+00
2.342774887794228624e-34
4.185575703910101841e-40
2.595198937127201113e-48
5.619763196840973101e-67
1.433719570177983162e-20
5.125333074434067714e-38
5.184831758896626909e-46
7.386760792062764249e-43
1.795152394106957298e-37
2.750927832807665384e-20
1.001382209570883443e-21
0.000000000000000000e+00
1.038029746118067403e-39
0.000000000000000000e+00
5.393558587539068309e-22
0.000000000000000000e+00
3.824566127434609396e-17
9.650415158628846929e-34
1.084650551376887475e-22
2.225247936505175446e-41
1.480711615313641941e-31
5.666790084778459176e-50
1.390980142908467048e-31
0.000000000000000000e+00
2.082074449555501355e-25
2.051841755167799679e-40
7.307675080910192381e-59
9.200891095950818175e-40
0.000000000000000000e+00
1.314893218364428693e-33
1.916771698400373480e-40
1.170054313900516737e-48
2.490735555618131027e-67
6.720877376743946525e-21
2.362893211545150399e-38
2.443752798031024642e-46
3.460285810142782247e-43
7.966195156601280791e-38
1.270621696357530193e-20
2.217601339164526481e-21
0.000000000000000000e+00
1.878489845780632466e-39
0.000000000000000000e+00
5.439377314540638160e-20
0.000000000000000000e+00
1.233314643234246950e-15
3.208527097942936495e-32
9.245351369365434528e-21
1.946949614200853088e-39
9.377219241682988421e-30
3.696004140837801483e-48
1.673390343218933601e-28
0.000000000000000000e+00
1.770766589490014119e-23
1.301166460411586019e-37
4.714108677343262166e-56
7.879845755867760473e-37
0.000000000000000000e+00
8.357080126531509454e-32
1.216301541174126149e-37
5.656907618968404165e-46
1.225154395323155492e-64
3.749139453849633001e-17
1.340377165961049807e-34
3.389291235018136643e-42
4.828107367749128734e-39
5.869611552871268249e-35
2.697498341957358587e-17
3.927702469674284213e-19
0.000000000000000000e+00
4.071240897142728512e-37
0.000000000000000000e+00
8.245887682339784509e-20
0.000000000000000000e+00
9.360857515273078474e-16
2.430053297329590519e-32
4.674256974772306918e-20
9.831418562474772491e-39
1.892074842532131885e-29
7.444394421828596329e-48
1.014161210881250238e-27
0.000000000000000000e+00
8.919219298970751495e-23
1.180860328699162918e-36
4.271400524101748903e-55
2.383705634056739079e-36
0.000000000000000000e+00
1.687600338417165087e-31
1.104438833023319128e-36
2.560773399087564070e-45
5.548107978215800603e-64
8.536729789869409861e-17
3.047150921247135759e-34
6.117417454364409843e-42
8.711087380729853539e-39
6.193471477172940699e-34
1.088634436334839418e-16
4.136952578954162613e-18
0.000000000000000000e+00
4.280909453830155272e-36
0.000000000000000000e+00
7.221945925506851825e-20
0.000000000000000000e+00
8.192863409253113743e-16
2.130315784214570736e-32
4.092549835409844098e-20
8.622606822875055690e-39
1.660368380963467226e-29
6.545521220598374213e-48
8.889000404214629181e-28
0.000000000000000000e+00
7.838005983015209238e-23
1.036744220456558678e-36
3.756898024986468036e-55
2.092895023206835260e-36
0.000000000000000000e+00
1.479720621576099985e-31
9.691353447417202446e-37
2.253867541007302970e-45
4.881725418403974982e-64
7.467451841163641965e-17
2.669899049443832055e-34
5.396803123975893318e-42
7.688751293201119476e-39
5.453868204194498002e-34
9.546538564883107502e-17
3.650579196002233928e-18
0.000000000000000000e+00
3.784464425215639095e-36
0.000000000000000000e+00
8.662744243787994429e-22
0.000000000000000000e+00
6.142765907109477190e-17
1.549965171400895941e-33
1.742096585538688324e-22
3.574007663254974724e-41
2.378186689752315593e-31
9.101420943179580238e-50
2.234101110246106021e-31
0.000000000000000000e+00
3.344098749194201078e-25
3.295473735789451145e-40
1.173681678274201502e-58
1.477768629565128202e-39
0.000000000000000000e+00
2.111873465159338311e-33
3.078554537677136275e-40
1.879218977455628833e-48
4.000306854230954129e-67
1.079468473975304636e-20
3.795096195535047161e-38
3.924838288838033323e-46
5.557437143278352643e-43
1.279369448052843540e-37
2.040677753945232879e-20
3.561745471765426851e-21
0.000000000000000000e+00
3.017066623010081730e-39
0.000000000000000000e+00
7.592638368445088028e-21
0.000000000000000000e+00
1.914512791733225586e-16
4.975959395779952530e-33
1.529706264444911704e-21
3.221550252884695119e-40
2.132809836194243306e-30
8.404777340137063647e-49
2.422636041894795194e-29
0.000000000000000000e+00
2.929647828343869810e-24
3.632526781212429716e-38
1.315844539801087860e-56
1.629311646539464851e-37
0.000000000000000000e+00
1.900260786239319799e-32
3.394985876077805718e-38
2.105005204537985129e-46
4.558272164604929861e-65
1.162913233637945797e-18
4.157238848790690050e-36
4.205501999416694299e-44
5.991522267257108012e-41
1.456074390666561599e-35
2.231321195466506160e-18
8.122372828089904803e-20
0.000000000000000000e+00
8.419623470436753014e-38
0.000000000000000000e+00
4.943003743870703401e-19
0.000000000000000000e+00
1.120732493687452279e-14
2.915691245189132319e-31
8.401631812918948515e-20
1.769215525640789524e-38
8.521351594990935632e-29
3.358629186654088623e-47
1.520676900736759929e-27
0.000000000000000000e+00
1.609174414271515755e-22
1.182405885494539155e-36
4.283791134877790662e-55
7.160673165609524151e-36
0.000000000000000000e+00
7.594363383792544349e-31
1.105292328648421911e-36
5.140561166415708213e-45
1.113312319483834484e-63
3.407016583996904801e-16
1.218050020860735576e-33
3.080021389834397096e-41
4.387511009984250330e-38
5.333771336407776634e-34
2.451311078780860428e-16
3.569265444213862055e-18
0.000000000000000000e+00
3.699650967378899224e-36
0.000000000000000000e+00
8.161097026181287886e-19
0.000000000000000000e+00
9.264646269822000894e-15
2.405049563820892307e-31
4.626203423804842014e-19
9.730230283895847167e-38
1.872593292694594360e-28
7.367643591035423162e-47
1.003727617419395498e-26
0.000000000000000000e+00
8.827297165194139129e-22
1.168697810079399649e-35
4.227352999404142373e-54
2.359153665264090504e-35
0.000000000000000000e+00
1.670233780425778372e-30
1.093067517351943276e-35
2.534353915501101038e-44
5.490879639519445792e-63
8.449021621657524244e-16
3.015808776415020584e-33
6.054203376520316986e-41
8.621041575546921691e-38
6.129551034362791258e-33
1.077430683281827926e-15
4.094431177803322331e-17
0.000000000000000000e+00
4.236897511680779958e-35
0.000000000000000000e+00
0.000000000000000000e+00
0.000000000000000000e+00
0.000000000000000000e+00
0.000000000000000000e+00
0.000000000000000000e+00
0.000000000000000000e+00
0.000000000000000000e+00
0.000000000000000000e+00
0.000000000000000000e+00
0.000000000000000000e+00
0.000000000000000000e+00
0.000000000000000000e+00
0.000000000000000000e+00
0.000000000000000000e+00
0.000000000000000000e+00
0.000000000000000000e+00
0.000000000000000000e+00
0.000000000000000000e+00
0.000000000000000000e+00
0.000000000000000000e+00
0.000000000000000000e+00
0.000000000000000000e+00
0.000000000000000000e+00
0.000000000000000000e+00
0.000000000000000000e+00
0.000000000000000000e+00
0.000000000000000000e+00
0.000000000000000000e+00
0.000000000000000000e+00
1.563908735111871007e+00
7.183297972456852132e-05
6.082017386134204173e+00
8.477510697779545978e+01
8.139608026866727852e-02
1.537096070402887982e+00
2.087026243967784112e+01
3.142553919140831514e-02
1.443472855146046641e+01
4.354423245103098417e+00
2.904640092442555574e-10
3.803613875146173218e+00
4.243037235398951845e-10
7.535276512725460621e-11
0.000000000000000000e+00
0.000000000000000000e+00
1.091064699830767535e-12
4.200440994801543822e-03
4.582951075377630950e-17
1.556986476139369913e+01
1.622233860928047534e+03
1.899169956430523332e+00
0.000000000000000000e+00
2.142550577259420308e+01
1.134355392531297912e+00
1.741929244213244354e+00
2.604225825784039355e-02
6.994181759901328677e-02
5.615134011671818826e+02
1.179680216829766977e+02
2.478569055603568927e+02
1.218979662191597996e-11
7.624194791971419249e+00
1.372361096707761305e+02
1.177624999562487744e+02
2.226225971707651752e+01
5.649791653993229801e+01
9.897631725736006306e-14
1.489855677988036848e-11
1.370263788105528002e-09
2.401482678441265620e-09
1.165946388492677777e+01
2.619488280703222850e-09
6.467212073398667105e-01
2.204848720703118936e-01
1.103306805340944358e-01
3.117943796452232732e+02
1.456292214968261522e-13
9.996331205725426116e+03
3.470990976340166956e+00
4.783573086393454465e-01
8.300565432694197998e-01
2.690762103632645363e+01
1.037296254998593265e-01
1.037381445374721212e+00
1.184972105213314286e+01
4.112616860764317095e-01
9.933219803069012754e-02
1.308128737577529122e-01
2.439944141075216955e+00
3.139483294438362382e+00
1.074429445502839836e-02
1.958747280431440458e+02
1.845361395824134831e+01
3.099737869085938263e-02
4.966052182256133762e-01
7.734038988572181639e-01
1.539301329554148556e-01
2.097567062146768535e+01
2.288206642645484653e-13
7.009978330115748084e-11
3.404908180966501732e+02
0.000000000000000000e+00
4.826212228920935132e+01
3.692345572710549106e+01
2.079499561683178968e+02
1.628404803489282848e-01
7.403520955506872614e-01
7.163764830907345527e+01
0.000000000000000000e+00
2.346800522804897032e-11
2.469373608099840922e+01
5.633574743591114506e-10
2.886764779318626850e-01
1.966791451625639224e-10
3.017120485205140911e-04
1.538740607891931483e-02
2.144429743737246707e-01
6.758645417055958648e-17
4.928300524112094044e-02
0.000000000000000000e+00
6.545539326663342150e-01
1.375149174500785165e-01
5.981032581952156590e+00
4.575857692151525491e+00
2.226239167738846447e+01
5.082338210713336145e-15
1.234676424584679358e-14
7.038194728693752875e-11
1.709609923677512405e-10
7.082768284191995518e-14
1.509430569382865916e-03
1.137900757710197603e-03
1.039505250425615170e-03
1.847226748714398681e-01
2.575834539036224446e-03
5.163298327452042757e-02
0.000000000000000000e+00
1.977496683287701134e-13
1.691575962084934097e-12
7.678525025089544438e-04
2.982764731860059444e-13
4.090785176140625743e-13
0.000000000000000000e+00
1.857348154088192856e-12
4.017279864047015869e-02
1.613877858588072328e-04
8.238310478783598262e-04
1.730782271025472292e-04
1.159738132007377800e+02
3.336723805052657976e+00
3.033202266325753516e-01
8.515871495069681885e+00
1.789096992503503181e+00
4.886758045451794708e+00
0.000000000000000000e+00
0.000000000000000000e+00
0.000000000000000000e+00
0.000000000000000000e+00
5.840695931607790925e+01
6.773555565398834233e+01
0.000000000000000000e+00
0.000000000000000000e+00
0.000000000000000000e+00
0.000000000000000000e+00
0.000000000000000000e+00
8.018791764570012276e-03
3.090381130133357333e-03
1.358602194673728079e-03
2.447762131452128290e-03
2.605887885904099952e-03
5.376216566653199691e-03
5.376216566653199691e-03
5.376216566653199691e-03
5.376216566653199691e-03
2.524927765754192768e-02
3.794982358112791161e-06
1.104972512223567453e-02
5.376216566653199691e-03
5.376216566653199691e-03
5.376216566653199691e-03
5.376216566653199691e-03
5.376216566653199691e-03
5.376216566653199691e-03
5.376216566653199691e-03
5.376216566653199691e-03
5.376216566653199691e-03
5.376216566653199691e-03
5.376216566653199691e-03
5.376216566653199691e-03
5.376216566653199691e-03
5.717773419555999964e-04
9.420411206955300182e-03
4.703248135821100177e-03
1.498765032630679922e-02
2.770337121422000162e-04
2.087240296962000101e-04
7.286376057780148512e-04
8.741119295056145200e-04
2.733655271021644129e-03
2.765277641455057486e-03
3.162480333325427655e-04
5.711447455939286030e-03
1.782378203724173209e-03
4.977749873683771226e-03
7.653219387295570999e-04
1.579978151604457832e-03
3.208023895100232947e-02
4.083402010349714874e-03
0.000000000000000000e+00
5.488809483950397861e-03
2.577803278668418241e-02
6.313588628841443513e-03
4.675417371476636719e-02
1.007314022838768502e-02
6.906862926662428372e-04
8.209806869615427893e-04
1.374668513708161149e-02
2.260542008764813461e-03
1.264992133330171062e-03
1.468658669099755926e-03
2.785516554344542959e-03
2.023990590993499574e-05
2.765279130985629288e-03
4.779146511917301554e-01
1.303955987898575662e-02
1.264994119370919446e-06
0.000000000000000000e+00
3.825342216977700369e-03
2.529988238741870656e-06
1.264994119370919446e-06
3.491378804361870789e-04
3.390194170117145759e-04
0.000000000000000000e+00
1.095484907375200018e-03
5.749397776030642365e-03
2.761483155607114773e-03
7.830303668701854786e-04
1.495222552586243083e-03
3.024599946395484761e-03
0.000000000000000000e+00
0.000000000000000000e+00
3.162480333325427655e-04
2.732386304820785643e-03
8.423590379278870360e-03
2.876597123959658345e-03
2.523662771634742948e-03
0.000000000000000000e+00
6.324960666650855309e-04
3.591316815363427596e-03
2.350358080770785767e-03
1.254368367372292806e-02
9.791064414134144876e-04
5.984687675254056483e-03
7.488780081980716923e-04
8.905588390982428814e-04
9.587386458630740849e-03
0.000000000000000000e+00
4.427480410818615368e-03
1.223249809941856893e-03
1.036030680274957309e-03
5.768371694800827551e-03
9.487440999976297059e-04
1.581240166662713827e-03
4.166886657126243031e-03
1.153801235580261333e-02
1.111676534197055324e-02
2.029049574450585407e-03
2.959832793644948459e-02
8.598162546813212237e-03
7.005533460994641318e-03
1.555952697029143700e-04
2.202356747865529419e-03
6.367977417852056267e-03
0.000000000000000000e+00
6.213651114349999678e-03
1.003140336661100061e-03
1.264994119370919446e-06
1.011995295496748601e-05
1.975920764806383956e-02
1.591868798420462833e-02
8.838509443452984005e-03
7.844229030729352528e-03
4.288335029768574214e-04
1.895846637050204245e-02
2.264338977163742571e-03
1.263729621761756992e-03
7.271188680695083242e-03
2.771602612051857727e-03
2.586914463644071540e-03
4.450247822416328672e-03
3.369943340983786156e-03
2.909486474553155913e-05
2.261809485435200759e-03
3.162480333325427655e-04
5.059976477483741313e-06
2.150995752323241542e-02
9.487440999976282964e-04
6.324970596854693582e-06
5.059976477483741313e-06
4.933477065546644307e-05
6.388220302823000409e-04
4.949921492588242253e-03
8.095957398871427404e-04
4.870232324679572128e-04
3.364884357525999318e-04
0.000000000000000000e+00
