1.897392000000000053e+03
2.394492729446361068e+02
8.246248111455132701e+00
1.400416016223775273e+02
4.929023460416349423e+00
7.114855960672088138e-76
1.864719634265022790e-102
8.240458325534751438e+00
8.230953855921281814e+00
8.230375495239224293e+00
8.174014957704308415e+00
8.171754106121079886e+00
8.166538489716270277e+00
8.165822031814006010e+00
8.151744626233751845e+00
8.133416760879423890e+00
8.107753820733615058e+00
8.233006303235470114e+00
8.213772076111959919e+00
8.187236669090884433e+00
8.170710758203485469e+00
8.146390021948040072e+00
8.089390953816044671e+00
8.067518087750414679e+00
8.053553903447559392e+00
8.029630302723962387e+00
8.020402878669676383e+00
7.138061602602239208e-01
6.849788701579322492e+01
1.416371798914700086e+01
2.444866531343707280e-04
1.190395265254816548e-05
0.000000000000000000e+00
0.000000000000000000e+00
5.498038623789730650e+01
1.525834259616232202e+02
0.000000000000000000e+00
8.398886997277985600e+00
1.692077869504877929e+00
7.969178893506675195e+03
3.368733010024469010e+00
3.466131427306653329e-02
1.129003172654628997e+03
6.511804366250125709e-01
1.510488982956060600e+00
1.911567956032313020e+01
3.912394454671953348e+00
2.548693962545708902e-01
8.896627163652045533e-01
2.747005482524289999e+00
1.140865482390315933e+01
1.122033937382425073e+00
1.412887855465571931e+02
4.925822100321964570e+01
1.602209375306961903e+01
5.529829661314563083e+01
4.022944189188825348e+00
1.404529637929122288e+01
5.205567959375575704e+00
1.275798815404208586e+00
2.043231940816899694e+01
5.937824817106940323e-01
1.088125249556904635e+02
1.157637021530016952e+01
4.204804270424369328e+00
4.148349799627633416e+01
3.443644713598724039e+00
3.900586489147718883e+00
6.841893085488492954e-01
7.116751188017909158e+01
7.300518150092879521e-01
9.402893984162798091e+00
2.651895161230892128e+01
1.674039600015965945e+01
8.392890454495008368e-02
1.497720318032879916e-01
8.992977131150493733e+03
1.902524597105093473e+00
2.898740083996078187e+00
3.346559436295668544e-01
3.186664837594744421e-02
3.629821391183987722e-02
2.372839890968590423e-03
0.000000000000000000e+00
5.344466328298238089e+00
0.000000000000000000e+00
0.000000000000000000e+00
7.076467954675329519e-01
0.000000000000000000e+00
1.608088981524686645e+01
0.000000000000000000e+00
6.063236870273063309e-04
2.861797795768186714e-03
5.473660291206017739e-06
8.866040288126477265e+01
8.487040943513692037e-03
1.747338627237919508e-04
4.843097671376970226e+00
2.671517318883483963e-09
3.857807613300812360e-05
5.881320574834375995e-09
7.737442560185733065e+00
8.463113339356199418e-05
3.239113992711186825e+02
1.770814317276938907e-06
3.973770444439206906e-01
6.655076876994061763e+01
1.154725317677202388e-04
3.216294498502945897e-06
3.366835784841990886e+01
3.317751783236877125e-04
1.208808621258280738e+02
1.228149226713045935e-07
1.586469856952670249e-04
2.147037161045162092e-03
4.808186190803076521e+00
3.159993092910851759e-02
1.457571360215537148e-04
2.145179348712016390e-03
6.717536225262414264e-07
9.885993780524647732e-06
2.259948929685499934e+03
4.795634435915137741e-06
4.507566755827293182e-04
1.737846357560540127e+04
4.503609920634803199e-02
4.497200315685557226e-01
1.766808522192262444e+03
4.578663163209401032e-03
3.305418801869770135e-02
3.145791829013330765e-02
3.786177801843788188e-02
1.881278915930182099e-06
4.250818374761319296e-01
6.906858191546207280e-11
2.162797309836858592e-12
2.765701785022435779e-12
1.423779393301186124e-03
1.033183461972194519e-10
2.349415942537580737e-01
6.097628926230894919e+00
2.045933243634921326e-11
2.311916631475445069e-12
1.076226332315316189e-12
2.093385411181292880e-09
2.389014821616304062e-10
1.112113934954328543e-10
2.697249147261321271e-12
1.029292170518524908e-18
2.832186138290095342e-10
4.851170107355597852e-13
9.736586461432674833e-11
2.071267453564723804e-14
3.669387758556723512e-09
3.679651011303929707e-12
7.635875906605355105e-16
4.864731033635684210e-18
6.078372118973335799e-19
2.474851080011744734e-16
1.931825864929521916e-16
2.205314210198600827e-17
0.000000000000000000e+00
3.330973515820776498e+01
5.989871666054079924e+01
2.196989052205363833e-04
3.951356108849545640e-04
4.904438492070389242e-05
2.344787746174639807e-13
4.216641887852215639e-13
0.000000000000000000e+00
1.420416854401128859e+01
2.160542589624192187e-04
3.853608381450829956e+00
2.912126612358958977e-02
1.146580662869775558e-02
1.109523466161589367e+00
7.318015748595074547e-06
1.633632814411128552e-06
7.810231965087227847e-15
4.826771798825792513e-11
1.077501479778636945e-11
5.151424741307965721e-20
1.149975182817027282e-20
5.497914128735892323e-29
2.017573468469412157e-01
1.485027104450424573e-02
1.137763773014135671e+00
2.592693431167408802e-02
4.328266141766819389e-16
4.972603473101220585e-24
2.383112402777837430e-32
1.960831706368791795e-17
5.345489676813909945e-20
5.518103874995099980e-17
3.732816013231147649e-19
0.000000000000000000e+00
1.191848918016600027e-14
8.081562185724173499e-20
8.697037999374653246e-29
9.765823203676761197e-28
1.422812395367533970e-22
2.435701837605897758e-28
0.000000000000000000e+00
1.122459620435273024e-36
4.675269243149068446e-36
0.000000000000000000e+00
6.821847638856377462e-31
1.039342733863139712e-36
4.970249667406020832e-45
2.385231903166551730e-16
1.863737156532137615e-38
1.384457077324172520e-15
8.711967368783366113e-18
0.000000000000000000e+00
3.473122243942611878e-31
1.694095409457579798e-38
3.387772102411877022e-47
4.770013785627934150e-47
3.834274417714336773e-55
9.823724872422455235e-64
8.260128731055078044e-34
1.428258899989646473e-41
5.320973101320901821e-32
1.632982745261828965e-35
0.000000000000000000e+00
5.990800705383654723e+00
3.951358138801964906e-05
4.217134442177415394e-14
3.711594519959402079e-19
0.000000000000000000e+00
1.173665428368143274e-14
3.420152697611666138e-31
8.035064091942021620e-20
1.684144564491577956e-38
8.647110577932625058e-29
3.368164351977672256e-47
9.756891757175272823e-28
0.000000000000000000e+00
1.414469519198629924e-22
1.121293715521950197e-36
3.829880188222480266e-55
4.671048326294389170e-36
0.000000000000000000e+00
6.782904460947695702e-31
1.038300741807326377e-36
4.965386844576295994e-45
9.813909469375053215e-64
2.383327293324335300e-16
8.252879929660891613e-34
1.426575986444875568e-41
1.861541695242377923e-38
5.314444192589729756e-32
1.382831819110713647e-15
8.703606703807537706e-18
0.000000000000000000e+00
1.631394132874663711e-35
0.000000000000000000e+00
1.006223212767604056e-17
0.000000000000000000e+00
1.884084412041046296e-35
0.000000000000000000e+00
2.600595068914251857e-23
0.000000000000000000e+00
8.314961763379965383e-19
2.397332430725056960e-35
5.625886200938080660e-24
1.167405484481412146e-42
6.002031231896721680e-33
2.314332492419489156e-51
6.930558727678202315e-32
0.000000000000000000e+00
9.945214855777697176e-27
7.872980656117039184e-41
2.657405336262035579e-59
3.278433474049472018e-40
0.000000000000000000e+00
4.711584868539295065e-35
7.284456265219462225e-41
3.445535618904873316e-49
6.731003352855570854e-68
1.684167522456329081e-20
5.762824868164355085e-38
9.973066010128177590e-46
1.303672441530724202e-42
3.678311960005898186e-36
9.695020532617530746e-20
6.191686691571458428e-22
0.000000000000000000e+00
1.159342203705545696e-39
0.000000000000000000e+00
2.257795751256499220e-18
0.000000000000000000e+00
2.000016924491751066e-13
5.681972353765887521e-30
4.878212393760296676e-19
9.992388417423296776e-38
5.147993624966708408e-28
1.960199422584228712e-46
4.786271885167066845e-28
0.000000000000000000e+00
8.673357228392973502e-22
5.410640128182348196e-37
1.817379037656635207e-55
2.253349889777624757e-36
0.000000000000000000e+00
4.048530917354283306e-30
5.005003922929276092e-37
2.357234872958550162e-45
4.583745332671977541e-64
1.171311446419274396e-16
3.987389490569152494e-34
6.846244215464045376e-42
8.952313737230423051e-39
2.534548901743975243e-32
6.716261469385776857e-16
2.076702710640180353e-17
0.000000000000000000e+00
3.628109518598885196e-35
0.000000000000000000e+00
2.259794614882779378e-18
0.000000000000000000e+00
2.001754474128930333e-13
5.686974439063031395e-30
4.882535576308025506e-19
1.000135071739419603e-37
5.152602652423773493e-28
1.961975508672579490e-46
4.793091523834398940e-28
0.000000000000000000e+00
8.681004259606772323e-22
5.418414218918697889e-37
1.820012778837614037e-55
2.256587976719675484e-36
0.000000000000000000e+00
4.052150737255401459e-30
5.012198991686725312e-37
2.360650186174603106e-45
4.590442642687726662e-64
1.172978622480861872e-16
3.993114312145291029e-34
6.856108620072043915e-42
8.965198919575927864e-39
2.538212019654989846e-32
6.725878285335420363e-16
2.076852854200099226e-17
0.000000000000000000e+00
3.628386496162988309e-35
0.000000000000000000e+00
2.503138287446315745e-17
0.000000000000000000e+00
4.371361193742941207e-35
0.000000000000000000e+00
1.467521309241225096e-22
0.000000000000000000e+00
5.157210698122142159e-18
1.501992278099662759e-34
2.824154215278271447e-23
5.916084610738904948e-42
4.176853404771269113e-32
1.626376440010292272e-50
3.001133485804670975e-31
0.000000000000000000e+00
4.972069145769642897e-26
4.432593781478895972e-40
1.513395106468782647e-58
2.051646215209886941e-39
0.000000000000000000e+00
3.276072349989771154e-34
4.104145768954776799e-40
2.615991724992593352e-48
5.168418164896646613e-67
2.094312022281291819e-20
7.249742407323349746e-38
6.264149859100464549e-46
8.174985235856259460e-43
1.866757872634172134e-35
4.859469233064723125e-19
2.211111067989275102e-21
0.000000000000000000e+00
4.140633280710841596e-39
0.000000000000000000e+00
8.940323033533693023e-22
0.000000000000000000e+00
8.799403751320907037e-17
2.499876999476260187e-33
1.717034694913803633e-22
3.517123565178341717e-41
2.491475910840956075e-31
9.486832540418701233e-50
1.474890517927840449e-31
0.000000000000000000e+00
3.052851077519947124e-25
2.143646404899187235e-40
7.200328170647333442e-59
9.919572475958416305e-40
0.000000000000000000e+00
1.959379183158854519e-33
1.982947662755493786e-40
1.245226550267590179e-48
2.421396662496730637e-67
1.031256664683723333e-20
3.510613220429228999e-38
3.013668702675704473e-46
3.940745803013425973e-43
8.925524833117992508e-36
2.365161187577183583e-19
5.501737164225419561e-21
0.000000000000000000e+00
9.607969929058312226e-39
0.000000000000000000e+00
6.158306625436520828e-20
0.000000000000000000e+00
1.946083212393796124e-15
5.673084544137912703e-32
9.998250772054639331e-21
2.094299284110516944e-39
1.075693199585985217e-29
4.189204755381261530e-48
1.214183360896710659e-28
0.000000000000000000e+00
1.760300345004726766e-23
9.299772674919744077e-38
3.175679393195112288e-56
5.811756818580098839e-37
0.000000000000000000e+00
8.439196742428575720e-32
8.612289407004059377e-38
4.117697833529762273e-46
8.136493399320469487e-65
3.954862293064216164e-17
1.369154652066438452e-34
2.957826386560054285e-42
3.859404841716036803e-39
4.406789807880267460e-33
3.440954125384035711e-16
6.262016484507538065e-19
0.000000000000000000e+00
1.172431165557780490e-36
0.000000000000000000e+00
8.425435742988349075e-20
0.000000000000000000e+00
1.332647637422849307e-15
3.877763498136258292e-32
4.562019308860949646e-20
9.546401029371174360e-39
1.959084865753428509e-29
7.619144879809059458e-48
6.646293269601191153e-28
0.000000000000000000e+00
8.005367349076121371e-23
7.623188349610730889e-37
2.599180596133709236e-55
1.587923106564771446e-36
0.000000000000000000e+00
1.538673589353331952e-31
7.063132839864380453e-37
1.683619865951394033e-45
3.328461023818239966e-64
8.130099886319799236e-17
2.810077526196552694e-34
4.805874536142340341e-42
6.272708766798432162e-39
4.209110761080317672e-32
1.254240757362667704e-15
5.963569769759256342e-18
0.000000000000000000e+00
1.116452093407023831e-35
0.000000000000000000e+00
7.909186906710473289e-20
0.000000000000000000e+00
1.250529396825998958e-15
3.643539746004262646e-32
4.281146614677267964e-20
8.971901117677453589e-39
1.842391771053180673e-29
7.176289925172135707e-48
6.238665313991608246e-28
0.000000000000000000e+00
7.536836569806797776e-23
7.167410711507076752e-37
2.448028356707727437e-55
1.493099661242588960e-36
0.000000000000000000e+00
1.445387086244549444e-31
6.637642077679848229e-37
1.586919788231494945e-45
3.135947856818135488e-64
7.619580220413255497e-17
2.638029217575804319e-34
4.556285669121130467e-42
5.945631859083583119e-39
3.960318688620237371e-32
1.177918408985033326e-15
5.629502340223629528e-18
0.000000000000000000e+00
1.054069657351823107e-35
0.000000000000000000e+00
1.451711870538828487e-21
0.000000000000000000e+00
1.428831954084798268e-16
4.059210490844667732e-33
2.788101273618260128e-22
5.711004521155969891e-41
4.045569013782208365e-31
1.540430727152447066e-49
2.394923070229507083e-31
0.000000000000000000e+00
4.957206967771690216e-25
3.480784488097265111e-40
1.169159057445904829e-58
1.610717966312618279e-39
0.000000000000000000e+00
3.181592643157540788e-33
3.219864211136113537e-40
2.021947258515282753e-48
3.931715905904129823e-67
1.674554141897657425e-20
5.700462350449611594e-38
4.893270917526417507e-46
6.398568674007633648e-43
1.449224318577951031e-35
3.840328339204449489e-19
8.933690522432770840e-21
0.000000000000000000e+00
1.560140431713440277e-38
0.000000000000000000e+00
1.203417514811112514e-20
0.000000000000000000e+00
4.229090002961325518e-16
1.231684176065206906e-32
2.315902978523994292e-21
4.851387282316818556e-40
3.425159788646656717e-30
1.333682459819041775e-48
2.461032621790015480e-29
0.000000000000000000e+00
4.077267284261590217e-24
3.634876933032832293e-38
1.241034436071835045e-56
1.682419280691857289e-37
0.000000000000000000e+00
2.686488719844935927e-32
3.365537951107399494e-38
2.145200240825116403e-46
4.238272266572516686e-65
1.717407548781539446e-18
5.945033928818601898e-36
5.136812642685477100e-44
6.703762781652242360e-41
1.530803816522287823e-33
3.984929831380373789e-17
1.813187550902164433e-19
0.000000000000000000e+00
3.395463125621636504e-37
0.000000000000000000e+00
5.596257742791769465e-19
0.000000000000000000e+00
1.768411225170586725e-14
5.155248603458381041e-31
9.085710368730549732e-20
1.903092990986514573e-38
9.775024656239898657e-29
3.806775745210156735e-47
1.103369278978279761e-27
0.000000000000000000e+00
1.599648082224771627e-22
8.450901981255858201e-37
2.885775615735933307e-55
5.281295965852484228e-36
0.000000000000000000e+00
7.668913168961604614e-31
7.826207960871610578e-37
3.741820303145058857e-45
7.393683141616460866e-64
3.593931261291979209e-16
1.244188778965031397e-33
2.687848066624400131e-41
3.507121145784028367e-38
4.004522850402613749e-32
3.126893359179087676e-15
5.690554177379386347e-18
0.000000000000000000e+00
1.065432841285428334e-35
0.000000000000000000e+00
8.338689015252317788e-19
0.000000000000000000e+00
1.318930373478267048e-14
3.837813553170637287e-31
4.515060222619108202e-19
9.448036990899818499e-38
1.938889687869165226e-28
7.540522611154182648e-47
6.577868115604407658e-27
0.000000000000000000e+00
7.922783867247377253e-22
7.544617540649360404e-36
2.572360191614445516e-54
1.571556042180827372e-35
0.000000000000000000e+00
1.522824339927122552e-30
6.990358128060735444e-36
1.666237984374261392e-44
3.294107521701154369e-63
8.046485522246471484e-16
2.781144512031811474e-33
4.756061234082821665e-41
6.207701270383680617e-38
4.165706907711934522e-31
1.241323394902394480e-14
5.902230140641638840e-17
0.000000000000000000e+00
1.104968340050361205e-34
0.000000000000000000e+00
0.000000000000000000e+00
0.000000000000000000e+00
0.000000000000000000e+00
0.000000000000000000e+00
0.000000000000000000e+00
0.000000000000000000e+00
0.000000000000000000e+00
0.000000000000000000e+00
0.000000000000000000e+00
0.000000000000000000e+00
0.000000000000000000e+00
0.000000000000000000e+00
0.000000000000000000e+00
0.000000000000000000e+00
0.000000000000000000e+00
0.000000000000000000e+00
0.000000000000000000e+00
0.000000000000000000e+00
0.000000000000000000e+00
0.000000000000000000e+00
0.000000000000000000e+00
0.000000000000000000e+00
0.000000000000000000e+00
0.000000000000000000e+00
0.000000000000000000e+00
0.000000000000000000e+00
0.000000000000000000e+00
0.000000000000000000e+00
0.000000000000000000e+00
1.510832733835122621e+00
7.183297057665052963e-05
6.504531831643413753e+00
7.564212476544579999e+01
1.142954672000985605e-01
2.053454653318692813e+00
2.116334196222161879e+01
2.712194421974950878e-02
1.550871033712712332e+01
3.987152830103567691e+00
9.899244460234806328e-11
3.730568773312789688e+00
5.273457022743085043e-10
2.759732260194667513e-11
0.000000000000000000e+00
0.000000000000000000e+00
1.957201455968164069e-12
4.200439418122991347e-03
8.221101623064092017e-17
1.522301731306684225e+01
1.640069811663537166e+03
1.984303372184159198e+00
0.000000000000000000e+00
2.007673638907655800e+01
1.117467436059923713e+00
1.678599326561886595e+00
2.217804374608348464e-02
5.530388584907938027e-02
5.860684617842842954e+02
1.095979100670646744e+02
2.049198754975385270e+02
1.328711097669719415e-11
7.253404453933066875e+00
1.305619451213797220e+02
1.149933009155935082e+02
2.068170808947568418e+01
5.248011831320397391e+01
1.140977439707798002e-13
1.653700315768406413e-11
1.390741931334826330e-09
2.305151558466789682e-09
2.816456891371553439e+01
6.469030751687004021e-09
6.467211847914613454e-01
1.903760940070451380e-01
9.517330940652517224e-02
2.470028635928661629e+02
2.613929479991987792e-13
9.996237957889246900e+03
3.565180162891976590e+00
4.364819201601964904e-01
8.155007608494171389e-01
2.600271445772398948e+01
1.113534550664017214e-01
1.113637279432775351e+00
1.252823198066481147e+01
4.466122681434269159e-01
9.914594452530287039e-02
1.417278693658505229e-01
2.646029444784690376e+00
3.376830436113561262e+00
1.154534113990077909e-02
1.885738884369328616e+02
1.907440799274770171e+01
4.256414088340105401e-02
4.936060243549313387e-01
7.626237761998224673e-01
2.099991930759730896e-01
2.106112564678323551e+01
4.121119081619603208e-13
1.259308429214175319e-10
3.412958722079353606e+02
0.000000000000000000e+00
6.272356478669495061e+01
4.249065555459785060e+01
1.978392714425250460e+02
1.815476154695627176e-01
8.868816961742816973e-01
6.530106898048688890e+01
0.000000000000000000e+00
2.592386104219651418e-11
2.757319491919368915e+01
2.304889257366711725e-10
5.017257153002617764e-01
1.254738078290888289e-10
4.555887574814273437e-04
2.055628556550517447e-02
2.009789367342932065e-01
1.225718832650394941e-16
5.034511042347052101e-02
0.000000000000000000e+00
5.401967670917376951e-01
1.010196634275252608e-01
6.426637195822241466e+00
4.353579666766226985e+00
2.068189510702639922e+01
5.442214446109116861e-15
1.354095548088926384e-14
6.632359812980076116e-11
1.650023277712974322e-10
1.278634630274610294e-13
1.414669555904494872e-03
1.214041330881990982e-03
1.115996020243415193e-03
1.909102387967503145e-01
2.748479048270563180e-03
4.882597617868261741e-02
0.000000000000000000e+00
1.258749656845992736e-13
6.917673933546785509e-13
9.189921171142741022e-04
1.000287289170724544e-13
5.131368626483088581e-13
0.000000000000000000e+00
1.961409916454236924e-12
3.299009784415228574e-02
1.088240128394421969e-04
5.798022152632825981e-04
1.084260907918379371e-04
1.078722267064173650e+02
5.397838752771202842e+00
2.816685898374832187e-01
8.253812299843492184e+00
1.543506828878334902e+00
5.449430384123842508e+00
0.000000000000000000e+00
0.000000000000000000e+00
0.000000000000000000e+00
0.000000000000000000e+00
6.068323495383992139e+01
6.545928001621862791e+01
0.000000000000000000e+00
0.000000000000000000e+00
0.000000000000000000e+00
0.000000000000000000e+00
0.000000000000000000e+00
3.907567331246956759e-03
2.457885063468271802e-03
7.261061280086426569e-04
1.815266064787042759e-03
2.922135919236642718e-03
5.376216566653199691e-03
5.376216566653199691e-03
5.376216566653199691e-03
5.376216566653199691e-03
2.208679732421649916e-02
3.794982358112791161e-06
1.104972512223567453e-02
5.376216566653199691e-03
5.376216566653199691e-03
5.376216566653199691e-03
5.376216566653199691e-03
5.376216566653199691e-03
5.376216566653199691e-03
5.376216566653199691e-03
5.376216566653199691e-03
5.376216566653199691e-03
5.376216566653199691e-03
5.376216566653199691e-03
5.376216566653199691e-03
5.376216566653199691e-03
5.717773419555999964e-04
9.420411206955300182e-03
4.703248135821100177e-03
1.498765032630679922e-02
2.770337121422000162e-04
2.087240296962000101e-04
7.286376057780148512e-04
3.720344229498499192e-03
3.366151337686729660e-03
3.081525674787600252e-03
0.000000000000000000e+00
5.078951389274201367e-03
3.996114437051972133e-03
3.396509707021056965e-03
7.653219387295570999e-04
1.581240166662713827e-03
2.670402238434909856e-02
7.562130377007685728e-03
0.000000000000000000e+00
6.121305550615483392e-03
1.344435948671502366e-02
8.527324862169243305e-03
4.074546108144805334e-02
5.961915795064627772e-03
5.819022600115726564e-05
3.162480333325427655e-04
1.090045283708872617e-02
6.793018421020998506e-04
3.162480333325427655e-04
2.036665357695860293e-04
3.101764587677087025e-03
2.023990590993499574e-05
4.662767330980886749e-03
3.975876507252643077e-01
1.746703234564135968e-02
1.264994119370919446e-06
0.000000000000000000e+00
3.509094183645157603e-03
2.529988238741870656e-06
1.264994119370919446e-06
0.000000000000000000e+00
1.287763517009342818e-03
0.000000000000000000e+00
1.411732940707742783e-03
5.116901709365556834e-03
3.393979222272200304e-03
1.505343002051000019e-04
2.127718619251328398e-03
3.657096013060571593e-03
0.000000000000000000e+00
0.000000000000000000e+00
3.162480333325427655e-04
1.783642204823157346e-03
6.209854145951070568e-03
2.876597123959658345e-03
1.258670638304571236e-03
5.059976477483741313e-06
3.162480333325427655e-04
3.275068782030884831e-03
2.034110047438243002e-03
1.475741990705072872e-02
1.611602508078500019e-03
6.300935708586599682e-03
1.697622108195699989e-03
3.420543105758584897e-03
8.954890391965654450e-03
0.000000000000000000e+00
7.589960744144042155e-03
1.539497843274399659e-03
1.984774780272585606e-03
5.135875628135742020e-03
9.487440999976297059e-04
2.529984266660343425e-03
3.719102571357301161e-04
1.217050842246769973e-02
1.080051730863801004e-02
1.080305474452957328e-03
2.611959956979151287e-02
1.049565074680846796e-02
7.005533460994639583e-03
1.420587403033085052e-03
2.834852814530614950e-03
4.470489217856799674e-03
1.177709525134300068e-03
6.529899147682542010e-03
6.868923033285572952e-04
1.264994119370919446e-06
1.011995295496748601e-05
1.944295961473129289e-02
1.528619191753954193e-02
9.154757476785527204e-03
6.895484930731726400e-03
4.288335029768574214e-04
1.706097817050678325e-02
2.580587010496285336e-03
2.212473721759385288e-03
9.484924914022882167e-03
3.720346712049486023e-03
3.535658563641700270e-03
2.869007655753614411e-03
4.634935474313957651e-03
2.909486474553157946e-05
5.108041785428085214e-03
7.982102963025858094e-04
5.059976477483741313e-06
2.056121342323478235e-02
0.000000000000000000e+00
6.324970596854693582e-06
5.059976477483741313e-06
0.000000000000000000e+00
6.388220302823000409e-04
4.317425425923156722e-03
4.933477065545998665e-04
1.119519299133042798e-03
3.364884357525999318e-04
0.000000000000000000e+00
