1.897392000000000053e+03
2.688547052343426458e+02
7.123876653863629116e+00
1.887824828676070297e+02
5.416523631295400598e+00
2.430749036971260955e-76
5.683328204816750752e-102
7.126947764037987021e+00
7.132426802235123375e+00
7.132761901124254678e+00
7.164882680500283207e+00
7.166169377501107718e+00
7.169117275195722172e+00
7.169521811328145589e+00
7.177164687519759667e+00
7.186512217618433063e+00
7.198670256119418021e+00
7.131329466505042625e+00
7.143141804837639164e+00
7.159008053258471449e+00
7.168382279668210622e+00
7.180982727556711964e+00
7.207337401846166891e+00
7.217154050854367675e+00
7.223327049998268024e+00
7.233648705018533853e+00
7.237591643057252888e+00
6.545784339233930993e-01
6.752598181512854580e+01
1.104550542188698969e+01
2.323039343349932195e-04
1.260231246579075378e-05
0.000000000000000000e+00
0.000000000000000000e+00
4.399280263579657202e+01
1.523871464041258434e+02
0.000000000000000000e+00
8.003117460801300709e+00
1.751694723988358238e+00
7.973431305729642190e+03
3.232764712597644863e+00
3.358964381860465864e-02
1.127627074536378814e+03
7.319856276878280443e-01
1.495131483674827511e+00
1.855226243112944928e+01
3.775105084014721779e+00
2.546306838398335048e-01
8.894526987792861217e-01
2.746228576742866689e+00
1.140883916881069560e+01
1.121977580344124314e+00
1.412877247576728053e+02
4.921278904202704041e+01
1.602312667577602312e+01
5.529828942777791667e+01
4.021671762045444964e+00
1.404003649486389271e+01
5.221969183980251117e+00
1.279997970737266400e+00
2.043872772065996557e+01
5.964195317833675958e-01
1.088071878351067312e+02
1.160868239373984601e+01
4.204401058706319638e+00
4.157581310855934476e+01
3.443726346468728217e+00
3.900652818730652616e+00
6.841993042823893978e-01
7.116750823296966644e+01
7.300632649269021002e-01
9.402909010015177316e+00
2.651894557776829942e+01
1.674039889524084401e+01
8.394368937127441588e-02
1.497720318032879916e-01
8.986872686898757820e+03
1.819368463926021473e+00
2.894988769162117670e+00
3.188315556309959664e-01
3.182837376027305987e-02
3.637240606040333113e-02
2.369969296006306687e-03
0.000000000000000000e+00
5.498782521532913137e+00
0.000000000000000000e+00
0.000000000000000000e+00
6.091580357290278247e-01
0.000000000000000000e+00
1.614935588449105452e+01
0.000000000000000000e+00
6.300451072609989950e-04
2.861573268137916019e-03
5.683465316968011122e-06
8.225413011837032684e+01
8.184867239389746058e-03
8.143882888236701496e-05
4.832932748355034391e+00
1.242496444586016560e-09
2.637495568851508590e-05
4.038132196714022815e-09
1.602942513866608110e+01
8.171623873026954965e-05
3.181958745470285521e+02
8.107577568382857452e-07
3.906010181041636997e-01
5.901343332920703233e+01
1.066594841331841814e-04
2.426724384008846765e-06
4.376019031881624244e+01
3.257993535685974030e-04
1.225759545759478328e+02
9.396494774091108870e-08
1.121710652549710169e-04
1.506771751979969461e-03
6.249144310678190095e+00
2.887494380458887830e-02
7.178736719280061579e-05
1.386267384237498427e-03
1.629560519551754898e-07
3.196064025982112715e-06
2.259983534605964451e+03
1.163388137949612669e-06
1.379043724174841665e-04
1.746813635542153497e+04
1.384967573432890203e-02
1.388402611761973549e-01
1.862451045470877034e+03
1.476650654282679175e-03
9.744695308545900034e-03
9.730788068505649702e-03
2.536582278849137673e-01
3.898561162019898257e-06
4.110357092589256300e-01
1.043228639092461831e-10
1.913560710311286344e-12
2.256290971379318205e-12
3.300617003150738181e-04
1.891249189049465478e-10
1.135875584454972831e-01
6.088605440116000800e+00
2.284958577571598436e-11
1.348284748892082549e-12
1.729956890322644841e-12
3.041236316513541955e-09
1.860089650950550493e-10
2.358841676911165868e-10
4.017730994131340011e-12
1.554686821014124985e-18
5.417509096905080331e-10
7.815708263031675622e-13
1.566231946813922202e-10
1.566084304140021798e-14
4.448138553573925508e-09
4.444887300076405268e-12
4.614418087259473645e-16
4.918181453957488013e-18
6.145010024423118001e-19
2.099990359195128488e-16
4.149677893440627314e-17
1.321758373971635946e-17
0.000000000000000000e+00
2.706947053399473546e+01
5.264654158515864424e+01
2.092517647555868258e-04
4.070534388099124453e-04
4.954960728961965667e-05
2.256968776783218410e-13
4.389872318395839854e-13
0.000000000000000000e+00
1.459230399164982117e+01
2.160542621744512858e-04
2.061821435015788406e+00
3.604538870001316314e-02
1.220710857960830356e-02
7.327409932536698145e-01
5.664242651222620314e-06
1.341258158594190035e-06
6.109323776893131823e-15
4.378645542901938348e-11
1.036836593960537282e-11
4.722707865247915151e-20
1.118308456204402121e-20
5.093805690607262541e-29
2.129335621979941973e-01
4.251081331407167638e-03
1.548548939597800711e+00
5.871999620123876523e-02
2.472487288063756059e-16
6.019937485934170540e-24
2.775457614315596265e-32
1.964577020496291264e-17
4.536317548832060185e-20
1.127319157998952642e-17
2.044058464495596172e-19
0.000000000000000000e+00
5.469163272093720572e-15
4.659379804989410589e-20
4.778487439095232515e-29
1.130800812846617365e-27
1.391937878199242065e-22
2.980748367068478172e-28
0.000000000000000000e+00
1.313108058941762418e-36
5.203569616861034580e-36
0.000000000000000000e+00
6.431271620967198419e-31
1.226537601378414048e-36
5.580702748585928219e-45
2.450213936225651228e-16
1.348563776324333871e-38
1.473587327447021124e-16
5.827689054671829567e-18
0.000000000000000000e+00
9.872239577437148991e-32
9.968983114879562124e-39
1.940017422866443439e-47
6.090954880990454340e-47
4.646535866073172259e-55
1.158147839340167178e-63
8.461763586146229706e-34
1.028617130816032049e-41
1.309199728433361132e-33
6.011910886983051052e-36
0.000000000000000000e+00
5.265710243582129912e+00
4.070547472335799938e-05
4.390404982141430216e-14
2.031883685809627146e-19
0.000000000000000000e+00
5.381205315458278276e-15
9.713515157559119647e-32
4.631326216089344507e-20
9.907608681126663527e-39
4.749715598010360868e-29
1.928223910154280071e-47
1.129789074141446803e-27
0.000000000000000000e+00
1.383359456085955944e-22
1.311751626600589886e-36
4.641238388928002049e-55
5.198915307044126372e-36
0.000000000000000000e+00
6.392690991519041026e-31
1.225326532088219987e-36
5.575234485640713031e-45
1.156996204035501539e-63
2.448143896490614968e-16
8.453924562040023012e-34
1.027429669091553112e-41
1.346942117992403049e-38
1.307505187793417414e-33
1.471763082576930420e-16
5.820893968198102799e-18
0.000000000000000000e+00
6.004027787444975675e-36
0.000000000000000000e+00
6.884004122649794844e-18
0.000000000000000000e+00
7.020893407008391700e-36
0.000000000000000000e+00
1.433653306655123665e-23
0.000000000000000000e+00
3.830671546861454223e-19
6.838129437911623351e-36
3.259810777360873797e-24
6.897577830048287299e-43
3.318393486949568782e-33
1.331216280975470887e-51
8.070017726745717209e-32
0.000000000000000000e+00
9.755630033889333214e-27
9.259711551160615571e-41
3.239272797540783220e-59
3.674760475493912920e-40
0.000000000000000000e+00
4.459805715148231386e-35
8.647069265674517071e-41
3.895156761998236972e-49
7.996978942296780739e-68
1.727343303628832481e-20
5.897381052953269314e-38
7.258994359254205354e-46
9.466929302247072876e-43
9.055134378259912998e-38
1.032192131855669961e-20
4.090823848469601656e-22
0.000000000000000000e+00
4.167136946281160170e-40
0.000000000000000000e+00
1.304240775785751116e-18
0.000000000000000000e+00
9.635318349391935806e-14
1.693520084946143155e-30
2.955692610195127432e-19
6.167973572946784827e-38
2.982868251938774117e-28
1.178985495884462346e-46
5.784433801759978549e-28
0.000000000000000000e+00
8.876737043738420657e-22
6.604765795303233265e-37
2.299780274152537219e-55
2.623084636767830613e-36
0.000000000000000000e+00
4.005326486002749963e-30
6.167256571231171327e-37
2.767446822315193245e-45
5.657691300725909323e-64
1.243569144211496712e-16
4.225637912658583518e-34
5.179014470538677470e-42
6.739466067972592873e-39
6.465536440994704048e-34
7.407902479984804498e-17
1.230427845394925452e-17
0.000000000000000000e+00
1.036813675432326680e-35
0.000000000000000000e+00
1.305395444332956598e-18
0.000000000000000000e+00
9.643712047377574050e-14
1.695016055461942318e-30
2.958317198021674675e-19
6.173522146536212925e-38
2.985539275288361320e-28
1.180056215408587637e-46
5.792674913214394399e-28
0.000000000000000000e+00
8.884597135892391571e-22
6.614255897825045123e-37
2.303111961742210134e-55
2.626849679898536048e-36
0.000000000000000000e+00
4.008917469437832589e-30
6.176119776731055216e-37
2.771452373706968062e-45
5.665943694592122585e-64
1.245347781924482500e-16
4.231731644639612812e-34
5.186451768540895708e-42
6.749180991977842478e-39
6.474911771527259021e-34
7.418547092828528421e-17
1.230527899278945210e-17
0.000000000000000000e+00
1.036912867078238030e-35
0.000000000000000000e+00
1.536362081732882753e-17
0.000000000000000000e+00
1.292775123551200232e-35
0.000000000000000000e+00
6.871990831005449525e-23
0.000000000000000000e+00
2.022399584762975974e-18
3.648321823192808075e-35
1.392327730689713257e-23
2.976654911212543667e-42
1.962375499812264815e-32
7.963143207656612748e-51
2.972515635986038147e-31
0.000000000000000000e+00
4.158917305178778584e-26
4.435336830349529112e-40
1.568677055881744485e-58
1.953274068335587944e-39
0.000000000000000000e+00
2.640704395076748439e-34
4.142801577120560835e-40
2.512415481834480855e-48
5.211902220730051570e-67
1.839627868444875242e-20
6.350439503775508794e-38
3.859475128776732710e-46
5.059162096800309281e-43
3.927502387649871895e-37
4.422943695157430151e-20
1.293132242405506007e-21
0.000000000000000000e+00
1.318470707511755893e-39
0.000000000000000000e+00
4.417006198550477395e-22
0.000000000000000000e+00
3.625661808005796708e-17
6.372520834113581126e-34
8.897733069370386883e-23
1.856787978005643684e-41
1.234679461826906406e-31
4.880122827442154038e-50
1.524492095601547436e-31
0.000000000000000000e+00
2.672228097163610495e-25
2.238017293141693343e-40
7.792817724990939347e-59
9.875937014524617261e-40
0.000000000000000000e+00
1.657908313273027351e-33
2.089779609818517396e-40
1.250334540073589715e-48
2.556147451832486218e-67
9.364100625898119745e-21
3.181911604672353300e-38
1.949803695541975064e-46
2.537284203458701949e-43
1.947322832844377932e-37
2.231151114097499034e-20
2.888062210627707724e-21
0.000000000000000000e+00
2.430139550339639317e-39
0.000000000000000000e+00
3.506454161006168450e-20
0.000000000000000000e+00
9.279752802529977560e-16
1.675669833224559818e-32
5.993690696256616259e-21
1.281370550558603594e-39
6.145379477730109817e-30
2.494279139345863853e-48
1.462280422541517627e-28
0.000000000000000000e+00
1.790441611455615815e-23
1.131523190897571601e-37
4.002668943939717704e-56
6.727907603623158868e-37
0.000000000000000000e+00
8.272043787802082203e-32
1.057089124045943458e-37
4.808803573691358593e-46
9.977212785872707324e-65
4.224541360162396201e-17
1.458486807176623579e-34
2.215827025384731368e-42
2.904335044314433792e-39
1.127507716254808688e-34
3.808527316412684809e-17
4.454146419948454618e-19
0.000000000000000000e+00
4.541304242090675327e-37
0.000000000000000000e+00
4.924607636540765829e-20
0.000000000000000000e+00
6.520325876056124951e-16
1.175192048124701842e-32
2.806728548021492890e-20
5.993684065145534941e-39
1.148823200252198348e-29
4.655375552487919512e-48
8.215573948331813335e-28
0.000000000000000000e+00
8.353639402085403875e-23
9.519810096006377326e-37
3.362680085882548007e-55
1.887159614010158607e-36
0.000000000000000000e+00
1.547609856848496942e-31
8.898708062267043671e-37
2.018462655204785419e-45
4.190582876518216867e-64
8.904514353891094049e-17
3.069374100016846767e-34
3.697888849386642212e-42
4.844104695759120914e-39
1.104511137513271592e-33
1.423729721167381083e-16
4.343110624640851851e-18
0.000000000000000000e+00
4.420614073270577766e-36
0.000000000000000000e+00
5.088293010062750936e-20
0.000000000000000000e+00
6.737679398371143999e-16
1.216003039739911729e-32
2.899798335792288710e-20
6.202404213995040596e-39
1.189260656314307698e-29
4.827833710085555018e-48
8.489336436068778298e-28
0.000000000000000000e+00
8.661758422293883744e-23
9.853477859862223903e-37
3.486294754919314824e-55
1.952959537043741045e-36
0.000000000000000000e+00
1.600796774471035420e-31
9.205374149419957024e-37
2.093967238447092456e-45
4.344807093531362072e-64
9.196722992045292964e-17
3.175286052245474977e-34
3.856533714723737005e-42
5.055486613179983198e-39
1.144923799501380664e-33
1.473137223507571476e-16
4.524801801952101519e-18
0.000000000000000000e+00
4.613921824120681374e-36
0.000000000000000000e+00
7.731899296388692156e-22
0.000000000000000000e+00
6.346658719747567324e-17
1.115485340180185098e-33
1.557539454338895740e-22
3.250251828405773981e-41
2.161265126677336854e-31
8.542436403414252479e-50
2.668627641594556138e-31
0.000000000000000000e+00
4.677720707464858256e-25
3.917584468639686714e-40
1.364102499162401820e-58
1.728767294210934318e-39
0.000000000000000000e+00
2.902127619002284430e-33
3.658119968333696375e-40
2.188664941058522451e-48
4.474392980939388651e-67
1.639179383648807429e-20
5.569849243957238529e-38
3.412932288004718013e-46
4.441232957655566920e-43
3.408542542662195773e-37
3.905398810263385164e-20
5.055509446864404469e-21
0.000000000000000000e+00
4.253889049481240166e-39
0.000000000000000000e+00
6.074998747290792695e-21
0.000000000000000000e+00
1.787848264395591457e-16
3.225198397569943631e-33
1.230849913826126846e-21
2.631429333416362036e-40
1.734784024397247774e-30
7.039593014472885589e-49
2.627773294215296078e-29
0.000000000000000000e+00
3.676579190625107383e-24
3.920938860883220271e-38
1.386745452088684384e-56
1.726738894631058065e-37
0.000000000000000000e+00
2.334441375905515552e-32
3.662330605640784790e-38
2.221031160593064861e-46
4.607434939397117871e-65
1.626273125044628602e-18
5.613931042864113060e-36
3.411863420384532356e-44
4.472413177844241114e-41
3.471998813373499722e-35
3.909982494846444955e-18
1.143158375147462017e-19
0.000000000000000000e+00
1.165557675692247975e-37
0.000000000000000000e+00
3.186483071240435963e-19
0.000000000000000000e+00
8.432648394161484011e-15
1.522735483438996535e-31
5.446726712600763835e-20
1.164399589467756212e-38
5.584508711275709875e-29
2.266610657196916995e-47
1.328843869550567325e-27
0.000000000000000000e+00
1.627058641470252134e-22
1.028254927456802759e-36
3.637327773073857093e-55
6.113929157441212958e-36
0.000000000000000000e+00
7.517119293511883716e-31
9.606191274045112434e-37
4.369912344038071201e-45
9.066516746792285632e-64
3.839031127398989791e-16
1.325378884779723486e-33
2.013616055481367693e-41
2.639267163280018400e-38
1.024595387026458491e-33
3.460952233755945501e-16
4.047662632088669803e-18
0.000000000000000000e+00
4.126806269681785513e-36
0.000000000000000000e+00
4.873980657032389284e-19
0.000000000000000000e+00
6.453289970555941434e-15
1.163098783768067294e-31
2.777876121681598121e-19
5.932003465620193512e-38
1.136997670455529354e-28
4.607397739093053151e-47
8.131111069217558633e-27
0.000000000000000000e+00
8.267556936400500337e-22
9.421826629220606499e-36
3.328031187197918366e-54
1.867738444071009291e-35
0.000000000000000000e+00
1.531688042659156699e-30
8.807152553185947753e-36
1.997655730919213580e-44
4.147402092884115355e-63
8.812997621609134510e-16
3.037793519094468356e-33
3.659632539222314977e-41
4.793966288983951760e-38
1.093131392378968941e-32
1.409079154175104290e-15
4.298465142797432805e-17
0.000000000000000000e+00
4.375160609296746352e-35
0.000000000000000000e+00
0.000000000000000000e+00
0.000000000000000000e+00
0.000000000000000000e+00
0.000000000000000000e+00
0.000000000000000000e+00
0.000000000000000000e+00
0.000000000000000000e+00
0.000000000000000000e+00
0.000000000000000000e+00
0.000000000000000000e+00
0.000000000000000000e+00
0.000000000000000000e+00
0.000000000000000000e+00
0.000000000000000000e+00
0.000000000000000000e+00
0.000000000000000000e+00
0.000000000000000000e+00
0.000000000000000000e+00
0.000000000000000000e+00
0.000000000000000000e+00
0.000000000000000000e+00
0.000000000000000000e+00
0.000000000000000000e+00
0.000000000000000000e+00
0.000000000000000000e+00
0.000000000000000000e+00
0.000000000000000000e+00
0.000000000000000000e+00
0.000000000000000000e+00
1.566414588889977422e+00
7.183297861307806436e-05
6.874633709245504321e+00
7.106505861086978371e+01
9.775339449965345096e-02
1.899320117494593951e+00
2.200800510625620632e+01
2.718567623815705200e-02
1.644559702555707048e+01
4.252356084116975410e+00
1.106544484661576691e-10
4.383941224480090604e+00
3.658959114682553863e-10
2.944505328096199545e-11
0.000000000000000000e+00
0.000000000000000000e+00
8.477653353099301408e-13
4.200439557410781850e-03
3.560985433124547480e-17
1.843292227675452111e+01
1.768047510202625972e+03
1.700419621273130621e+00
0.000000000000000000e+00
1.922803098641745834e+01
9.894047603046968176e-01
1.792498343232848734e+00
2.386743671274474399e-02
7.784637820517838203e-02
5.267130269578613024e+02
1.188223437882704587e+02
2.679775567458117393e+02
1.119326433597993929e-11
7.845102861161029395e+00
1.412127173263387760e+02
1.283546644333188169e+02
2.496843203889334362e+01
6.335927689124166307e+01
9.666901680820182482e-14
1.211591456471782392e-11
1.329722300557855717e-09
2.470430806592901175e-09
1.783074833989079977e+01
4.407849017253106079e-09
6.467211913304764526e-01
1.938621687340435495e-01
9.697107237871278873e-02
2.792169110760390254e+02
1.131601356197800703e-13
9.996323925459595557e+03
3.561287904992502806e+00
4.383573773181367317e-01
7.714711949038167704e-01
2.378099560246528554e+01
7.539253715928166677e-02
7.539283056517794845e-01
8.872160646280530472e+00
3.159536057156505651e-01
5.848336061644376221e-02
1.614074843178298635e-01
2.404955488115218643e+00
3.871622135739398729e+00
7.808199676999054081e-03
1.978899979613707387e+02
1.356184106870580486e+01
3.520062261277390192e-02
5.345342874042159353e-01
7.727387384317724317e-01
1.881463651629387002e-01
2.120936489632971345e+01
1.797749711486543831e-13
5.591978326157620053e-11
3.454864256820184778e+02
0.000000000000000000e+00
4.380870695065335951e+01
3.514495124775441326e+01
2.139822750582018500e+02
2.164251085371663164e-01
7.170231253191858833e-01
6.829001268886335652e+01
0.000000000000000000e+00
2.044322107936067811e-11
3.461689972117861913e+01
3.085600396988830854e-10
3.613642043327459641e-01
9.631425373846446515e-11
4.707258059305285481e-04
1.901569866759064351e-02
1.924665556004920841e-01
5.723534603694903833e-17
5.223946932526635223e-02
0.000000000000000000e+00
6.833776914861250384e-01
1.541646670969963606e-01
5.869862150798354605e+00
4.709016129351179636e+00
2.496864097475988231e+01
5.565947471026903738e-15
1.240753207147951840e-14
7.657061696726410857e-11
1.706575228563176744e-10
5.646279624319323464e-14
1.419196892812361107e-03
8.124969057956985463e-04
7.547514868641743129e-04
1.356315866347486687e-01
2.014999511457234594e-03
5.718752562872664313e-02
0.000000000000000000e+00
9.673042235700875430e-14
9.266289432285052923e-13
7.416778055226638106e-04
1.138229793926197972e-13
3.575275964031426031e-13
0.000000000000000000e+00
1.553258417445271302e-12
4.345819356517299781e-02
1.888640997590253267e-04
9.043381631040593120e-04
2.040116234633737645e-04
1.143558036081306852e+02
4.123836822813615299e+00
3.211609505909356344e-01
8.457925626174031208e+00
1.908041903222156277e+00
6.490746297740763282e+00
0.000000000000000000e+00
0.000000000000000000e+00
0.000000000000000000e+00
0.000000000000000000e+00
5.884789336107613167e+01
6.729462160898238210e+01
0.000000000000000000e+00
0.000000000000000000e+00
0.000000000000000000e+00
0.000000000000000000e+00
0.000000000000000000e+00
4.540063397912042290e-03
3.722877196798444598e-03
9.487440999976282964e-04
1.815266064787042759e-03
3.554631985901728249e-03
5.376216566653199691e-03
5.376216566653199691e-03
5.376216566653199691e-03
5.376216566653199691e-03
2.303554142421412876e-02
3.794982358112791161e-06
1.294721332223093026e-02
5.376216566653199691e-03
5.376216566653199691e-03
5.376216566653199691e-03
5.376216566653199691e-03
5.376216566653199691e-03
5.376216566653199691e-03
5.376216566653199691e-03
5.376216566653199691e-03
5.376216566653199691e-03
5.376216566653199691e-03
5.376216566653199691e-03
5.376216566653199691e-03
5.376216566653199691e-03
5.717773419555999964e-04
9.420411206955300182e-03
4.703248135821100177e-03
1.498765032630679922e-02
2.770337121422000162e-04
2.087240296962000101e-04
1.361133672443100382e-03
5.578638961730717546e-04
2.417407237689101363e-03
3.714021741452685349e-03
0.000000000000000000e+00
6.660191555936915628e-03
2.011380370614576738e-04
3.712757740353599730e-03
4.490739053970142802e-04
2.212474218269542062e-03
2.196030188436095751e-02
1.237169710356830852e-03
7.589964716225612816e-06
6.437553583948026591e-03
2.135056032002859150e-02
9.159820928834327969e-03
4.264294928144331254e-02
5.961915795064627772e-03
1.006934325998785603e-03
1.884846202964572583e-04
1.216544497041889550e-02
4.680577543701436034e-05
3.162480333325427655e-04
1.152410635767214244e-03
2.153020487679457428e-03
2.023990590993499574e-05
4.979015364313429080e-03
4.010663790919222760e-01
1.335580791231829982e-02
1.264994119370919446e-06
0.000000000000000000e+00
4.457838283642785900e-03
2.529988238741870656e-06
1.264994119370919446e-06
0.000000000000000000e+00
6.552674503442572872e-04
6.324960666650855309e-04
2.676725074037913845e-03
3.851909576035385772e-03
2.445235122274572008e-03
1.505343002051000019e-04
1.495222552586242867e-03
3.973344046393113491e-03
2.656487650678963935e-05
0.000000000000000000e+00
8.045357634096422447e-04
2.099890238155699678e-03
6.209854145951072303e-03
5.090333357287457269e-03
2.839910804967285714e-03
5.059976477483741313e-06
3.162480333325427655e-04
2.958820748698342933e-03
1.085365947440614705e-03
1.950114040703887497e-02
6.628584080808717222e-04
6.933431775251686080e-03
1.065126041530616192e-03
3.104295072426042131e-03
1.274986679195616937e-02
6.324960666650855309e-04
8.854952877474214085e-03
2.804489976604570937e-03
1.352278713607500075e-03
4.503379561470657357e-03
2.213736233327800659e-03
6.324960666650866151e-04
9.487440999976282964e-04
5.845547755816842689e-03
1.143301337530309818e-02
1.712801541118042859e-03
2.580335153645897314e-02
3.854442046825072056e-03
1.629316894341414305e-03
0.000000000000000000e+00
2.518604781198072184e-03
4.786737251189342873e-03
0.000000000000000000e+00
8.743635381010340935e-03
1.635636403326185592e-03
1.264994119370919446e-06
1.011995295496748601e-05
1.849421551473366676e-02
1.939741635086260352e-02
9.154757476785527204e-03
1.005796526405715839e-02
6.324960666650855309e-04
2.117220260382984484e-02
1.948090943831200239e-03
2.844969788424470819e-03
7.903684747360167906e-03
2.139106545386772196e-03
3.535658563641699836e-03
2.869007655753614411e-03
1.472455140988529129e-03
2.909486474553155913e-05
1.945561452102657993e-03
1.657142296375000074e-04
5.059976477483741313e-06
2.340744572322767114e-02
0.000000000000000000e+00
6.324970596854693582e-06
5.059976477483741313e-06
4.933477065546644307e-05
9.550700636148428064e-04
2.103689192595357364e-03
4.933477065545998665e-04
1.707751991354144474e-04
3.364884357525999318e-04
0.000000000000000000e+00
