1.897392000000000053e+03
2.541717679456804433e+02
1.132613095504891376e+01
9.680334180684751288e+01
9.281706755584114177e+00
1.244100673695281944e-77
3.194720490804176597e-102
1.131735248660831950e+01
1.130133743585892425e+01
1.130035668524160464e+01
1.120081722533186230e+01
1.119682144465585516e+01
1.118762498405230943e+01
1.118636218164313867e+01
1.116216244818321890e+01
1.113184339537559531e+01
1.109075127542656780e+01
1.130448759686916027e+01
1.126940159048032264e+01
1.122148505849767197e+01
1.119284269259197195e+01
1.115341337568394309e+01
1.106204591894965006e+01
1.102650230346936588e+01
1.100347745652239340e+01
1.096259865388433852e+01
1.094660278195041059e+01
9.722456333475235635e-01
6.564955498867206529e+01
1.554041423005924827e+01
1.994015836983386702e-04
1.223098669862185358e-05
0.000000000000000000e+00
0.000000000000000000e+00
5.821259719409375322e+01
1.523892984740058694e+02
0.000000000000000000e+00
7.580901525893866122e+00
1.940775962555674639e+00
7.973052649334968919e+03
3.146894562208402579e+00
3.292291239105855916e-02
1.127801247423767563e+03
6.975669294147922583e-01
1.481926524496430142e+00
1.817219199667212592e+01
3.702741487744343640e+00
2.547791419612269737e-01
8.897514609997727586e-01
2.747373886859390879e+00
1.140882100409671907e+01
1.121863858490563803e+00
1.412904713887842831e+02
4.921656631340106713e+01
1.602157921181745692e+01
5.529828920811350201e+01
4.022009882761331312e+00
1.404095944515743000e+01
5.220517259965109069e+00
1.278984032432473050e+00
2.042748918139804104e+01
5.961857900376454911e-01
1.088077051480740920e+02
1.160593609485457733e+01
4.204563319893049211e+00
4.156710759641921982e+01
3.443718215838977414e+00
3.900652801394544511e+00
6.841993654077471732e-01
7.116750794032400051e+01
7.300633269121595825e-01
9.402909070757628385e+00
2.651894563168956509e+01
1.674039894472809564e+01
8.390191573652561186e-02
1.497720318032879916e-01
8.987826335156505593e+03
1.772610290711138736e+00
2.896607402816989030e+00
3.144813669804814027e-01
3.185574707681018691e-02
3.637994929100093339e-02
2.371285365470143618e-03
0.000000000000000000e+00
5.405515130751287423e+00
0.000000000000000000e+00
0.000000000000000000e+00
5.107650148447855365e-01
0.000000000000000000e+00
1.649877914964328696e+01
0.000000000000000000e+00
6.182063525514149786e-04
2.861684456334983011e-03
5.579670800102532575e-06
8.740905880534582195e+01
8.529846857641919938e-03
1.964692784969297333e-04
4.806148059880567480e+00
2.980877668283503356e-09
4.690951398932510162e-05
7.337352521976862565e-09
6.912119963098148467e+00
8.500808595905286051e-05
3.292414481867204472e+02
2.023828301937431760e-06
4.210489917883536437e-01
6.479086440295478155e+01
1.147735178567445134e-04
2.463876897113561897e-06
4.513803865605187582e+01
3.408912366880543685e-04
1.165763570402714464e+02
9.073326386464098581e-08
1.044306130259438652e-04
1.399094326601508674e-03
6.446283126803786345e+00
2.766785701826969535e-02
6.189281721266786675e-05
1.224935541724395073e-03
1.211235424306610901e-07
2.401015815008650167e-06
2.259988511620214013e+03
8.647156529383892428e-07
9.337095982516246050e-05
1.748903293378123635e+04
9.388359218174454832e-03
9.398479440844592636e-02
1.873619185911192062e+03
1.005785036198246583e-03
9.040010670471370496e-03
6.582492968262931322e-03
1.453715020463527685e-01
1.511390024485916191e-06
3.469230086108225919e-01
1.264574073338535117e-10
2.902631828959367418e-12
3.595692045410472757e-12
5.608903553123181741e-04
1.229299366320897784e-10
8.508504268789773839e-02
6.097258188361032616e+00
1.865978654522407041e-11
1.271627103068953211e-12
3.925802507912752207e-13
2.568632784803732735e-09
1.809473320215321484e-10
5.500937191698806207e-11
2.796729013382811108e-12
1.029192948937739680e-18
3.724821035638037416e-10
4.886294117632153985e-13
9.705725362404947812e-11
1.490464148046797011e-14
3.260148129318502747e-09
3.260228653954545088e-12
7.055594970357652797e-16
4.947372699581079382e-18
6.181347331660558085e-19
3.074619002734120640e-16
1.508710914455358769e-17
1.329604099530241572e-17
0.000000000000000000e+00
3.652534067847625465e+01
6.380611759237827130e+01
2.236266084335735869e-04
3.907238559162342023e-04
4.887151246685992955e-05
2.427526331900925064e-13
4.240862573605552755e-13
0.000000000000000000e+00
1.562660482772146686e+01
2.160542764357067924e-04
2.042253791046720668e+00
2.958196394310546110e-02
1.738356040803730115e-02
1.334075551264340520e+00
8.167898915637392880e-06
1.785019485111010355e-06
8.866366416480440667e-15
5.000884940633318413e-11
1.092897592653093584e-11
5.428529263085996030e-20
1.186355341835340491e-20
5.892743047312606633e-29
2.441896641954026947e-01
4.170769605773288688e-03
1.054270888551100960e+00
9.780022158421911027e-02
3.980430054535929069e-16
4.621268440344222519e-24
2.302140732937350322e-32
2.000527564890970297e-17
6.640476774670445288e-20
3.637879319137992482e-18
3.533945402221647370e-19
0.000000000000000000e+00
1.200269503878231280e-14
7.576913301288383775e-20
8.295655385804341599e-29
9.248717980070359809e-28
1.450825826616965666e-22
2.255918311519722855e-28
0.000000000000000000e+00
1.080116318699636564e-36
4.594987626036451631e-36
0.000000000000000000e+00
7.231275767069458620e-31
1.001389115321152166e-36
4.968723305761445388e-45
2.675583649093306957e-16
2.537255346591403238e-38
4.373227513625494080e-17
3.846619487020328629e-19
0.000000000000000000e+00
3.182676570522543558e-31
1.606982569098310914e-38
3.276295951899894462e-47
4.428735076333435359e-47
3.722465664039881892e-55
9.827342694390187210e-64
9.121060883520482732e-34
2.204013087987724726e-41
1.237267291117168378e-34
2.329307661702352627e-37
0.000000000000000000e+00
6.381642070847303394e+00
3.907212141893558964e-05
4.241336998089409018e-14
3.515771267383942667e-19
0.000000000000000000e+00
1.183748054572133591e-14
3.138880953525435163e-31
7.537509203056973371e-20
1.598412805322874454e-38
8.252451251731459444e-29
3.259062158025567074e-47
9.240815997501086250e-28
0.000000000000000000e+00
1.443087755754257391e-22
1.079051815367575154e-36
3.718374465046061952e-55
4.591043124645332116e-36
0.000000000000000000e+00
7.193854822068040945e-31
1.000437764143925064e-36
4.964059549408629751e-45
9.817917917332908029e-64
2.673568677724338943e-16
9.113375801227371361e-34
2.201398296255599946e-41
2.533984603477527226e-38
1.234951500427909507e-34
4.367691363337448605e-17
3.798418970673046905e-19
0.000000000000000000e+00
2.318869019283119892e-37
0.000000000000000000e+00
6.901783643749493689e-18
0.000000000000000000e+00
4.402214494187358617e-36
0.000000000000000000e+00
2.459099713690966249e-23
0.000000000000000000e+00
8.335922718021737620e-19
2.185589176982886956e-35
5.276865171488782487e-24
1.106960052507022788e-42
5.710094930204608402e-33
2.230349338997709696e-51
6.568733541530290946e-32
0.000000000000000000e+00
1.012453684672781572e-26
7.580161798803203314e-41
2.581185736503160126e-59
3.218950975360363016e-40
0.000000000000000000e+00
4.979037765565033540e-35
7.020514468567735027e-41
3.440131508618533393e-49
6.725531869125286606e-68
1.884822304235460716e-20
6.344343579212831106e-38
1.527014797026293764e-45
1.734701237737479557e-42
8.079299310715407853e-39
3.037325708618070326e-21
2.721705832778842299e-23
0.000000000000000000e+00
1.750587052174208940e-41
0.000000000000000000e+00
1.924522811036316527e-18
0.000000000000000000e+00
1.796486979978567384e-13
4.646060546872385238e-30
4.133319941024956859e-19
8.551510319969554555e-38
4.409020271874122500e-28
1.699110059880341336e-46
4.186699172476782474e-28
0.000000000000000000e+00
7.947840508075232481e-22
4.807220400232241208e-37
1.628992175434625539e-55
2.040325003104359625e-36
0.000000000000000000e+00
3.843824464730602723e-30
4.450941358991624098e-37
2.170141328659771278e-45
4.223574862642929842e-64
1.207588732726203495e-16
4.043417440916605774e-34
9.620212403389242969e-42
1.087195435402341064e-38
5.021348261244420578e-35
1.936086864067136597e-17
1.104426287208728255e-18
0.000000000000000000e+00
8.559686830245144010e-37
0.000000000000000000e+00
1.926227193826820384e-18
0.000000000000000000e+00
1.798054892415676787e-13
4.650168824726370179e-30
4.136977128906470515e-19
8.559174683034818623e-38
4.412974677684025683e-28
1.700653784488541486e-46
4.192657784946648972e-28
0.000000000000000000e+00
7.954857028853948755e-22
4.814120857889112595e-37
1.631350668888600334e-55
2.043257423088970787e-36
0.000000000000000000e+00
3.847271789230046599e-30
4.457334843539837604e-37
2.173286695318643461e-45
4.229747554680235130e-64
1.209309888805543048e-16
4.049233104111834087e-34
9.634158842588014244e-42
1.088786603211984037e-38
5.028906854900927009e-35
1.938872763921669688e-17
1.104531636032425202e-18
0.000000000000000000e+00
8.560491451904441451e-37
0.000000000000000000e+00
2.142346020732522870e-17
0.000000000000000000e+00
1.660615272720860433e-35
0.000000000000000000e+00
1.463314433459757988e-22
0.000000000000000000e+00
5.475007292515685904e-18
1.450851647318519361e-34
2.788998859489020585e-23
5.910609260014150320e-42
4.195794384409568878e-32
1.656348473770862360e-50
2.992361684408748689e-31
0.000000000000000000e+00
5.339931505932474426e-26
4.490463757017720237e-40
1.546725378899735774e-58
2.122688759266845210e-39
0.000000000000000000e+00
3.657190548019405828e-34
4.162878773563570796e-40
2.752872722855436400e-48
5.442345751640550483e-67
2.473093974678855364e-20
8.426723157293127199e-38
1.017319359454476845e-45
1.170582564553084185e-42
4.556848121988292626e-38
1.615213407677821410e-20
1.595374753978199415e-21
0.000000000000000000e+00
1.019564405181554421e-39
0.000000000000000000e+00
8.024437390338782115e-22
0.000000000000000000e+00
8.322744260656575584e-17
2.152419919618536471e-33
1.531935715950130062e-22
3.169450727430664205e-41
2.246898573800263150e-31
8.658945922325737595e-50
1.358493200559420568e-31
0.000000000000000000e+00
2.945714958825891244e-25
2.005493993710046194e-40
6.795922986956685660e-59
9.457723379257545964e-40
0.000000000000000000e+00
1.958878085760188598e-33
1.856870691954130080e-40
1.207135879341033275e-48
2.349351383743252803e-67
1.119532379369160567e-20
3.748571504399049474e-38
4.459119636590395751e-46
5.039316930622739553e-43
1.861971999879132040e-38
7.179258805255093810e-21
4.958407246412468501e-21
0.000000000000000000e+00
3.843475516766225220e-39
0.000000000000000000e+00
6.100558854773421561e-20
0.000000000000000000e+00
2.052571366936386781e-15
5.444617776720626478e-32
9.809015850451143832e-21
2.078764233078963617e-39
1.073584076426306467e-29
4.238990376411616755e-48
1.202672476840288239e-28
0.000000000000000000e+00
1.878166252060709069e-23
9.359607416337691018e-38
3.224527538587452011e-56
5.973845724785419281e-37
0.000000000000000000e+00
9.360136155113029703e-32
8.678536275121685074e-38
4.305124283452452710e-46
8.512601350645271278e-65
4.639638141396465690e-17
1.581109980781393939e-34
4.772848259343446724e-42
5.492028068650414529e-39
1.069691964338395611e-35
1.136410830118206021e-17
4.489997931410642788e-19
0.000000000000000000e+00
2.866614809424026862e-37
0.000000000000000000e+00
8.421891392998928048e-20
0.000000000000000000e+00
1.417676416267145347e-15
3.753248807228233995e-32
4.517169661277632835e-20
9.562393798640040251e-39
1.972517209368674870e-29
7.776988014969700543e-48
6.644465026799234635e-28
0.000000000000000000e+00
8.618518574096525316e-23
7.743303769919750852e-37
2.663566360611558310e-55
1.646996991996683271e-36
0.000000000000000000e+00
1.721647219627175054e-31
7.183205203973595281e-37
1.776137024601232095e-45
3.513750063180285439e-64
9.623420522738725279e-17
3.273751593265695599e-34
7.819306058022063388e-42
8.983033900694158647e-39
1.022819728410170157e-34
4.174941973896201927e-17
4.302192520383502421e-18
0.000000000000000000e+00
2.766021872730354130e-36
0.000000000000000000e+00
6.728268108282034464e-20
0.000000000000000000e+00
1.132664337676477806e-15
3.002915677944454905e-32
3.606787580260668809e-20
7.647363392188591454e-39
1.579051394464621818e-29
6.235893936226225346e-48
5.306564556661258260e-28
0.000000000000000000e+00
6.905569851895023885e-23
6.194507534357655503e-37
2.134545070517203410e-55
1.317947560908506231e-36
0.000000000000000000e+00
1.376676871146329456e-31
5.743826259721152518e-37
1.424785815606321428e-45
2.817456081128988979e-64
7.676227105203356780e-17
2.616108676085886847e-34
6.313818940381150867e-42
7.266413541480147782e-39
8.257902026182536485e-35
3.340838175488962122e-17
3.466697990878489586e-18
0.000000000000000000e+00
2.212795201265364059e-36
0.000000000000000000e+00
1.423897849301308333e-21
0.000000000000000000e+00
1.476827909783617189e-16
3.819314363845942604e-33
2.718365041256034395e-22
5.624012992422040832e-41
3.986969019444515119e-31
1.536462813004951571e-49
2.410610793199820421e-31
0.000000000000000000e+00
5.227075928214273382e-25
3.558632130454683142e-40
1.205889459605381827e-58
1.678225100235509386e-39
0.000000000000000000e+00
3.475917540561278032e-33
3.294925574344257574e-40
2.141975693740124638e-48
4.168704909849336175e-67
1.986576990091427459e-20
6.651643163102531375e-38
7.911998979994308483e-46
8.941344233450164749e-43
3.303591529857726895e-38
1.273858939019159538e-20
8.798806145687851988e-21
0.000000000000000000e+00
6.820386645254292351e-39
0.000000000000000000e+00
1.311320919271488407e-20
0.000000000000000000e+00
4.906322701471600618e-16
1.300151660164546515e-32
2.499307821914584427e-21
5.296674219022906623e-40
3.759977018877474612e-30
1.484302623680418060e-48
2.681548183300555349e-29
0.000000000000000000e+00
4.785277527525070507e-24
4.024041317632844698e-38
1.386066839604550002e-56
1.902205829012437822e-37
0.000000000000000000e+00
3.277317475403664487e-32
3.730481858564203927e-38
2.466931115261130802e-46
4.877044934798290923e-65
2.216215634346259223e-18
7.551441768095442040e-36
9.116501303606430526e-44
1.048993289626649557e-40
4.083515833408872924e-36
1.447441387438536619e-18
1.429663543532156552e-19
0.000000000000000000e+00
9.136650286341472755e-38
0.000000000000000000e+00
5.543820016722596813e-19
0.000000000000000000e+00
1.865185423928549276e-14
4.947656062246123650e-31
8.913824428303057007e-20
1.888991494318473848e-38
9.755915373313828377e-29
3.852037151583108009e-47
1.092918611653425703e-27
0.000000000000000000e+00
1.706769228999747371e-22
8.505348586775457332e-37
2.930189522757511418e-55
5.428629943626059873e-36
0.000000000000000000e+00
8.505843194102799397e-31
7.886475138755387755e-37
3.912165392410558429e-45
7.735509609503797058e-64
4.216241391336364492e-16
1.436806834294734133e-33
4.337211537713059884e-41
4.990667038083547451e-38
9.720018258514315536e-35
1.032688247765550394e-16
4.080197355267801933e-18
0.000000000000000000e+00
2.605093112959653008e-36
0.000000000000000000e+00
8.335241640842551087e-19
0.000000000000000000e+00
1.403089774087251850e-14
3.714594362213625605e-31
4.470712136196274591e-19
9.463942027963316123e-38
1.952194808725406175e-28
7.696775615475515433e-47
6.576118443944427662e-27
0.000000000000000000e+00
8.529671081472756130e-22
7.663562921456895403e-36
2.636104663549347299e-54
1.630033087637002665e-35
0.000000000000000000e+00
1.703922953486987145e-30
7.109255043655842926e-36
1.757812515281019044e-44
3.477509033118795138e-63
9.524512785811359335e-16
3.240063096193447279e-33
7.738272422495141814e-41
8.889827682897803446e-38
1.012220791614331894e-33
4.131939745429116955e-16
4.257954765526497898e-17
0.000000000000000000e+00
2.737607902137853152e-35
0.000000000000000000e+00
0.000000000000000000e+00
0.000000000000000000e+00
0.000000000000000000e+00
0.000000000000000000e+00
0.000000000000000000e+00
0.000000000000000000e+00
0.000000000000000000e+00
0.000000000000000000e+00
0.000000000000000000e+00
0.000000000000000000e+00
0.000000000000000000e+00
0.000000000000000000e+00
0.000000000000000000e+00
0.000000000000000000e+00
0.000000000000000000e+00
0.000000000000000000e+00
0.000000000000000000e+00
0.000000000000000000e+00
0.000000000000000000e+00
0.000000000000000000e+00
0.000000000000000000e+00
0.000000000000000000e+00
0.000000000000000000e+00
0.000000000000000000e+00
0.000000000000000000e+00
0.000000000000000000e+00
0.000000000000000000e+00
0.000000000000000000e+00
0.000000000000000000e+00
2.423832398123057885e+01
7.183298176310572061e-05
5.837164830864152165e+00
8.245849019831301518e+01
1.203526314441628192e-01
2.099550005156936905e+00
2.213275230206970079e+01
2.847553963661449139e-02
1.539068268002959350e+01
4.207590731871723833e+00
2.157847268814350057e-10
3.350497196725190197e+00
6.839614758245805135e-10
5.635321056243842298e-11
0.000000000000000000e+00
0.000000000000000000e+00
1.772229688061009637e-12
4.200439415084745477e-03
7.444138695266766228e-17
1.728493047574930586e+01
1.792263711170173337e+03
1.887511240510993726e+00
0.000000000000000000e+00
1.818728071396769508e+01
1.041470063999261786e+00
1.782270056421174642e+00
2.306633206968210226e-02
6.888627996562296518e-02
5.496684945252829948e+02
1.189112309209691176e+02
2.573062418504363222e+02
1.374169417307438712e-11
7.046676808106616008e+00
1.268405561735407474e+02
1.270561259437533579e+02
2.219908707866629172e+01
5.633356050694161610e+01
8.069024475930044583e-14
1.342939788698510037e-11
1.835785647468087190e-09
3.053234282073537742e-09
2.379353626611740324e+01
7.235512862379624387e-09
6.467212009287882646e-01
1.351950933061346893e-01
6.764021631676810087e-02
2.131166621600965243e+02
2.367565025557904782e-13
9.996312466491348459e+03
3.530046875877793422e+00
4.519532848590343543e-01
7.808243293390411122e-01
2.461145175596723433e+01
8.785947870959565087e-02
8.786413397165342420e-01
1.080393750137527853e+01
3.813557601742749714e-01
1.132494441509611233e-01
5.659344288601566436e-02
4.362419186810074123e+00
2.331559889944815556e+00
9.102606667391835438e-03
2.073072771527270390e+02
1.654511163985783639e+01
3.390160463948722891e-02
5.524226009475675658e-01
7.730328920542486326e-01
1.871395525266132676e-01
2.101431480474525415e+01
3.723230211406739962e-13
1.141152953884213916e-10
3.431163923418114905e+02
0.000000000000000000e+00
4.199053530677068125e+01
3.287101003334209537e+01
1.921928499243591091e+02
1.688101166941724796e-01
6.465949068462473193e-01
6.872500805109972077e+01
0.000000000000000000e+00
2.045369176544955730e-11
2.366779305844747228e+01
4.041599386728352564e-10
3.521176261263257445e-01
1.799403913880978153e-10
5.653128280855777539e-04
2.102781071541506147e-02
1.819655988731273821e-01
1.212869864078880647e-16
5.437580585770070835e-02
0.000000000000000000e+00
6.310754261864377490e-01
1.365223331049700561e-01
5.402197900195997882e+00
4.228952454022867791e+00
2.219925688120978435e+01
4.131746575175960909e-15
9.303703948469254238e-15
9.399615535792049080e-11
2.116419216151615775e-10
1.161343448900163815e-13
1.450378187049119463e-03
9.925724115889577367e-04
8.801591497165330491e-04
1.655885279586388759e-01
2.426898119202575144e-03
5.308415737535997908e-02
0.000000000000000000e+00
1.803901239600296469e-13
1.212503400325126487e-12
6.741937927795002648e-04
2.155518443368736177e-13
4.105448257620503316e-13
0.000000000000000000e+00
1.547885070529823644e-12
3.871289176553642519e-02
1.498484209436158263e-04
7.487890855395320849e-04
1.619875939365559626e-04
1.166084495109491570e+02
4.093512662043329975e+00
3.175699958415731383e-01
8.727874732322822737e+00
1.888129344655613773e+00
5.061454538061330943e+00
0.000000000000000000e+00
0.000000000000000000e+00
0.000000000000000000e+00
0.000000000000000000e+00
5.823582220262728271e+01
6.790669276742927707e+01
0.000000000000000000e+00
0.000000000000000000e+00
0.000000000000000000e+00
0.000000000000000000e+00
0.000000000000000000e+00
3.907567331246956759e-03
2.141637030135729470e-03
1.897488199995256593e-03
1.815266064787042759e-03
3.238383952569185483e-03
5.376216566653199691e-03
5.376216566653199691e-03
5.376216566653199691e-03
5.376216566653199691e-03
1.924056502422361731e-02
3.794982358112791161e-06
1.484470152222618772e-02
5.376216566653199691e-03
5.376216566653199691e-03
5.376216566653199691e-03
5.376216566653199691e-03
5.376216566653199691e-03
5.376216566653199691e-03
5.376216566653199691e-03
5.376216566653199691e-03
5.376216566653199691e-03
5.376216566653199691e-03
5.376216566653199691e-03
5.376216566653199691e-03
5.376216566653199691e-03
5.717773419555999964e-04
9.420411206955300182e-03
4.703248135821100177e-03
1.498765032630679922e-02
2.770337121422000162e-04
2.087240296962000101e-04
7.286376057780148512e-04
5.578638961730708872e-04
3.366151337686730093e-03
3.081525674787599818e-03
6.324960666650855309e-04
5.078951389274200499e-03
3.996114437051972133e-03
4.029005773686142496e-03
1.081569972062099974e-03
9.474820849393705662e-04
2.607152631768401216e-02
3.767153977017172542e-03
7.589964716225612816e-06
6.753801617280569790e-03
1.723933588670554032e-02
9.792316995499414367e-03
4.517293354810365119e-02
5.645667761732084573e-03
3.744382593337000176e-04
5.047326536290000238e-04
9.951708737091098309e-03
4.680577543701436034e-05
9.234506722425720501e-05
2.733650802429928289e-03
2.785516554344542959e-03
2.023990590993499574e-05
5.295263397645972279e-03
3.994851389252595530e-01
1.209081577898813049e-02
1.264994119370919446e-06
0.000000000000000000e+00
3.509094183645157603e-03
2.529988238741870656e-06
1.264994119370919446e-06
3.288984710364429312e-05
1.920259583674428349e-03
0.000000000000000000e+00
1.095484907375200018e-03
6.381893842695727896e-03
2.761483155607114773e-03
0.000000000000000000e+00
1.178974519253700318e-03
3.024599946395486062e-03
2.656487650678970711e-05
0.000000000000000000e+00
6.324960666650855309e-04
2.732386304820785209e-03
3.996117912623267307e-03
2.876597123959657044e-03
1.574918671637114435e-03
5.059976477483741313e-06
0.000000000000000000e+00
2.642572715365800167e-03
7.691179141080719400e-04
1.412492384038564058e-02
1.611602508078500019e-03
3.770951441926258859e-03
2.330118174860785520e-03
2.788047039093499366e-03
1.401485892528634043e-02
0.000000000000000000e+00
6.324968610813871094e-03
1.539497843274399876e-03
2.617270846937671137e-03
4.819627594803199688e-03
1.404423392392851812e-18
6.324960666650869404e-04
2.269398457130986872e-03
1.122176432247007014e-02
8.903029108642752584e-03
2.029049574450585407e-03
2.074338300313828889e-02
6.700674346817954777e-03
4.791797227666842393e-03
3.162480333325427655e-04
4.099844947860785578e-03
7.316721517849682395e-03
1.493957558466842616e-03
8.111139314345254536e-03
5.439623666347171679e-05
1.264994119370919446e-06
0.000000000000000000e+00
1.722922338140349743e-02
1.718368011753480112e-02
7.257269276790270611e-03
7.844229030729354263e-03
7.450815363094001869e-04
2.433468293715527336e-02
3.213083077161370867e-03
1.263729621761757209e-03
7.587436714027625574e-03
3.087850645384400058e-03
5.116898730304414097e-03
2.869007655753614411e-03
2.737447274318700191e-03
2.909486474553155913e-05
2.894305552100286290e-03
3.162480333325427655e-04
5.059976477483741313e-06
2.150995752323241542e-02
6.324960666650855309e-04
6.324970596854675794e-06
5.059976477483741313e-06
4.933477065546644307e-05
6.388220302823000409e-04
3.684929359258071191e-03
8.095957398871426319e-04
1.119519299133042798e-03
6.527364690851426973e-04
0.000000000000000000e+00
