1.897392000000000053e+03
3.119596818152299988e+02
1.156206663996821682e+01
2.901407921612324614e+01
5.714111065763421288e-02
1.131938235994830391e-67
3.267571057525306567e-102
1.151686557850598192e+01
1.143870660674107143e+01
1.143393535545694562e+01
1.100202030225835337e+01
1.098475533530534598e+01
1.094534954277402505e+01
1.093994463712866150e+01
1.083821930618502982e+01
1.071443646331868749e+01
1.055690536459638373e+01
1.145495688476731821e+01
1.129221465091774945e+01
1.107659998195696360e+01
1.094913910883851571e+01
1.077908976763041160e+01
1.045021052643333270e+01
1.033205552930154525e+01
1.025952639368123087e+01
1.014260251639357335e+01
1.009852225961221706e+01
3.573020294094908511e-01
6.580626749363581496e+01
1.360923857617829391e+01
6.264689998808141381e-04
1.224130809389855334e-05
0.000000000000000000e+00
0.000000000000000000e+00
5.171845658471534080e+01
1.524161675794713631e+02
0.000000000000000000e+00
8.285295053737504745e+00
1.949530706074781516e+00
7.965977189317076409e+03
3.887349027878317820e+00
3.843767516167057030e-02
1.129513141116193310e+03
7.451259774924908763e-01
1.573934174264656427e+00
2.123739389695763080e+01
4.348773743068786501e+00
2.544285240591706576e-01
8.881930058585520982e-01
2.741312513434458698e+00
1.140850569331853315e+01
1.122890652604096262e+00
1.412733401131907840e+02
4.929850489646231892e+01
1.602982357112187728e+01
5.529830568467433238e+01
4.022877619125927673e+00
1.404745760035722135e+01
5.191459118604851319e+00
1.276160470937733660e+00
2.049028876539105326e+01
5.915208612990030534e-01
1.088168839860915256e+02
1.154667489589734686e+01
4.204458082553744092e+00
4.140673343012011998e+01
3.443582160342397280e+00
3.900508905143122540e+00
6.841774140602597809e-01
7.116751698505471779e+01
7.300382230361684988e-01
9.402876222034064924e+00
2.651895852696901912e+01
1.674039247445309186e+01
8.416603939820452296e-02
1.497720318032879916e-01
8.993376156694388555e+03
2.194386850448847515e+00
2.897571330994130445e+00
3.695763990100618401e-01
3.178823052018218270e-02
3.619182449063540474e-02
2.371905200098069731e-03
0.000000000000000000e+00
4.950960241820550500e+00
0.000000000000000000e+00
0.000000000000000000e+00
6.235271409958901279e-01
0.000000000000000000e+00
1.493798760290241034e+01
0.000000000000000000e+00
5.926302576241978225e-04
2.861922685806999982e-03
5.354354009429544241e-06
8.548918557654140216e+01
8.002828470113071760e-03
1.087237050307582846e-04
5.064139565509637286e+00
1.738118918620562527e-09
2.650185532549095463e-05
3.753138809301866181e-09
1.173290533110054312e+01
7.985278569834413438e-05
3.216024164572406221e+02
1.093970893696530444e-06
3.739183369468497276e-01
6.198803486422783493e+01
1.052458726306100914e-04
2.773706830037452212e-06
3.714239265674605406e+01
3.160133575803793942e-04
1.224088704609851277e+02
1.072538460852872571e-07
1.365727420564006808e-04
1.845375698047439957e-03
5.304192746788412904e+00
2.999397994728247863e-02
1.076766200239398275e-04
1.755304177806300131e-03
3.666090786854877921e-07
6.011836681944158989e-06
2.259969327723239076e+03
2.617275536593345839e-06
2.622083661629454987e-04
1.766101308125371361e+04
2.662390158604224788e-02
2.661617056108696588e-01
1.846472718086767145e+03
2.783549561455066646e-03
2.005807466369102787e-02
1.862849895945124443e-02
2.510306657977942266e-02
7.385426751077298955e-07
3.296822680877464773e-01
7.047528458756430602e-11
1.811672161530843539e-12
2.228302879668641860e-12
8.600551608615959395e-04
1.325587699391278367e-10
2.179224343739041003e-01
6.083547367712571763e+00
1.941951147170831792e-11
1.276516706830469566e-12
2.321056917279649147e-12
2.188920712719162687e-09
1.425879824047992444e-10
2.691265667121685159e-10
6.336769314967475602e-12
2.448664703824743925e-18
7.135078573084911131e-10
1.193529317972958200e-12
2.382600955313099171e-10
1.645956029714639381e-14
3.644697476272940861e-09
3.657665424998095918e-12
9.171586453110412927e-16
4.915352043187280708e-18
6.141866997612914573e-19
3.588547149320443095e-16
6.902494494969199320e-17
3.921656947838095569e-17
0.000000000000000000e+00
2.753290741504725858e+01
5.185178500814507174e+01
2.137792483844481420e-04
4.026560912833001887e-04
4.951110910229069277e-05
2.304437082279726120e-13
4.339884005952245951e-13
0.000000000000000000e+00
1.229603899588764904e+01
2.160542761958940926e-04
1.999505747594449545e+00
4.222722194089153364e-02
8.462383340154771075e-03
7.580551867850833236e-01
5.885902563522002613e-06
1.363169652073597374e-06
6.344644518141347134e-15
4.570165128371706717e-11
1.058446065098632108e-11
4.926359689377982206e-20
1.140940399757112677e-20
5.310315734937222190e-29
1.511923932261617642e-01
3.998005388082790518e-03
1.366544781479362536e+00
2.436682156373870187e-02
5.146235697788268871e-16
5.909142570947445365e-24
2.770078570618392073e-32
1.959128596041428704e-17
7.752033265586128768e-20
1.865981409463427098e-17
4.305025569871117601e-19
0.000000000000000000e+00
1.169696992647679854e-14
9.659927727007481659e-20
1.012488566193167718e-28
1.123866242362886019e-27
1.389602411220173103e-22
2.921025294446987672e-28
0.000000000000000000e+00
1.304230363329901932e-36
5.268862878966880178e-36
0.000000000000000000e+00
6.522611958294288759e-31
1.212821989858258850e-36
5.651780923661270727e-45
2.063051070155662739e-16
4.008687251898910957e-38
2.358713619453969376e-16
1.223863486504868246e-17
0.000000000000000000e+00
4.227742394610812047e-31
2.045382998395860683e-38
3.998612630031718024e-47
5.944248860299732704e-47
4.580991680336010260e-55
1.164853209739534343e-63
7.571438292316606707e-34
3.003882273733871434e-41
3.538704967181096082e-33
3.373593198225824505e-35
0.000000000000000000e+00
5.185817944779890887e+00
4.026561244902565249e-05
4.340392426994816106e-14
4.278959806580165601e-19
0.000000000000000000e+00
1.150663549341169678e-14
4.158965548841403154e-31
9.600789392269033586e-20
2.032585289408879744e-38
1.006292768811356058e-28
3.973928987115447775e-47
1.122751271429774855e-27
0.000000000000000000e+00
1.380908063812203802e-22
1.302766241559060769e-36
4.575319250344405266e-55
5.263766428226858370e-36
0.000000000000000000e+00
6.482903598594572221e-31
1.211510549803915202e-36
5.645870469863928650e-45
1.163606014878051525e-63
2.061336080030503131e-16
7.564464458509870377e-34
3.000432457259037253e-41
4.003905802343386249e-38
3.534264597796135435e-33
2.355759823113485566e-16
1.222097457080583222e-17
0.000000000000000000e+00
3.367651708285010762e-35
0.000000000000000000e+00
1.418164363373191733e-17
0.000000000000000000e+00
3.810526946660545406e-35
0.000000000000000000e+00
3.004856893771111575e-23
0.000000000000000000e+00
8.182486044261508669e-19
2.923292502895296906e-35
6.735219642529731239e-24
1.410572528702556824e-42
6.994193010243895555e-33
2.730930737999596398e-51
7.960457528429931532e-32
0.000000000000000000e+00
9.709214762678517823e-27
9.129814488440981682e-41
3.168055282426504580e-59
3.688594719845378427e-40
0.000000000000000000e+00
4.505165144754989389e-35
8.484560122033349554e-41
3.911252775215847200e-49
7.963699968103873362e-68
1.459271921138653949e-20
5.288984870262073408e-38
2.125049150287584414e-45
2.822446983293259950e-42
2.454804305145084535e-37
1.650979422025588353e-20
8.394460746612426159e-22
0.000000000000000000e+00
2.248397083502439437e-39
0.000000000000000000e+00
2.787009319057361264e-18
0.000000000000000000e+00
2.105324728503163724e-13
7.407904603901329376e-30
6.237560676050773139e-19
1.288251041870339366e-37
6.404111617990038889e-28
2.465142092894124623e-46
5.780693666229182220e-28
0.000000000000000000e+00
9.016596855257859664e-22
6.597416333217709660e-37
2.277988571635999998e-55
2.666085981576860652e-36
0.000000000000000000e+00
4.123979624868065181e-30
6.129815167138187210e-37
2.813849490320229387e-45
5.701932487705318435e-64
1.068641921632652040e-16
3.852662862720683436e-34
1.541689111593497676e-41
2.043388794517893872e-38
1.782094581350898413e-33
1.202971849690974502e-16
1.880263806343066174e-17
0.000000000000000000e+00
3.648365377826374250e-35
0.000000000000000000e+00
2.789472104931323102e-18
0.000000000000000000e+00
2.107148898364683603e-13
7.414413429976826739e-30
6.243079807322325952e-19
1.289405723232689310e-37
6.409839340790375453e-28
2.467376774479057193e-46
5.788942704562964041e-28
0.000000000000000000e+00
9.024554337654958926e-22
6.606910481467273116e-37
2.281295476509016419e-55
2.669922352285358506e-36
0.000000000000000000e+00
4.127668886344283094e-30
6.138640443875036265e-37
2.817932136759039840e-45
5.710278264646406348e-64
1.070161400730975316e-16
3.858190434721322708e-34
1.543891381699209962e-41
2.046317821387045993e-38
1.784664492594596602e-33
1.204695451417550962e-16
1.880461690868752777e-17
0.000000000000000000e+00
3.648885338417847663e-35
0.000000000000000000e+00
2.347351016633382602e-17
0.000000000000000000e+00
4.537975819532514807e-35
0.000000000000000000e+00
1.660922520969340873e-22
0.000000000000000000e+00
4.963848537379776420e-18
1.793053755725143154e-34
3.312760312003383121e-23
7.009286287026725053e-42
4.771660571941718045e-32
1.883659550309968286e-50
3.389912947346590863e-31
0.000000000000000000e+00
4.765048762353714977e-26
5.055122619863491998e-40
1.774636856056625060e-58
2.269432167607850899e-39
0.000000000000000000e+00
3.073736624292626233e-34
4.700633363255758769e-40
2.919723213911836807e-48
6.015033859758785984e-67
1.778263247794036531e-20
6.523342635988599805e-38
1.293904260328011052e-45
1.726501352038683684e-42
1.218817753426214202e-36
8.126560810216847583e-20
3.055460468176933845e-21
0.000000000000000000e+00
8.202982954032838787e-39
0.000000000000000000e+00
1.083412847316780527e-21
0.000000000000000000e+00
9.093387145976552121e-17
3.199645437812269099e-33
2.155361763147037157e-22
4.451493916635326563e-41
3.042737782580558429e-31
1.171250639253189808e-49
1.748756705006752027e-31
0.000000000000000000e+00
3.115645694634537472e-25
2.566051195066138976e-40
8.860234325149693570e-59
1.152193530282495282e-39
0.000000000000000000e+00
1.959406332715588827e-33
2.384191647493403972e-40
1.459262004463928827e-48
2.957020653777541127e-67
9.236632177471660000e-21
3.329985358541272609e-38
6.662339351410656437e-46
8.830410732075831177e-43
6.160990656562368667e-37
4.158870093193295444e-20
5.064831426794138819e-21
0.000000000000000000e+00
9.791163850892924825e-39
0.000000000000000000e+00
7.705709228507551042e-20
0.000000000000000000e+00
2.070835522487174658e-15
7.487450530733235415e-32
1.296620817199671257e-20
2.743303732161486658e-39
1.358642505130125724e-29
5.364340025706454833e-48
1.516333573532019256e-28
0.000000000000000000e+00
1.865149466878695430e-23
1.172619559944647061e-37
4.117267495604269403e-56
7.107730954680234096e-37
0.000000000000000000e+00
8.754157456601575980e-32
1.090592690692617572e-37
5.081274633744629007e-46
1.046976097711561072e-64
3.712539667283082144e-17
1.362048275159341646e-34
6.753631550185879629e-42
9.010662096262810712e-39
3.180925519666772934e-34
6.362033278532242355e-17
9.571537483357352236e-19
0.000000000000000000e+00
2.570130984832047769e-36
0.000000000000000000e+00
1.035067924469327443e-19
0.000000000000000000e+00
1.392422429764229601e-15
5.024746150945462427e-32
5.808343555915217500e-20
1.227542280045874989e-38
2.429025197559082450e-29
9.576225201390681171e-48
8.144656422751197107e-28
0.000000000000000000e+00
8.325378528721399245e-23
9.431907625996996529e-37
3.306550904063488831e-55
1.905719147515789729e-36
0.000000000000000000e+00
1.566693359962736214e-31
8.776748342894878113e-37
2.038744742338850207e-45
4.202541960778961437e-64
7.493021817298097502e-17
2.744300863733433650e-34
1.079055392058388876e-41
1.438952860582599771e-38
2.983650395931059006e-33
2.276080607332609719e-16
8.901989122936770706e-18
0.000000000000000000e+00
2.380755455222717038e-35
0.000000000000000000e+00
9.769595197590632793e-20
0.000000000000000000e+00
1.313619988062686040e-15
4.747133407507038257e-32
5.480789497943280172e-20
1.160153028105933032e-38
2.297179780843811962e-29
9.071572183130682271e-48
7.691399076892472805e-28
0.000000000000000000e+00
7.883414906889590596e-23
8.921758756235657832e-37
3.133232839361568024e-55
1.802663685159386291e-36
0.000000000000000000e+00
1.480112766605769027e-31
8.297754154287969757e-37
1.933195555611929772e-45
3.983568244943858810e-64
7.060963564222842053e-17
2.590686144365652886e-34
1.026929663968193826e-41
1.370293256911793646e-38
2.821955836033770778e-33
2.149962015258836272e-16
8.496203868864037788e-18
0.000000000000000000e+00
2.281889296614847303e-35
0.000000000000000000e+00
1.792563043017853618e-21
0.000000000000000000e+00
1.504551697333193245e-16
5.293928278018173499e-33
3.566176066735136586e-22
7.365181413460218520e-41
5.034314892846919494e-31
1.937863226731039523e-49
2.893428644111384090e-31
0.000000000000000000e+00
5.155035425560077094e-25
4.245617479701595658e-40
1.465946023633945497e-58
1.906354552949021850e-39
0.000000000000000000e+00
3.241924640014300358e-33
3.944746246624997960e-40
2.414384176802458843e-48
4.892400156507816309e-67
1.528266996461149147e-20
5.509629286370386296e-38
1.102270926047831841e-45
1.460966924230447922e-42
1.019310052516410956e-36
6.880739326472194024e-20
8.379806239633610087e-21
0.000000000000000000e+00
1.619906552822630312e-38
0.000000000000000000e+00
1.387823992326511991e-20
0.000000000000000000e+00
4.147665231367386129e-16
1.498228587880629099e-32
2.768057245732684430e-21
5.856773821691816997e-40
3.987073359649259930e-30
1.573935177566498536e-48
2.832524141468931515e-29
0.000000000000000000e+00
3.981552366022768079e-24
4.223927815477428121e-38
1.482839050624642926e-56
1.896277943710440382e-37
0.000000000000000000e+00
2.568332563851188666e-32
3.927725368344061324e-38
2.439642416352502022e-46
5.025997798120402068e-65
1.485871121827136693e-18
5.450734660159209455e-36
1.081152839243236392e-43
1.442619570222102555e-40
1.018411894187684098e-34
6.790342655883612643e-18
2.553060393970078408e-19
0.000000000000000000e+00
6.854182595534229547e-37
0.000000000000000000e+00
7.002500317603659702e-19
0.000000000000000000e+00
1.881793153199578713e-14
6.804065755054308260e-31
1.178289126109457303e-19
2.492865904698605249e-38
1.234634156977494539e-28
4.874672019091797808e-47
1.377951281010200041e-27
0.000000000000000000e+00
1.694941105425584653e-22
1.065590485291843362e-36
3.741427998299997580e-55
6.459020852925546200e-36
0.000000000000000000e+00
7.955189475988636164e-31
9.910553773523333313e-37
4.617466069342999630e-45
9.513990107744505558e-64
3.373755994376080198e-16
1.237741936647485487e-33
6.137312222595693110e-41
8.188297834527033557e-38
2.890592104345796663e-33
5.781405173743300881e-16
8.697824087704483743e-18
0.000000000000000000e+00
2.335451972727968027e-35
0.000000000000000000e+00
1.024423122453251152e-18
0.000000000000000000e+00
1.378107189264635871e-14
4.973037787033714177e-31
5.748621358367731345e-19
1.214906987424095665e-37
2.404011379965557774e-28
9.477500221107430251e-47
8.060867324118616265e-27
0.000000000000000000e+00
8.239573024776392553e-22
9.334765762117161635e-36
3.272455561282418526e-54
1.886091726113326582e-35
0.000000000000000000e+00
1.550571129710170160e-30
8.686385721750957161e-36
2.017712617345438150e-44
4.159197921252393683e-63
7.416046522863391056e-16
2.716074770756239278e-33
1.067895909900274011e-40
1.424065078859543614e-37
2.952923262131179313e-32
2.252660810705389617e-15
8.810445286530366566e-17
0.000000000000000000e+00
2.356258636896662105e-34
0.000000000000000000e+00
0.000000000000000000e+00
0.000000000000000000e+00
0.000000000000000000e+00
0.000000000000000000e+00
0.000000000000000000e+00
0.000000000000000000e+00
0.000000000000000000e+00
0.000000000000000000e+00
0.000000000000000000e+00
0.000000000000000000e+00
0.000000000000000000e+00
0.000000000000000000e+00
0.000000000000000000e+00
0.000000000000000000e+00
0.000000000000000000e+00
0.000000000000000000e+00
0.000000000000000000e+00
0.000000000000000000e+00
0.000000000000000000e+00
0.000000000000000000e+00
0.000000000000000000e+00
0.000000000000000000e+00
0.000000000000000000e+00
0.000000000000000000e+00
0.000000000000000000e+00
0.000000000000000000e+00
0.000000000000000000e+00
0.000000000000000000e+00
0.000000000000000000e+00
1.570077570407306666e+00
7.183296179002846493e-05
6.952873386247998333e+00
7.217706988776579635e+01
1.122062415279965059e-01
2.110593376344322536e+00
2.296991389676823303e+01
2.914100193773169756e-02
1.530258752374854403e+01
4.247335857261239411e+00
7.752418041633640713e-11
3.997099704101213291e+00
4.863142819935775391e-10
1.968424308663262914e-11
0.000000000000000000e+00
0.000000000000000000e+00
1.824849916577597123e-12
4.200439332045510267e-03
7.665167512823405336e-17
1.703110000813309455e+01
1.671149999107683925e+03
1.753675816442122892e+00
0.000000000000000000e+00
2.249701038733639891e+01
1.195828844272018632e+00
2.011972102841472765e+00
2.953123812750884161e-02
9.914125014399315095e-02
4.037948231923720073e+02
1.151388348450830108e+02
3.282042209800001729e+02
1.811860578550651378e-11
7.596160976053909053e+00
1.367315607268901090e+02
1.191799714761836952e+02
2.244754100593174329e+01
5.696575501360962335e+01
5.020469404985357063e-14
8.835725230403042408e-12
1.327164031079909889e-09
2.336081971806614104e-09
2.896577504792363555e+01
6.785199157606207632e-09
6.467211940310489959e-01
1.755511834198283938e-01
8.783868685308973689e-02
2.195738848067995832e+02
2.436982920412424975e-13
9.996334381877868509e+03
3.493678280300582806e+00
4.681290048457983910e-01
7.383750430629504313e-01
2.380650240312094823e+01
9.322903544580148083e-02
9.323469689090572166e-01
1.223780761038472775e+01
4.275090328413033158e-01
1.190404120779186836e-01
5.011351725829239073e-02
4.780046260489917209e+00
2.353807607325355988e+00
9.655954106274599810e-03
1.857694218651126619e+02
1.573457645336740818e+01
4.998186770673909013e-02
4.493467680914209339e-01
6.746937010846132399e-01
2.243388354563412013e-01
2.147214317253222760e+01
3.917406559535348436e-13
1.211715886819670324e-10
3.455131411077285861e+02
0.000000000000000000e+00
3.082507453428744171e+01
2.778261111654711613e+01
2.071871161975801385e+02
1.706114822913751827e-01
6.951354432631492442e-01
6.436585932048546965e+01
0.000000000000000000e+00
1.277983048320787891e-11
2.626232291789768425e+01
1.567342160644220817e-10
3.629731129285806435e-01
6.488774814576251104e-11
5.675154475230741440e-04
2.113400599639250407e-02
2.252342479285639187e-01
1.164492486382375259e-16
4.977835751763562411e-02
0.000000000000000000e+00
6.672110963228109481e-01
1.902497672632220971e-01
5.058452125579270486e+00
4.559175218089658088e+00
2.244769641342810829e+01
2.599594363858045059e-15
6.240083108742373937e-15
6.871123089553403647e-11
1.649234765260739458e-10
1.230448133670273780e-13
1.486810785332631692e-03
1.052206113459135724e-03
9.339936233698116486e-04
1.574549768691435592e-01
2.094731408034594244e-03
4.654847528994141004e-02
0.000000000000000000e+00
6.495313158860485504e-14
4.699579856191377989e-13
7.230387539447109824e-04
7.600490766240787597e-14
4.575166150157127341e-13
0.000000000000000000e+00
1.097835144405167555e-12
4.932130534271510214e-02
2.432460926562775294e-04
8.929221778260014149e-04
2.546094852679105323e-04
1.120133451609293331e+02
4.052335226600826346e+00
4.046956589186846420e-01
8.170663383340404096e+00
2.329795343995595402e+00
5.117310467144011277e+00
0.000000000000000000e+00
0.000000000000000000e+00
0.000000000000000000e+00
0.000000000000000000e+00
5.949796696564484222e+01
6.664454800441190230e+01
0.000000000000000000e+00
0.000000000000000000e+00
0.000000000000000000e+00
0.000000000000000000e+00
0.000000000000000000e+00
3.907567331246956759e-03
5.603968634730157510e-04
0.000000000000000000e+00
1.182769998121957229e-03
3.870880019234271014e-03
5.376216566653199691e-03
5.376216566653199691e-03
5.376216566653199691e-03
5.376216566653199691e-03
2.082180519088632983e-02
3.794982358112791161e-06
1.610969365555635704e-02
5.376216566653199691e-03
5.376216566653199691e-03
5.376216566653199691e-03
5.376216566653199691e-03
5.376216566653199691e-03
5.376216566653199691e-03
5.376216566653199691e-03
5.376216566653199691e-03
5.376216566653199691e-03
5.376216566653199691e-03
5.376216566653199691e-03
5.376216566653199691e-03
5.376216566653199691e-03
5.717773419555999964e-04
9.420411206955300182e-03
4.703248135821100177e-03
1.498765032630679922e-02
2.770337121422000162e-04
2.087240296962000101e-04
1.361133672443100382e-03
8.741119295056145200e-04
4.314895437684357522e-03
1.500285508124886424e-03
0.000000000000000000e+00
4.446455322609116703e-03
3.047370337054343837e-03
3.396509707021056965e-03
2.662810138724813584e-03
1.263730118271913332e-03
2.227654991769350071e-02
5.980890210344972334e-03
7.589964716225611122e-06
7.386297683945655321e-03
1.534184768671028286e-02
7.578580762171614575e-03
4.770291781476399678e-02
5.645667761732084573e-03
3.744382593337000176e-04
3.162480333325427655e-04
1.121670087042126937e-02
6.793018421020998506e-04
3.162480333325427655e-04
3.049898835762471054e-03
3.418012621009629791e-03
2.023990590993499574e-05
3.081527164318172921e-03
3.862027215252927803e-01
2.094576071229933140e-02
1.264994119370919446e-06
0.000000000000000000e+00
1.927854016982443342e-03
2.529988238741870656e-06
1.264994119370919446e-06
3.288984710364429312e-05
9.715154836768000526e-04
0.000000000000000000e+00
1.411732940707742783e-03
4.800653676033013635e-03
4.658971355602370933e-03
1.505343002051000019e-04
1.811470585918785632e-03
1.443359779732770933e-03
0.000000000000000000e+00
3.162480333325427655e-04
9.487440999976282964e-04
3.681130404818413939e-03
9.056086445943956759e-03
5.406581390620000468e-03
1.891166704969657201e-03
5.059976477483741313e-06
0.000000000000000000e+00
3.591316815363427596e-03
1.085365947440613404e-03
1.191118760705784339e-02
9.791064414134144876e-04
7.249679808584229279e-03
2.013870141528242754e-03
5.743108057657000075e-04
4.527417925310056601e-03
0.000000000000000000e+00
4.111232377486072169e-03
1.539497843274399659e-03
1.352278713607500075e-03
4.187131528138114157e-03
0.000000000000000000e+00
3.162480333325441749e-04
1.320654357133358358e-03
1.375174858913041226e-02
1.111676534197055324e-02
2.029049574450585407e-03
2.232462316980100142e-02
5.119434180155241383e-03
7.005533460994640450e-03
1.555952697029143700e-04
4.416092981193328777e-03
5.102985284521885205e-03
3.075197725129556661e-03
5.264907014352370948e-03
2.584380503323813888e-03
1.264994119370919446e-06
1.011995295496748601e-05
2.323793601472181128e-02
2.034616045086023312e-02
6.308525176792641881e-03
9.109221164059525325e-03
6.324960666650855309e-04
2.053970653716475844e-02
1.948090943831200022e-03
1.896225688426842523e-03
1.011742098068796857e-02
3.404098678716943258e-03
4.484402663639328566e-03
2.869007655753614411e-03
3.053695307651242957e-03
2.909486474553155913e-05
4.807325210740049260e-05
1.657142296375000074e-04
5.059976477483741313e-06
2.056121342323478235e-02
8.526050434355855181e-04
6.324970596854693582e-06
3.213080098100265102e-04
4.933477065546644307e-05
1.271318096947385680e-03
4.633673459255699921e-03
1.770996732220571823e-04
4.870232324679572128e-04
3.364884357525999318e-04
0.000000000000000000e+00
