1.897392000000000053e+03
3.194320911630443334e+02
8.314277660149592464e+00
1.413487647761805874e+02
2.752591626602688635e+00
1.350360697219107060e-71
2.118883023890410637e-102
8.308917799496299494e+00
8.299015180199765140e+00
8.298408319575230507e+00
8.246799332500389212e+00
8.244743511251781953e+00
8.240109127056621574e+00
8.239474621224520234e+00
8.228378018732326993e+00
8.217006088297058142e+00
8.207703287915474988e+00
8.300913510523693972e+00
8.278614878294257906e+00
8.248878646574722140e+00
8.232088941132134963e+00
8.213215641384440602e+00
8.203378032985526147e+00
8.204241843778689258e+00
8.206644596570127348e+00
8.216134596549663272e+00
8.220577130148781109e+00
9.334953955452087726e-01
6.777704382124701965e+01
1.378263744651076017e+01
3.946592796033008567e-04
1.197508889132291645e-05
0.000000000000000000e+00
0.000000000000000000e+00
4.266990588304240362e+01
1.528116913188598858e+02
0.000000000000000000e+00
9.239746699928126361e+00
1.812839489588483399e+00
7.966411688447468805e+03
3.777851277158388310e+00
3.768557535333118963e-02
1.129628695444099321e+03
7.009451981478194149e-01
1.561093208089565643e+00
2.080505478960024490e+01
4.256592324274199868e+00
2.545896440004522532e-01
8.888711399960582682e-01
2.743947215799333872e+00
1.140854188482188114e+01
1.122456633939856063e+00
1.412807544722362820e+02
4.928846727239636039e+01
1.602624175964573183e+01
5.529830405738113086e+01
4.022975256181024584e+00
1.404706228278949176e+01
5.194942344140362600e+00
1.275184937395039242e+00
2.046322746866047382e+01
5.920784767852222963e-01
1.088158238039153360e+02
1.155475944917733599e+01
4.204586338991798122e+00
4.142554218713199532e+01
3.443594550139850607e+00
3.900523085986797422e+00
6.841795343171900301e-01
7.116751607918382661e+01
7.300406439596148767e-01
9.402879382097266259e+00
2.651895729409283220e+01
1.674039310010378045e+01
8.405193600374358254e-02
1.497720318032879916e-01
8.994800124882458476e+03
2.133359148302607089e+00
2.896877285670695468e+00
3.617376935860282527e-01
3.181020717096216810e-02
3.620274488822539799e-02
2.371208183412559529e-03
0.000000000000000000e+00
5.043746928093928439e+00
0.000000000000000000e+00
0.000000000000000000e+00
8.860425166002032782e-01
0.000000000000000000e+00
1.638512687786386834e+01
0.000000000000000000e+00
5.977336834969587155e-04
2.861899898603692972e-03
5.394968720219328220e-06
9.101630232733145931e+01
8.587355712881371630e-03
8.708828021326840468e-05
4.812839336557609649e+00
1.323175224258975938e-09
3.086176957522081146e-05
4.794087194282929071e-09
1.572758090200778547e+01
8.573843644599825006e-05
3.361193211027426173e+02
9.158436695160705946e-07
4.070959989072160390e-01
6.931567119766270935e+01
1.185407240221428581e-04
2.795341468533561109e-06
3.954118963370802220e+01
3.384615279152627444e-04
1.270562316364491267e+02
1.121929537784813589e-07
1.325011579658547361e-04
1.780246199300218341e-03
5.647190526691550083e+00
3.080514636398167666e-02
1.002084388652760158e-04
1.726546579691157950e-03
3.174976562485905097e-07
5.423752567973069808e-06
2.259974710624158433e+03
2.266596410450280525e-06
2.174680514998557433e-04
1.742859347378912935e+04
2.179042962073579615e-02
2.176971619124903612e-01
1.822977300758303500e+03
2.279211600526555304e-03
1.543499299513049518e-02
1.523165471278096691e-02
4.155067410114706566e-02
9.996370998236812364e-07
3.692133173545135705e-01
8.756353424082831408e-11
1.055984597631884435e-12
1.373729953668895201e-12
5.656726715604870441e-04
1.009919328278687838e-10
1.917706239958451853e-01
6.098277170733056529e+00
1.867896105072089761e-11
1.877865058933529537e-12
1.054753378990554801e-12
2.254350950982630255e-09
2.204618249337791972e-10
1.215210367436790185e-10
7.055038780237184083e-12
2.829697123984297008e-18
8.451750675938766973e-10
1.229178160879854051e-12
2.451646801840842084e-10
1.722802959375496459e-14
3.250649756284076702e-09
3.254400692456746474e-12
4.375173580698426386e-16
4.924821915613851286e-18
6.153430466186584969e-19
2.112286956436575425e-16
1.596860969522090956e-17
1.630423590418092158e-17
0.000000000000000000e+00
2.867116561822486887e+01
4.994473185430777562e+01
2.249493753504847472e-04
3.919322384869428143e-04
4.944697094091347195e-05
2.429740020602172720e-13
4.232820839380516676e-13
0.000000000000000000e+00
1.339817998229960949e+01
2.160542773192715524e-04
2.026507787589292509e+00
3.621318473632070822e-02
1.730729940762063337e-02
8.220176303155706243e-01
6.449434227735066410e-06
1.417676671169276114e-06
6.966128639069992654e-15
5.060211659578192063e-11
1.112305943102443934e-11
5.465608937079567896e-20
1.201417986492395198e-20
5.903484491746476189e-29
1.795102923839729803e-01
4.106707285499461985e-03
1.237463628951976480e+00
5.906602210169353828e-02
2.284066155438166635e-16
5.584890753457622723e-24
2.718862276926965179e-32
1.962934924633155512e-17
4.561329256418356630e-20
5.484170528305109877e-18
1.966036870132109589e-19
0.000000000000000000e+00
5.317856552618629125e-15
4.245506902389776288e-20
4.708343382294942023e-29
1.119375841160903670e-27
1.363383695812734046e-22
2.758626781707575061e-28
0.000000000000000000e+00
1.300056519150545986e-36
5.438579120296978899e-36
0.000000000000000000e+00
6.626575458127575538e-31
1.189949112341659097e-36
5.843989970948116670e-45
2.249522692551506529e-16
1.113998457075688943e-38
7.895796046968258402e-17
5.567564328160692536e-18
0.000000000000000000e+00
8.908766524896482452e-32
9.083424377759652100e-39
1.878158054617731627e-47
5.564144569429862445e-47
4.506026701250290844e-55
1.188013419596575539e-63
8.007645745551820860e-34
1.039811891696344212e-41
2.917856530837810830e-34
7.064059964104442675e-36
0.000000000000000000e+00
4.995293338242661640e+00
3.919278039315219291e-05
4.233274334013037293e-14
1.953267683526502247e-19
0.000000000000000000e+00
5.225126378275765052e-15
8.753370367298240530e-32
4.217649457168434069e-20
9.022496710556037653e-39
4.677451610424061710e-29
1.865716295661873790e-47
1.118228966270385609e-27
0.000000000000000000e+00
1.354239814332184308e-22
1.298541657076421231e-36
4.500230428962956963e-55
5.433039579418396685e-36
0.000000000000000000e+00
6.583312128827626790e-31
1.188612458963545279e-36
5.837544518347459534e-45
1.186678740824688462e-63
2.247522003625177275e-16
7.999808525890248465e-34
1.038267670637625226e-41
1.112292625591408121e-38
2.914642858513825204e-34
7.886769431753256394e-17
5.560845604660192973e-18
0.000000000000000000e+00
7.054672123902415445e-36
0.000000000000000000e+00
6.600959310930570947e-18
0.000000000000000000e+00
8.295029219644090043e-36
0.000000000000000000e+00
1.366001171384755448e-23
0.000000000000000000e+00
3.691922188119843438e-19
6.100280624523677650e-36
2.954033884426688741e-24
6.246905087952184826e-43
3.236162368198471220e-33
1.274645634340043023e-51
7.934285759533511962e-32
0.000000000000000000e+00
9.504292459648133884e-27
9.105685434175512754e-41
3.117952166816765949e-59
3.801846508783030270e-40
0.000000000000000000e+00
4.555530591217143815e-35
8.328670225338609752e-41
4.038037066649489744e-49
8.113356834177082761e-68
1.587088202087354682e-20
5.581978199910900406e-38
7.093364778657707852e-46
7.569488561825019454e-43
2.059111644866702430e-38
5.584209544408279853e-21
3.915091458592899780e-22
0.000000000000000000e+00
4.917117106731802027e-40
0.000000000000000000e+00
1.361585616874544732e-18
0.000000000000000000e+00
1.017852226729084146e-13
1.651628970286622617e-30
2.949262287418286716e-19
6.142980704744211295e-38
3.179640318354377230e-28
1.232901583699435384e-46
6.115603269709885117e-28
0.000000000000000000e+00
9.506415344242671628e-22
6.983213647548360909e-37
2.379273447608719547e-55
2.913840926228081117e-36
0.000000000000000000e+00
4.478043718324951258e-30
6.386093538201906752e-37
3.080142169317913747e-45
6.159817559765405538e-64
1.232356890865374979e-16
4.312115279071944324e-34
5.380490699281762676e-42
5.735109476982761465e-39
1.598426974779999365e-34
4.338777005777784476e-17
1.271378422937784443e-17
0.000000000000000000e+00
1.355772575360716859e-35
0.000000000000000000e+00
1.362788941888522858e-18
0.000000000000000000e+00
1.018737185600201177e-13
1.653089067636370323e-30
2.951864546371099221e-19
6.148476667724439157e-38
3.182487371200415459e-28
1.234022116753035476e-46
6.124305631152795422e-28
0.000000000000000000e+00
9.514786540945699851e-22
6.993235847952799781e-37
2.382718031941600409e-55
2.918028612005030707e-36
0.000000000000000000e+00
4.482052048316799148e-30
6.395263133639607634e-37
3.084605999068273999e-45
6.168820319032220870e-64
1.234108017588113360e-16
4.318295979980247370e-34
5.388361442642909830e-42
5.743520992905445039e-39
1.600698024764209717e-34
4.344931812519943563e-17
1.271479137168803577e-17
0.000000000000000000e+00
1.355895964935998118e-35
0.000000000000000000e+00
1.595768296606364148e-17
0.000000000000000000e+00
1.699713889664216765e-35
0.000000000000000000e+00
7.950343149363369585e-23
0.000000000000000000e+00
2.363392571294767514e-18
3.956595429684256741e-35
1.526170528350890092e-23
3.262786328475520126e-42
2.325762540862268763e-32
9.272892386668735593e-51
3.541101814109699527e-31
0.000000000000000000e+00
4.900558410685704508e-26
5.284694955978337802e-40
1.830713232599354738e-58
2.456591478516310925e-39
0.000000000000000000e+00
3.273031435599713835e-34
4.836889563293536546e-40
3.165974742955687107e-48
6.433384315160574577e-67
2.033263270677279848e-20
7.234677257208667615e-38
4.690109850291004535e-46
5.024054180058723374e-43
1.054749603710983713e-37
2.854309336481885409e-20
1.492833373572959084e-21
0.000000000000000000e+00
1.875600719024282273e-39
0.000000000000000000e+00
5.551181149669189974e-22
0.000000000000000000e+00
4.610798851492238117e-17
7.481759805086591974e-34
1.068817895155174071e-22
2.226226364350864657e-41
1.584413285761564905e-31
6.143574203694437852e-50
1.940321488751021219e-31
0.000000000000000000e+00
3.445141985906204773e-25
2.848601234855570806e-40
9.705611702780050403e-59
1.320693418819550714e-39
0.000000000000000000e+00
2.231419338637658214e-33
2.605037477552475991e-40
1.675282436255884619e-48
3.350309827345977307e-67
1.117127821251959444e-20
3.908918183544136446e-38
2.438575365549288295e-46
2.599297343930124580e-43
5.795589254818202627e-38
1.573157321734470276e-20
3.611216753140690999e-21
0.000000000000000000e+00
3.846414259425313400e-39
0.000000000000000000e+00
3.471507301094856956e-20
0.000000000000000000e+00
9.280018567479900942e-16
1.555112678530651469e-32
5.621863736689178682e-21
1.201847739708416008e-39
6.232641151189120574e-30
2.485480864879145107e-48
1.490657257921866543e-28
0.000000000000000000e+00
1.805289446235494352e-23
1.153668601783276245e-37
3.997211731359737102e-56
7.240926870454526229e-37
0.000000000000000000e+00
8.773441171415172020e-32
1.056109995534998530e-37
5.185470041063779765e-46
1.053867117631256193e-64
3.995080752840608952e-17
1.421664717283746872e-34
2.304990196640062682e-42
2.468859501663172582e-39
2.590063478571499369e-35
2.102687596539646497e-17
4.399588251349698475e-19
0.000000000000000000e+00
5.527256847887249393e-37
0.000000000000000000e+00
5.019478350785289749e-20
0.000000000000000000e+00
6.713839026651129883e-16
1.122570083954445193e-32
2.711792683351306996e-20
5.790366964727839769e-39
1.199429584475372641e-29
4.775034967290865374e-48
8.625907196351348314e-28
0.000000000000000000e+00
8.676935118385051738e-23
9.996852827426507667e-37
3.458310051475423392e-55
2.090928908784513721e-36
0.000000000000000000e+00
1.690122769020167607e-31
9.156146354694030735e-37
2.240731703369567980e-45
4.556251139984776278e-64
8.682071362154479258e-17
3.084427872471962678e-34
3.947309772880744817e-42
4.225781659595799374e-39
2.622953129600434228e-34
8.114143223385250448e-17
4.423199001628330043e-18
0.000000000000000000e+00
5.549420526845763116e-36
0.000000000000000000e+00
4.516448630013946540e-20
0.000000000000000000e+00
6.040814700461496233e-16
1.011781234475907355e-32
2.438481068357644923e-20
5.215566675370195156e-39
1.081376629134356928e-29
4.313158785561669117e-48
7.758691141496474352e-28
0.000000000000000000e+00
7.829912442564924643e-23
9.006890121112069609e-37
3.121340546177709556e-55
1.884444049800351589e-36
0.000000000000000000e+00
1.522179154989125363e-31
8.245326844665979094e-37
2.024402320171821749e-45
4.114578700258789589e-64
7.797018886364738524e-17
2.774779999737441075e-34
3.597196465683780306e-42
3.853411357723242730e-39
2.357597561308582774e-34
7.291028838224438118e-17
4.006783036883965799e-18
0.000000000000000000e+00
5.034332835035167067e-36
0.000000000000000000e+00
9.270278256435015462e-22
0.000000000000000000e+00
7.699868077956897166e-17
1.249408893571584450e-33
1.784901878204418288e-22
3.717702635338198148e-41
2.645884264635560703e-31
1.025936158614437208e-49
3.240304043590909407e-31
0.000000000000000000e+00
5.753319750683335767e-25
4.757029355937886633e-40
1.620780978116119780e-58
2.205504661256994971e-39
0.000000000000000000e+00
3.726373079690059405e-33
4.350312963385078579e-40
2.797620597785744911e-48
5.594747143846306407e-67
1.865588283458835927e-20
6.527760267664279084e-38
4.072020647820041281e-46
4.340383474660400291e-43
9.678085577371509954e-38
2.627029687482733991e-20
6.030606846154622227e-21
0.000000000000000000e+00
6.423343920107181562e-39
0.000000000000000000e+00
6.704987180452635693e-21
0.000000000000000000e+00
1.993186940457778902e-16
3.336824486519289502e-33
1.287108717259603901e-21
2.751695593068444554e-40
1.961449429084244331e-30
7.820358757310559982e-49
2.986418622395438468e-29
0.000000000000000000e+00
4.132927294302516217e-24
4.456889952141892594e-38
1.543945736708450071e-56
2.071785919698060469e-37
0.000000000000000000e+00
2.760335307852604883e-32
4.079229104455427627e-38
2.670048102959927966e-46
5.425638757752224886e-65
1.714769735179165052e-18
6.101422899290622637e-36
3.955435693722458300e-44
4.237069323247405548e-41
8.895320502101422822e-36
2.407206378918260902e-18
1.258993516882466687e-19
0.000000000000000000e+00
1.581803110610316080e-37
0.000000000000000000e+00
3.154674648628787595e-19
0.000000000000000000e+00
8.432762083443956684e-15
1.413156780997670424e-31
5.108767912939929748e-20
1.092122032396051410e-38
5.663712355297503819e-29
2.258576925964497493e-47
1.354613391404314757e-27
0.000000000000000000e+00
1.640532088605914357e-22
1.048365369353496953e-36
3.632318004745762345e-55
6.580023587845034663e-36
0.000000000000000000e+00
7.972638289496237084e-31
9.597162259821887304e-37
4.712124125775292600e-45
9.576561322762273523e-64
3.630487131275163554e-16
1.291908470831790944e-33
2.094562039555716130e-41
2.243450596708820388e-38
2.353685173364582131e-34
1.910795093779508628e-16
3.998059424682630763e-18
0.000000000000000000e+00
5.022749630013964325e-36
0.000000000000000000e+00
4.967798474017459408e-19
0.000000000000000000e+00
6.644715711313462487e-15
1.110999019247220879e-31
2.683884788886801311e-19
5.730708534857838039e-38
1.187063798084102547e-28
4.725743678578771737e-47
8.537118713339081991e-27
0.000000000000000000e+00
8.587425535648234214e-22
9.893834784013853758e-36
3.422629968808653271e-54
2.069377638797868201e-35
0.000000000000000000e+00
1.672710412265119330e-30
9.061823643967504223e-36
2.217598123790311390e-44
4.509225715188316073e-63
8.592797747592120150e-16
3.052675208366706992e-33
3.906316739763774318e-41
4.181877727307077363e-38
2.595966840219420156e-33
8.030678022698068901e-16
4.377703357860022589e-17
0.000000000000000000e+00
5.492329534221946362e-35
0.000000000000000000e+00
0.000000000000000000e+00
0.000000000000000000e+00
0.000000000000000000e+00
0.000000000000000000e+00
0.000000000000000000e+00
0.000000000000000000e+00
0.000000000000000000e+00
0.000000000000000000e+00
0.000000000000000000e+00
0.000000000000000000e+00
0.000000000000000000e+00
0.000000000000000000e+00
0.000000000000000000e+00
0.000000000000000000e+00
0.000000000000000000e+00
0.000000000000000000e+00
0.000000000000000000e+00
0.000000000000000000e+00
0.000000000000000000e+00
0.000000000000000000e+00
0.000000000000000000e+00
0.000000000000000000e+00
0.000000000000000000e+00
0.000000000000000000e+00
0.000000000000000000e+00
0.000000000000000000e+00
0.000000000000000000e+00
0.000000000000000000e+00
0.000000000000000000e+00
1.574379655921651411e+00
7.183296817565581625e-05
7.457035376528148518e+00
7.197662499920259904e+01
1.176798345482069352e-01
2.048309763513294524e+00
2.267030962412251682e+01
3.197631519389596000e-02
1.479600935027551145e+01
4.515160924239046025e+00
1.549695466894636148e-10
4.048598564755867102e+00
5.711038436184051885e-10
3.794844625222878826e-11
0.000000000000000000e+00
0.000000000000000000e+00
8.306514448642041316e-13
4.200438715540653553e-03
3.489098281348798690e-17
1.530471235809156738e+01
1.686718467653144899e+03
2.044117307526902572e+00
0.000000000000000000e+00
1.913869534130197181e+01
1.099135696040540289e+00
1.669179148783498823e+00
2.639066701369239404e-02
6.594518963557577385e-02
5.529743704932121773e+02
1.074916372222447620e+02
2.090089495881086066e+02
1.280266526350683603e-11
7.027073506675780123e+00
1.264875033770488386e+02
1.248263810648993228e+02
2.174830329226752568e+01
5.519623648979934671e+01
1.523809493580827486e-13
1.676605302222739011e-11
1.432877409738991388e-09
2.363481534304652646e-09
1.858278496794791934e+01
4.347707263506768791e-09
6.467211812981882302e-01
2.308856146045653590e-01
1.156814836911147643e-01
2.130938153031010813e+02
1.109781110596674227e-13
9.996258806070287392e+03
3.549806654172171339e+00
4.432635941311318661e-01
7.819931485630126078e-01
2.489003148776946261e+01
1.014525545789891209e-01
1.014566161950665402e+00
1.246610816267691035e+01
4.424960225100332267e-01
1.382884307063317608e-01
5.639717480662741200e-02
4.126209273784905207e+00
2.204333701543040203e+00
1.051072299854849401e-02
1.645711233704186895e+02
1.517066589164871537e+01
4.038900503150025245e-02
4.896155384573316893e-01
7.173554733708531472e-01
1.976199629340736064e-01
2.120913796650077643e+01
1.761237225760332857e-13
5.409488887412032219e-11
3.443915016835747451e+02
0.000000000000000000e+00
5.879033773388361084e+01
4.034989353755564423e+01
1.916526433461003478e+02
1.356476121632194665e-01
5.906336359903552324e-01
6.575250432421096036e+01
0.000000000000000000e+00
1.836753803712302979e-11
2.682635243738760877e+01
3.084265909256023334e-10
2.260275469656168323e-01
7.779687101674490356e-11
4.642405762967317853e-04
2.050313714657168995e-02
1.915010226619955069e-01
5.349993893565970733e-17
5.214101613179310257e-02
0.000000000000000000e+00
6.077655702063201604e-01
1.181424762925099847e-01
6.143838080413241087e+00
4.216741895922160310e+00
2.174840595613012795e+01
7.643182837044314069e-15
1.751859609965458723e-14
7.189030204825161959e-11
1.647437917005208711e-10
5.514028259866518921e-14
1.430454375095082222e-03
1.153429104883015553e-03
1.016112454645587025e-03
1.517886081671492582e-01
2.483732650426707499e-03
4.691746771779065767e-02
0.000000000000000000e+00
7.797614771328520846e-14
9.254691449819908127e-13
6.255479929181945566e-04
1.557630036272613281e-13
4.695076070744450370e-13
0.000000000000000000e+00
1.925142692684237309e-12
3.955482123346159423e-02
1.564433297110863204e-04
7.864457862144589705e-04
1.528757599065506240e-04
1.153375349583416209e+02
2.600882460635949744e+00
2.785605433395424435e-01
7.701816765947385512e+00
1.497144639434870417e+00
4.059863866911492813e+00
0.000000000000000000e+00
0.000000000000000000e+00
0.000000000000000000e+00
0.000000000000000000e+00
5.857960303751949738e+01
6.756291193253709082e+01
0.000000000000000000e+00
0.000000000000000000e+00
0.000000000000000000e+00
0.000000000000000000e+00
0.000000000000000000e+00
5.172559464577127820e-03
3.090381130133357333e-03
3.162480333325427655e-04
3.080258198117213821e-03
3.870880019234271014e-03
5.376216566653199691e-03
5.376216566653199691e-03
5.376216566653199691e-03
5.376216566653199691e-03
2.145430125755141276e-02
3.794982358112791161e-06
1.294721332223092852e-02
5.376216566653199691e-03
5.376216566653199691e-03
5.376216566653199691e-03
5.376216566653199691e-03
5.376216566653199691e-03
5.376216566653199691e-03
5.376216566653199691e-03
5.376216566653199691e-03
5.376216566653199691e-03
5.376216566653199691e-03
5.376216566653199691e-03
5.376216566653199691e-03
5.376216566653199691e-03
5.717773419555999964e-04
9.420411206955300182e-03
4.703248135821100177e-03
1.498765032630679922e-02
2.770337121422000162e-04
2.087240296962000101e-04
7.286376057780148512e-04
1.822856029503242600e-03
4.631143471016900721e-03
4.030269774785227681e-03
8.171852080931854816e-04
6.343943522604372429e-03
4.312362470384514465e-03
5.293997907016313557e-03
7.653219387295570999e-04
2.844970284934627159e-03
3.081524681767216015e-02
7.878378410340227192e-03
7.589964716225612816e-06
5.805057517282937590e-03
1.281186342004993380e-02
1.263854929549229969e-02
3.663423664812499175e-02
5.013171695066999042e-03
0.000000000000000000e+00
5.047326536290000238e-04
9.319212670426011910e-03
1.311797908767185382e-03
9.487440999976282964e-04
3.682394902427555718e-03
2.153020487679457428e-03
2.023990590993499574e-05
4.346519297648343549e-03
4.513498163917965544e-01
2.126200874563187460e-02
1.264994119370919446e-06
0.000000000000000000e+00
3.192846150312614404e-03
2.529988238741870656e-06
1.264994119370919446e-06
0.000000000000000000e+00
1.920259583674428349e-03
0.000000000000000000e+00
7.792368740426572522e-04
5.749397776030642365e-03
3.077731188939657539e-03
1.505343002051000019e-04
5.464784525886147871e-04
4.289592079725656690e-03
0.000000000000000000e+00
0.000000000000000000e+00
3.162480333325427655e-04
1.151146138158071815e-03
3.363621845958187414e-03
3.825341223957286641e-03
3.472406871632370377e-03
5.059976477483741313e-06
3.162480333325427655e-04
2.326324682033256101e-03
1.717862014105700236e-03
1.317617974038801446e-02
2.244098574743585549e-03
3.454703408593716094e-03
1.697622108195699989e-03
3.420543105758585330e-03
6.424906125305313194e-03
3.162480333325427655e-04
6.324968610813871094e-03
5.907537432767716876e-04
1.984774780272585606e-03
5.135875628135742020e-03
3.162480333325428956e-03
3.162480333325441749e-04
2.269398457130987305e-03
8.059283989144631205e-03
1.048426927530546685e-02
1.712801541118042859e-03
2.042713496980574570e-02
6.700674346817954777e-03
4.475549194334297459e-03
4.718433030354571354e-04
4.099844947860785578e-03
4.786737251189342873e-03
1.493957558466842833e-03
4.316162914354742218e-03
1.635636403326185592e-03
1.264994119370919446e-06
1.011995295496748601e-05
1.881046354806620996e-02
1.939741635086260352e-02
6.308525176792641881e-03
8.160477064061895727e-03
1.377577602974485718e-03
1.611223407050915019e-02
2.896835043828828102e-03
1.263729621761757209e-03
1.043366901402051176e-02
1.506610478721686231e-03
3.219410530309157505e-03
2.552759622421071645e-03
4.951183507646499983e-03
2.909486474553155913e-05
1.945561452102657126e-03
0.000000000000000000e+00
5.059976477483741313e-06
2.214245358989749834e-02
3.162480333325427655e-04
6.324970596854693582e-06
5.059976477483741313e-06
4.933477065546647018e-05
9.550700636148428064e-04
4.949921492588242253e-03
1.125843773219685397e-03
8.032712658005000325e-04
6.527364690851426973e-04
0.000000000000000000e+00
