1.897392000000000053e+03
3.736426655989803862e+02
7.465051389127345338e+00
1.770229984272533841e+02
2.242784026237728767e+00
1.869713782273677799e-75
2.071459932317068270e-101
7.466566683507343427e+00
7.468276911506532834e+00
7.468377913393667633e+00
7.455229206320506563e+00
7.454666903932162469e+00
7.453197599673340612e+00
7.452992571981316594e+00
7.448049751134116825e+00
7.440726575495813400e+00
7.429792707839731669e+00
7.467638760191275260e+00
7.467563243394286232e+00
7.461427382601131697e+00
7.455977665916417862e+00
7.446221602455970867e+00
7.421711985274967560e+00
7.412284967524164436e+00
7.406291346488436567e+00
7.396195401672662761e+00
7.392331041866014196e+00
8.866059332570559448e-01
5.851386146792364684e+01
1.524731329071653363e+01
2.554386636095517258e-04
1.344021370886630956e-05
0.000000000000000000e+00
0.000000000000000000e+00
4.700621590544113104e+01
1.525611799248101192e+02
0.000000000000000000e+00
7.175855710418816535e+00
1.745340627821372115e+00
7.971969636927585270e+03
3.013887420721192978e+00
3.189319885880814026e-02
1.128449535407827170e+03
7.189700450925959885e-01
1.463236841192082638e+00
1.759194766399808785e+01
3.572704193545432894e+00
2.551232292495797527e-01
8.907219601323403957e-01
2.751117072005170971e+00
1.140878562484664371e+01
1.121357913423926878e+00
1.413000234579715197e+02
4.922320434784222698e+01
1.601650755614092247e+01
5.529828855778208663e+01
4.022828817710606408e+00
1.404310154672656274e+01
5.217846347913802418e+00
1.275938148914346426e+00
2.038911713958396632e+01
5.957559811939663330e-01
1.088087053827088369e+02
1.160187728208734725e+01
4.204729007128467977e+00
4.155057219991760320e+01
3.443700893172847000e+00
3.900655742607531007e+00
6.841999286774314015e-01
7.116750737115098957e+01
7.300639586273401926e-01
9.402909866897269708e+00
2.651894541675337891e+01
1.674039914794734685e+01
8.375165828542753543e-02
1.497720318032879916e-01
8.991763963417002742e+03
1.697017163054427069e+00
2.898548403570449850e+00
3.054507188755146707e-01
3.192271046019748426e-02
3.638646122785081649e-02
2.373138270835035719e-03
0.000000000000000000e+00
4.772688897449962830e+00
0.000000000000000000e+00
0.000000000000000000e+00
7.647624785108314560e-01
0.000000000000000000e+00
1.552974861399875195e+01
0.000000000000000000e+00
6.186454871658696262e-04
2.861680771379453061e-03
5.585729128723573174e-06
8.389101162582709037e+01
8.197995131160531676e-03
8.955474106810105300e-05
4.839363678203436159e+00
1.368166199782571926e-09
3.075380172509941670e-05
4.527916916817443835e-09
1.460161961347956527e+01
8.185586528290821257e-05
3.265413731475534291e+02
9.149568444613422867e-07
4.045353749244557373e-01
6.472195043469208997e+01
1.147467784457876366e-04
2.986625350779020195e-06
3.647105313453555908e+01
3.338383261802767288e-04
1.211347992845151822e+02
1.142830337635424240e-07
1.371913082536165560e-04
1.847418386574075895e-03
5.209100638194090749e+00
2.948651853995048339e-02
1.079124773440139182e-04
1.704311166851069006e-03
3.681752831414068505e-07
5.694987225070174386e-06
2.259975419280393453e+03
2.628302482858892468e-06
2.107981447589038894e-04
1.739091319029623264e+04
2.107608571787331422e-02
2.098127159867751723e-01
1.890588727094085471e+03
2.291207526456647339e-03
1.505543044856538087e-02
1.465394618692669390e-02
1.827689253114267720e-01
4.230126618378775507e-06
4.537118936072854214e-01
2.578326882870828258e-11
4.452585475714425885e-13
5.372841831282990695e-13
5.055781101947558979e-04
3.970881539831179444e-11
1.579138062841575763e-01
6.091790187990055117e+00
2.227973783193517525e-11
2.936644833816168369e-12
4.885059882315589695e-13
2.495813382995431980e-09
3.347049115880101171e-10
5.292689345097196311e-11
4.215894900406338464e-12
1.612125330388282440e-18
4.642771956651263028e-10
7.798937587145905616e-13
1.551447849861770976e-10
1.982742008242032290e-14
4.103850907207100111e-09
4.121569344411105526e-12
4.515710998935062021e-16
4.890491618678928385e-18
6.110434963385956227e-19
2.902398317471346595e-16
6.303257407745262740e-17
1.314317359080865011e-17
0.000000000000000000e+00
3.227575174383547818e+01
5.969794830136970631e+01
2.157738246760197969e-04
3.991683271440702265e-04
4.912140646480268576e-05
2.315145727825077601e-13
4.282326344326858916e-13
0.000000000000000000e+00
1.474857103372410272e+01
2.160543325849202992e-04
1.792175844778663540e+00
2.394834658244461567e-02
2.740379611919144080e-03
1.041708000168304560e+00
6.964160017398219280e-06
1.585406777323926378e-06
7.472108891213141113e-15
4.655840163390474403e-11
1.059912542319257086e-11
4.995425806914264842e-20
1.137219982038065926e-20
5.359780001056738754e-29
2.175185946986273322e-01
3.211898247366930682e-03
9.726032839585049272e-01
3.869396991334411035e-02
2.633002158556469735e-16
5.243223423203442247e-24
2.540395593553663659e-32
1.957774083313629278e-17
6.269195218567621849e-20
1.480677270290386792e-17
2.256186693296655983e-19
0.000000000000000000e+00
7.068052691942404764e-15
4.941264524224541812e-20
5.226256560820965994e-29
1.007714098991541134e-27
1.457374392868533734e-22
2.572316189899976162e-28
0.000000000000000000e+00
1.163069521549893756e-36
4.882615560797803761e-36
0.000000000000000000e+00
7.093161617109451573e-31
1.104145542120502900e-36
5.213090955683074323e-45
2.468522111099769961e-16
2.519670677732127582e-38
1.532874237318437178e-16
4.035051353419256109e-18
0.000000000000000000e+00
1.226037801818804500e-31
1.039814493073094239e-38
2.079155324622598142e-47
5.105504527027720834e-47
4.060996371806955614e-55
1.050053230001089523e-63
8.454870165032205701e-34
1.964512938329972222e-41
1.933241676450927361e-33
4.260200029137195727e-36
0.000000000000000000e+00
5.970733780697547566e+00
3.991674361157253423e-05
4.282821961169992194e-14
2.245162935197279090e-19
0.000000000000000000e+00
6.976222509926723430e-15
1.210071706546783636e-31
4.916642770319244328e-20
1.034488525602673083e-38
5.200361439692980114e-29
2.068728789690786504e-47
1.006834837247518698e-27
0.000000000000000000e+00
1.449965439683155418e-22
1.161896025949956281e-36
4.056399001834018263e-55
4.878477420351096985e-36
0.000000000000000000e+00
7.058448426409511642e-31
1.103071822557279778e-36
5.208232915493631391e-45
1.049053153042238706e-63
2.466698729133673013e-16
8.447936456540567100e-34
1.962330702461108043e-41
2.516825873479832586e-38
1.930106229210628805e-33
1.530921864266687421e-16
4.030797434099496583e-18
0.000000000000000000e+00
4.255115771095828979e-36
0.000000000000000000e+00
4.701215131745797470e-18
0.000000000000000000e+00
4.908601757780810672e-36
0.000000000000000000e+00
1.565015808473169444e-23
0.000000000000000000e+00
4.898684032202462804e-19
8.342691083864815877e-36
3.426923790730117704e-24
7.129146709501844023e-43
3.583064533224115362e-33
1.408295564562051314e-51
7.143032991228429215e-32
0.000000000000000000e+00
1.017322534198466722e-26
8.147073680134510569e-41
2.809406795547813059e-59
3.417923653647047393e-40
0.000000000000000000e+00
4.890266735574202673e-35
7.724974831274100551e-41
3.607157250737105857e-49
7.178135613278921088e-68
1.738984686577819569e-20
5.889585177005443171e-38
1.376452616620913051e-45
1.763051850736576880e-42
1.292188375543705715e-37
1.064133431161211271e-20
2.853396063188187113e-22
0.000000000000000000e+00
2.976521957661160420e-40
0.000000000000000000e+00
1.162303076900803271e-18
0.000000000000000000e+00
1.002422331193628900e-13
1.668346779751759519e-30
2.543811437517989339e-19
5.214364588794505855e-38
2.621499818007123868e-28
1.014977754806027664e-46
4.368433855790930054e-28
0.000000000000000000e+00
7.606775444684650365e-22
4.957434594616896085e-37
1.700659322829589371e-55
2.079627867132656284e-36
0.000000000000000000e+00
3.599997423074423334e-30
4.698264056390285286e-37
2.184259878191229090e-45
4.325388994103750361e-64
1.070379274961346810e-16
3.607997853575105066e-34
8.376044494425083381e-42
1.072144303555039249e-38
7.776094722238171235e-34
6.507286974108241933e-17
8.698346227947248873e-18
0.000000000000000000e+00
7.336211779267900391e-36
0.000000000000000000e+00
1.163331035302407669e-18
0.000000000000000000e+00
1.003294913308052962e-13
1.669830826623275722e-30
2.546061918882309838e-19
5.219040900761549383e-38
2.623850671807058961e-28
1.015901054142129783e-46
4.374646671479232209e-28
0.000000000000000000e+00
7.613457032077257918e-22
4.964545289249980869e-37
1.703120652865752173e-55
2.082612141782295201e-36
0.000000000000000000e+00
3.603206089791872690e-30
4.705009006840169729e-37
2.187420582074836882e-45
4.331703159346189220e-64
1.071901310557013634e-16
3.613169863159819060e-34
8.388056310543648689e-42
1.073683397086618150e-38
7.787582540529815165e-34
6.516637549394899677e-17
8.698973906183177714e-18
0.000000000000000000e+00
7.336843147282251441e-36
0.000000000000000000e+00
1.068574421210830715e-17
0.000000000000000000e+00
9.000015044217903512e-36
0.000000000000000000e+00
7.881267606478149151e-23
0.000000000000000000e+00
2.721358422910585119e-18
4.716229603143835346e-35
1.534278443652634552e-23
3.226132794354806248e-42
2.229931622002566610e-32
8.866934902290977101e-51
2.749909346766917438e-31
0.000000000000000000e+00
4.525672212173674394e-26
4.078298002365886787e-40
1.423193126695124975e-58
1.902568576180687330e-39
0.000000000000000000e+00
3.026921952437380895e-34
3.871425307106477589e-40
2.436285829098751181e-48
4.905162901487260988e-67
1.924589532650800006e-20
6.589114657206314762e-38
7.651966385049632702e-46
9.814441044779562497e-43
6.012823287704842800e-37
4.775595897258119197e-20
9.171880020818434378e-22
0.000000000000000000e+00
9.574022192790623621e-40
0.000000000000000000e+00
4.087941857128149354e-22
0.000000000000000000e+00
3.917301892198847988e-17
6.519619226256144777e-34
7.952801570221161392e-23
1.630183025891260114e-41
1.126899192829309112e-31
4.363087489983022042e-50
1.195653013341106924e-31
0.000000000000000000e+00
2.378132023138960017e-25
1.744528879668027863e-40
5.984676128993555294e-59
8.131425952896911116e-40
0.000000000000000000e+00
1.547533211975369648e-33
1.653335538240647092e-40
1.024864332364632968e-48
2.029490240150121029e-67
8.370454712380638081e-21
2.821482637529885679e-38
3.274900141097888656e-46
4.191913354063043196e-43
2.432258264102123069e-37
2.035396256331316262e-20
2.086107643467244307e-21
0.000000000000000000e+00
1.756995601217311591e-39
0.000000000000000000e+00
3.476238004829598260e-20
0.000000000000000000e+00
1.079388808449386005e-15
1.872650944169956026e-32
5.709135234127259812e-21
1.200440231320944613e-39
6.036606531555877248e-30
2.400863733798669488e-48
1.169296905333010478e-28
0.000000000000000000e+00
1.684002667703693969e-23
8.993167287340054931e-38
3.138924233940623264e-56
5.664572520384646658e-37
0.000000000000000000e+00
8.195614670278213851e-32
8.538663094224729660e-38
4.030699531110426257e-46
8.116692675475918697e-65
3.819851234341149225e-17
1.307923755283882313e-34
3.797362654598258301e-42
4.869793589606059792e-39
1.492615583954552105e-34
3.554549312136646102e-17
2.730168155333107139e-19
0.000000000000000000e+00
2.849757919879720660e-37
0.000000000000000000e+00
5.804700939437084678e-20
0.000000000000000000e+00
9.018464422758377791e-16
1.560011401408925876e-32
3.179672115512509113e-20
6.677849713177822583e-39
1.341422872549107383e-29
5.326278693133570035e-48
7.815839192764421757e-28
0.000000000000000000e+00
9.351579201397900881e-23
9.001687851819066346e-37
3.136893524848777176e-55
1.889810259568572280e-36
0.000000000000000000e+00
1.824492549049755413e-31
8.550680475212218265e-37
2.012295411222350186e-45
4.054040622752015065e-64
9.587256405970569411e-17
3.277543484978815095e-34
7.538940012972437975e-42
9.667446248873580411e-39
1.732953154333239207e-33
1.580374965966897073e-16
3.173309403409571475e-18
0.000000000000000000e+00
3.307010865726149008e-36
0.000000000000000000e+00
4.093642306955782086e-20
0.000000000000000000e+00
6.359835856398653713e-16
1.102848312018066029e-32
2.241478328643220670e-20
4.715390139953494556e-39
9.480288535093585307e-30
3.771165831509061417e-48
5.508748368970847099e-28
0.000000000000000000e+00
6.610987235607152130e-23
6.355119535852893119e-37
2.218619233609805424e-55
1.334351814716790073e-36
0.000000000000000000e+00
1.287025712984955456e-31
6.034019367881442903e-37
1.424305279674491472e-45
2.868358712495153704e-64
6.747920307046395956e-17
2.310642436348310125e-34
5.363279466146553223e-42
6.878671127624947809e-39
1.230148505762233210e-33
1.115736259779015305e-16
2.250481406752224329e-18
0.000000000000000000e+00
2.349345529532998973e-36
0.000000000000000000e+00
7.052452988686150081e-22
0.000000000000000000e+00
6.758060924863847972e-17
1.124732120013837083e-33
1.372012807104219070e-22
2.812348731207147473e-41
1.944085001732645066e-31
7.526987541341164870e-50
2.062746984837085751e-31
0.000000000000000000e+00
4.102765503662713501e-25
3.009616044279899747e-40
1.032453901933214733e-58
1.402820187614676764e-39
0.000000000000000000e+00
2.669778034273312044e-33
2.852305431844962665e-40
1.768057971959505547e-48
3.501157150608309102e-67
1.444075685966061881e-20
4.867582612917280300e-38
5.649533860489992960e-46
7.231463911840137160e-43
4.195711738480503736e-37
3.511254355243120141e-20
3.598949150738765238e-21
0.000000000000000000e+00
3.031142986017937162e-39
0.000000000000000000e+00
6.866551739372328332e-21
0.000000000000000000e+00
2.370983094906053034e-16
4.109008946206021218e-33
1.336739750926554554e-21
2.810764797353424975e-40
1.942825578925456819e-30
7.725302713021800578e-49
2.395858853184686438e-29
0.000000000000000000e+00
3.942992106368144590e-24
3.553215319183399414e-38
1.239955575544483691e-56
1.657611940923472396e-37
0.000000000000000000e+00
2.637202851823499586e-32
3.372977043585727341e-38
2.122611394330893096e-46
4.273615228694385025e-65
1.676798462223130243e-18
5.740762733245411545e-36
6.666770905394373727e-44
8.550825939154814622e-41
5.238657931617870549e-35
4.160734698900156014e-18
7.991002055709006675e-20
0.000000000000000000e+00
8.341365350364522875e-38
0.000000000000000000e+00
3.158969590997435279e-19
0.000000000000000000e+00
9.808404593796257178e-15
1.701698610910337560e-31
5.188060337836772307e-20
1.090840118483800413e-38
5.485560120893508532e-29
2.181680443258139369e-47
1.062582030923051730e-27
0.000000000000000000e+00
1.530317070763911840e-22
8.172301859833623367e-37
2.852381194009315193e-55
5.147556067259235488e-36
0.000000000000000000e+00
7.447576603773272878e-31
7.759318138387464772e-37
3.662770420795843128e-45
7.375702259594801323e-64
3.471246021677157312e-16
1.188548328543445134e-33
3.450777291996993705e-41
4.425300617035593005e-38
1.356325894512491267e-33
3.230103855759031968e-16
2.481014077569744593e-18
0.000000000000000000e+00
2.589654018047857673e-36
0.000000000000000000e+00
5.744917224321693347e-19
0.000000000000000000e+00
8.925583917946398893e-15
1.543918026952634320e-31
3.146933598441807921e-19
6.609015205180118285e-38
1.327587366219901753e-28
5.271275729630205081e-47
7.735375272099317893e-27
0.000000000000000000e+00
9.255109164337607042e-22
8.908910041973161140e-36
3.104523440960183353e-54
1.870331209262633825e-35
0.000000000000000000e+00
1.805698397204365824e-30
8.462577694817014609e-36
1.991519591056242734e-44
4.012195740481438754e-63
9.488646712868010980e-16
3.243795127513150179e-33
7.460834482953868203e-41
9.567277501252291414e-38
1.715025837542300437e-32
1.564086401850596289e-15
3.140673515822100985e-17
0.000000000000000000e+00
3.272991935160501431e-35
0.000000000000000000e+00
0.000000000000000000e+00
0.000000000000000000e+00
0.000000000000000000e+00
0.000000000000000000e+00
0.000000000000000000e+00
0.000000000000000000e+00
0.000000000000000000e+00
0.000000000000000000e+00
0.000000000000000000e+00
0.000000000000000000e+00
0.000000000000000000e+00
0.000000000000000000e+00
0.000000000000000000e+00
0.000000000000000000e+00
0.000000000000000000e+00
0.000000000000000000e+00
0.000000000000000000e+00
0.000000000000000000e+00
0.000000000000000000e+00
0.000000000000000000e+00
0.000000000000000000e+00
0.000000000000000000e+00
0.000000000000000000e+00
0.000000000000000000e+00
0.000000000000000000e+00
0.000000000000000000e+00
0.000000000000000000e+00
0.000000000000000000e+00
0.000000000000000000e+00
1.539818259114880350e+00
7.183297410847601003e-05
5.494619503333656674e+00
9.200471704640312964e+01
1.015195244654763101e-01
1.874821943907592825e+00
1.975050312392613705e+01
3.380231319021376885e-02
1.437046229303084566e+01
4.545286750684005561e+00
8.475197835646714802e-11
3.192401379660286143e+00
2.334162076919437117e-10
2.111808947057032850e-11
0.000000000000000000e+00
0.000000000000000000e+00
9.680727149870997447e-13
4.200439366106667807e-03
4.066327837237792910e-17
1.617710467639931693e+01
1.742502101270194999e+03
1.983590065679194048e+00
0.000000000000000000e+00
2.254505133549866969e+01
1.220138655708483233e+00
1.944681057155780435e+00
2.425117674663961401e-02
7.366332349702768567e-02
4.731675879921948535e+02
1.185193205868578730e+02
2.967043985809514197e+02
1.566759609534549122e-11
7.460819001121181238e+00
1.342953143363136235e+02
1.178442177396910040e+02
2.180021125298933171e+01
5.532103202384558926e+01
6.091877234192161235e-14
1.049539104298985714e-11
1.360762616271021668e-09
2.345327236375727497e-09
2.029455210924442454e+01
4.765610598230212578e-09
6.467212120121038632e-01
1.171688169976463217e-01
5.864308062380594461e-02
2.079482222729974694e+02
1.293670876334828312e-13
9.996262418003885614e+03
3.576901063618940668e+00
4.315372378997953118e-01
7.496945677809943032e-01
2.369868369474361103e+01
9.788968579782394985e-02
9.789347329473717663e-01
1.208021630321413120e+01
4.320749470394992242e-01
1.003024154353491931e-01
9.714110659877633891e-02
3.380888483139695033e+00
2.932535231332233039e+00
1.014464671347062655e-02
2.220611519203421267e+02
1.974846820999394836e+01
3.615915388588510082e-02
5.052237395598050407e-01
7.608772823874253577e-01
1.826308619742594286e-01
2.103798895549922321e+01
2.035999553022104167e-13
6.216018864665670312e-11
3.429275590298393581e+02
0.000000000000000000e+00
3.544097808943456585e+01
3.018381699817234676e+01
2.034933568104366941e+02
1.802119545444530735e-01
7.798972226563006815e-01
6.683601450995782045e+01
0.000000000000000000e+00
9.934503728718909781e-12
2.574123652699145026e+01
1.645682554844498167e-10
4.379317356625678226e-01
8.367498574849104591e-11
4.798867774234537981e-04
1.878020762506390356e-02
2.257158743831182146e-01
6.441277749088733843e-17
5.348120740653829197e-02
0.000000000000000000e+00
5.809168889929534618e-01
1.455083389209514966e-01
5.257745430884687821e+00
4.477827060190708863e+00
2.180038104491403672e+01
3.063290549353276866e-15
7.436852405276286405e-15
6.842097060758062499e-11
1.660963347276713443e-10
6.347139790820225766e-14
1.403241727064963957e-03
1.079747131718750749e-03
9.804675401195494036e-04
1.976200204143417349e-01
2.472899531721276141e-03
5.140314752037786900e-02
0.000000000000000000e+00
8.407492205977990375e-14
4.941848653321618086e-13
8.018959150146143765e-04
8.725757174857316095e-14
4.298070897468589729e-13
0.000000000000000000e+00
1.280811489528313629e-12
3.794251390508043137e-02
1.439455056304186974e-04
6.191839373134796912e-04
1.550935337254924593e-04
1.124541846948469583e+02
4.912478139409467204e+00
3.780496171601970268e-01
8.943995194981976482e+00
2.240293230518224821e+00
5.410816869777863580e+00
0.000000000000000000e+00
0.000000000000000000e+00
0.000000000000000000e+00
0.000000000000000000e+00
5.937459130696476706e+01
6.676792366309776128e+01
0.000000000000000000e+00
0.000000000000000000e+00
0.000000000000000000e+00
0.000000000000000000e+00
0.000000000000000000e+00
6.121303564574756551e-03
4.039125230130985629e-03
4.098580946760999998e-04
1.815266064787042759e-03
3.238383952569185483e-03
5.376216566653199691e-03
5.376216566653199691e-03
5.376216566653199691e-03
5.376216566653199691e-03
2.240304535754904236e-02
3.794982358112791161e-06
1.326346135556347172e-02
5.376216566653199691e-03
5.376216566653199691e-03
5.376216566653199691e-03
5.376216566653199691e-03
5.376216566653199691e-03
5.376216566653199691e-03
5.376216566653199691e-03
5.376216566653199691e-03
5.376216566653199691e-03
5.376216566653199691e-03
5.376216566653199691e-03
5.376216566653199691e-03
5.376216566653199691e-03
5.717773419555999964e-04
9.420411206955300182e-03
4.703248135821100177e-03
1.498765032630679922e-02
2.770337121422000162e-04
2.087240296962000101e-04
7.286376057780148512e-04
1.822856029503242816e-03
4.947391504349443053e-03
2.132781574789971955e-03
0.000000000000000000e+00
7.608935655934543490e-03
1.782378203724171474e-03
3.080261673688513765e-03
4.490739053970142802e-04
3.478728366657970420e-03
2.923400665100944415e-02
4.715898077014800405e-03
7.589964716225612816e-06
2.326329150624970640e-03
1.028187915338957606e-02
1.137355716216212863e-02
3.916422091478533735e-02
6.278163828397172706e-03
6.906862926662428372e-04
3.162480333325427655e-04
1.026795677042364151e-02
3.630538087695571394e-04
3.162480333325427655e-04
2.417402769097385523e-03
3.101764587677085724e-03
2.023990590993499574e-05
4.662767330980886749e-03
3.966389066252666851e-01
2.094576071229933140e-02
1.264994119370919446e-06
0.000000000000000000e+00
4.457838283642785900e-03
2.529988238741870656e-06
1.264994119370919446e-06
3.288984710364431345e-05
1.287763517009342818e-03
0.000000000000000000e+00
4.629888407101145410e-04
8.279382042690984489e-03
2.761483155607114773e-03
0.000000000000000000e+00
1.264992133330171062e-03
2.708351913062941995e-03
0.000000000000000000e+00
5.059971512381427781e-04
3.162480333325427655e-04
3.364882371485871174e-03
3.363621845958186113e-03
3.509093190624743876e-03
1.891166704969657201e-03
5.059976477483741313e-06
6.957467656540153029e-05
3.591316815363427596e-03
1.401613980773157471e-03
1.602241204038089978e-02
1.927850541411042784e-03
7.882175875249313943e-03
2.646366208193329586e-03
2.788047039093499366e-03
9.903634491963284048e-03
6.324960666650855309e-04
4.743728444151157700e-03
1.855745876606942641e-03
1.984774780272585606e-03
4.187131528138114157e-03
1.404423392392851812e-18
1.404423392392851812e-18
1.636902390465901341e-03
1.090551628913752694e-02
8.903029108642752584e-03
4.478094077878718511e-04
2.801708776978677207e-02
4.486938113490155852e-03
3.526805094336669597e-03
1.420587403033085486e-03
2.834852814530614950e-03
7.949217584514767926e-03
5.452134584692143199e-04
6.529899147682542010e-03
1.003140336661100061e-03
1.264994119370919446e-06
1.011995295496748601e-05
1.849421551473365635e-02
1.655118405086971126e-02
4.094788943464842956e-03
9.425469197392066789e-03
1.125854696443146424e-04
1.927471440383458218e-02
1.631842910498657474e-03
1.263729621761756992e-03
1.011742098068796857e-02
3.087850645384400492e-03
5.116898730304414097e-03
3.185255689086157176e-03
2.421199240986157859e-03
0.000000000000000000e+00
4.475545718762999683e-03
7.982102963025855926e-04
5.059976477483741313e-06
2.372369375656021434e-02
0.000000000000000000e+00
6.324970596854693582e-06
5.059976477483741313e-06
4.933477065546644307e-05
6.324960666650855309e-04
2.103689192595357364e-03
1.125843773219685397e-03
1.119519299133042798e-03
2.024040242005716297e-05
0.000000000000000000e+00
