1.897392000000000053e+03
2.138882296601427697e+02
5.865120123962774379e+00
2.135399482913665281e+02
7.442534721696162370e-01
2.788932503234392069e-69
6.843895580396847081e-103
5.863837130912706641e+00
5.862390369966363757e+00
5.862304919786005541e+00
5.878049850580645774e+00
5.878718361845296947e+00
5.880450735479664459e+00
5.880692257889005070e+00
5.886728406456551710e+00
5.896582113114402723e+00
5.913902274854387464e+00
5.862894377081040886e+00
5.862517013294101353e+00
5.867446191648387988e+00
5.872465132092171025e+00
5.883601431155861761e+00
5.927393189490103076e+00
5.946530688806235254e+00
5.959678560798455926e+00
5.984943270751348798e+00
5.995089586016418615e+00
2.942197985790251935e-01
7.300570489516537975e+01
1.492560322146408147e+01
5.222821780624422846e-04
1.131839432320275319e-05
0.000000000000000000e+00
0.000000000000000000e+00
5.139398611887194335e+01
1.523748670411555679e+02
0.000000000000000000e+00
8.263550332175489288e+00
2.095681801316968684e+00
7.972219727614090516e+03
2.804916273675770899e+00
3.017319399767612667e-02
1.128410877442371884e+03
5.301588668090089218e-01
1.423391908144904683e+00
1.660646655741647493e+01
3.406448852863611876e+00
2.553381166719592144e-01
8.909516406543194211e-01
2.751984231465091746e+00
1.140878189334972426e+01
1.121367593428185039e+00
1.413017403552504732e+02
4.922327238446098363e+01
1.601534738354249754e+01
5.529828728887129330e+01
4.023150092055932880e+00
1.404372539754290905e+01
5.217717266670871545e+00
1.275572635516777575e+00
2.038236607735166928e+01
5.957353192359203797e-01
1.088088021193076997e+02
1.160139224496001020e+01
4.205204682954653883e+00
4.154915838316021137e+01
3.443700513947959063e+00
3.900664699038728589e+00
6.842013988823330006e-01
7.116750650874867290e+01
7.300656293134769603e-01
9.402912029203367439e+00
2.651894464259260786e+01
1.674039960915647995e+01
8.373083692451221971e-02
1.497720318032879916e-01
8.991727124442919376e+03
1.586162082733556300e+00
2.902249690409797633e+00
2.954569279887386823e-01
3.196216999684298871e-02
3.642307456413706318e-02
2.375866130971233774e-03
0.000000000000000000e+00
5.016542182897940627e+00
0.000000000000000000e+00
0.000000000000000000e+00
6.693436362244793436e-01
0.000000000000000000e+00
1.548237450162243078e+01
0.000000000000000000e+00
6.027276694810041130e-04
2.861848704308351393e-03
5.440566273040506809e-06
8.805607780043493449e+01
8.382453255382154439e-03
6.844180623404254435e-05
4.854679114551206709e+00
1.048914359105232976e-09
2.803261734821240172e-05
4.114714457971973753e-09
1.954048633865672713e+01
8.371742542053079177e-05
3.163247170668562376e+02
6.773682678397312553e-07
3.965898403900506852e-01
6.662624302992635705e+01
1.150434708183814092e-04
1.968859580176401627e-06
5.666797936830724325e+01
3.418603752302733223e-04
1.237993075761804533e+02
7.699603394234596226e-08
7.776159242872881193e-05
1.028647619516808451e-03
8.093224672270407538e+00
2.556080763870120093e-02
3.345575895125507698e-05
8.299146323290160351e-04
3.538931229937202970e-08
8.748801636440461787e-07
2.259995695286955197e+03
2.526463296013326711e-07
2.967538253993155494e-05
1.736778426186556317e+04
2.963162680792445509e-03
2.970580904157343188e-02
1.826492156924552773e+03
3.116225135569708265e-04
2.416254260793620264e-03
2.082022839195643311e-03
1.891967057940092400e-01
6.221766374147092435e-07
3.501612717386020646e-01
7.807271163792957511e-11
1.194559601333207224e-12
1.533343699571274392e-12
1.198419290386226098e-04
1.444505917665654002e-10
5.133750533802205335e-02
6.095352301226732550e+00
1.621880900249392114e-11
1.337650411965446137e-12
3.828530942902805074e-13
2.817912555265945753e-09
2.322628220972331633e-10
6.859251704469800143e-11
2.984017081333692435e-12
1.166198331187146448e-18
5.219763795942618036e-10
5.418790066695444933e-13
1.083969372803943925e-10
1.321905489712801699e-14
2.944833680353072851e-09
2.945218633603923442e-12
8.484610678445681233e-16
4.902402433103866985e-18
6.125508037037351739e-19
1.426889841025800187e-16
4.136364918170028899e-17
4.903799952199320477e-17
0.000000000000000000e+00
2.795294977974275596e+01
5.075052660522541004e+01
2.188983500180062005e-04
3.975053580069903554e-04
4.943560825448692906e-05
2.354192445052481991e-13
4.274509035699462045e-13
0.000000000000000000e+00
1.344239217314262191e+01
2.160542958565898528e-04
2.036515642024897321e+00
3.970244636331111965e-02
6.954621768647853940e-03
7.813516001472777806e-01
6.118752954217053030e-06
1.381847297729008426e-06
6.580474934797691212e-15
4.791659077210286608e-11
1.082138990894235450e-11
5.153238361245956615e-20
1.163797354999287074e-20
5.542102470908041096e-29
1.806971825815310850e-01
4.147370953700283726e-03
1.402170607146010495e+00
4.588971375761287386e-02
5.123098715636035274e-16
6.085226002573781080e-24
2.977938023795650677e-32
1.956024111631077212e-17
3.082441842959341576e-20
1.125318477268206260e-17
4.573590040283630425e-19
0.000000000000000000e+00
1.200163896668437275e-14
9.944781632204841912e-20
1.042223516524501124e-28
1.190974568596390513e-27
1.464797738352978719e-22
3.005219827357962032e-28
0.000000000000000000e+00
1.379131221732138016e-36
5.820670352398734624e-36
0.000000000000000000e+00
7.200554130387189943e-31
1.307213799910395599e-36
6.225820938783244664e-45
2.249324347572914552e-16
6.501448988659170752e-39
1.454202249895074235e-16
1.809200105154759200e-17
0.000000000000000000e+00
4.084724663195830912e-31
2.086754306390578791e-38
4.137007574659022090e-47
6.140818125697334373e-47
4.907597890577893722e-55
1.296214689273932006e-63
7.964618519366086751e-34
4.749465357198545565e-42
1.292186151269271094e-33
6.658841112368853940e-35
0.000000000000000000e+00
5.076005327893870600e+00
3.975053939977596124e-05
4.275016694591834925e-14
4.551967486210428653e-19
0.000000000000000000e+00
1.185006248067643350e-14
4.033163313137272887e-31
9.896982020851842891e-20
2.076436424781338310e-38
1.037232958749711920e-28
4.116958018336680795e-47
1.190004240022638916e-27
0.000000000000000000e+00
1.457560648097230922e-22
1.377819478099509996e-36
4.902352306697342915e-55
5.815975357929216713e-36
0.000000000000000000e+00
7.166266473054471489e-31
1.306022651412529669e-36
6.220277558550165610e-45
1.295035676543132874e-63
2.247715530786809654e-16
7.958192317305386596e-34
4.744672200460786467e-42
6.494711647000317891e-39
1.290670022094155905e-33
1.452573112644461471e-16
1.806927840059093684e-17
0.000000000000000000e+00
6.649023070737909812e-35
0.000000000000000000e+00
2.106319502859764521e-17
0.000000000000000000e+00
7.616303382553086167e-35
0.000000000000000000e+00
3.188815106013433902e-23
0.000000000000000000e+00
8.358855141633500248e-19
2.812713756388744104e-35
6.923368788626854340e-24
1.436957974013233353e-42
7.198339794773003293e-33
2.823659487446961740e-51
8.468618914059537580e-32
0.000000000000000000e+00
1.022756477168000731e-26
9.689732811831514901e-41
3.406363648246122731e-59
4.090745616045142910e-40
0.000000000000000000e+00
4.968881451456854921e-35
9.176480631610494467e-41
4.324516710856455625e-49
8.899958943335594904e-68
1.586947214946837124e-20
5.549966968070871278e-38
3.366078289006525915e-46
4.597240020837424856e-43
8.931745083019083923e-38
1.018142544478938510e-20
1.255816964745531169e-21
0.000000000000000000e+00
4.533134961986010049e-39
0.000000000000000000e+00
2.305019061120838196e-18
0.000000000000000000e+00
1.665705966262337433e-13
5.519306472741023749e-30
4.994623755008399064e-19
1.022264206382236606e-37
5.140248624944805987e-28
1.987005868536861542e-46
5.065009829055738829e-28
0.000000000000000000e+00
7.410257822231507781e-22
5.766101699184902752e-37
2.016769796777262253e-55
2.434945733896739914e-36
0.000000000000000000e+00
3.546910039143676409e-30
5.458808234824671640e-37
2.561740132131986364e-45
5.247472302378771075e-64
9.548534645723981111e-17
3.322005509244866609e-34
2.010740037152583685e-42
2.743053982629953115e-39
5.325809212921612307e-34
6.103696366587674203e-17
2.666723975795924560e-17
0.000000000000000000e+00
7.304553908017387741e-35
0.000000000000000000e+00
2.307051520076568994e-18
0.000000000000000000e+00
1.667150985121427189e-13
5.524161776668990689e-30
4.999035542114646881e-19
1.023178891204828223e-37
5.144832066234600859e-28
1.988802412906861666e-46
5.072206213237567614e-28
0.000000000000000000e+00
7.416778448395525532e-22
5.774364699888976553e-37
2.019685316627585306e-55
2.438434365023548644e-36
0.000000000000000000e+00
3.550074841544446924e-30
5.466635871326025070e-37
2.565441391063992774e-45
5.255117695655551834e-64
9.562112924301884478e-17
3.326771718668225672e-34
2.013603179078022444e-42
2.746966613317368751e-39
5.333495440603264302e-34
6.112423973984041184e-17
2.666979717256520537e-17
0.000000000000000000e+00
7.305452800285446225e-35
0.000000000000000000e+00
3.317199406472406071e-17
0.000000000000000000e+00
9.061932707083332254e-35
0.000000000000000000e+00
1.797930715048282372e-22
0.000000000000000000e+00
5.201165367616733646e-18
1.769243354807323010e-34
3.474891790952517632e-23
7.286440356126206018e-42
5.005097275692333628e-32
1.985878736566511726e-50
3.656651777997001953e-31
0.000000000000000000e+00
5.117894842232965069e-26
5.441231859345799765e-40
1.935287777242083045e-58
2.552025551410245872e-39
0.000000000000000000e+00
3.457555996883657788e-34
5.157271186646991051e-40
3.273956831261687769e-48
6.813791748372349270e-67
1.972989403069347859e-20
6.983159908216430594e-38
2.082186874629231644e-46
2.850177136333710995e-43
4.528865138342744394e-37
5.099076554034470419e-20
4.620014581211910318e-21
0.000000000000000000e+00
1.669786169742656452e-38
0.000000000000000000e+00
9.117437109886476919e-22
0.000000000000000000e+00
7.320615725434629773e-17
2.425682095611922134e-33
1.756106205823509553e-22
3.594274577797178105e-41
2.485035749389034628e-31
9.606164605051786564e-50
1.559093881422631568e-31
0.000000000000000000e+00
2.605441277240280322e-25
2.282004989807910260e-40
7.981655475967709494e-59
1.070738256628672749e-39
0.000000000000000000e+00
1.714750535199756703e-33
2.160401104082037576e-40
1.351793802275708564e-48
2.769017077616398434e-67
8.397706050771983045e-21
2.921624473212455235e-38
8.841568821508406599e-47
1.206167940778166201e-43
1.873480416444977596e-37
2.147120229797825805e-20
7.282926020414177152e-21
0.000000000000000000e+00
1.989505694346492640e-38
0.000000000000000000e+00
8.365693126699050810e-20
0.000000000000000000e+00
2.176287128856385814e-15
7.409645287556833815e-32
1.364059987054411132e-20
2.860014186595799868e-39
1.429206654136408889e-29
5.671599025850886248e-48
1.640338620759919745e-28
0.000000000000000000e+00
2.009117194048596389e-23
1.265771711725189032e-37
4.502624939637250293e-56
8.015500245497830110e-37
0.000000000000000000e+00
9.875649429842623423e-32
1.199933577154843168e-37
5.713787883087215497e-46
1.189302758091379922e-64
4.131204005591892519e-17
1.462316613695769403e-34
1.089951753509513037e-42
1.491766093790655900e-39
1.185415919680048980e-34
4.003481592163348884e-17
1.451194672948500934e-18
0.000000000000000000e+00
5.245059806914180273e-36
0.000000000000000000e+00
1.140818973918724996e-19
0.000000000000000000e+00
1.484888158503947274e-15
5.046042669191210325e-32
6.203070653269184707e-20
1.299162272036109067e-38
2.594409289171509501e-29
1.027942418278094434e-47
8.951180343537482203e-28
0.000000000000000000e+00
9.104772121026185508e-23
1.034323924585142379e-36
3.673647405868649029e-55
2.183358478903951026e-36
0.000000000000000000e+00
1.794300403522216048e-31
9.810170907090446575e-37
2.329012414191655004e-45
4.850326534050748798e-64
8.463007109280445763e-17
2.990483733385188525e-34
1.768550945047932279e-42
2.420095662081290710e-39
1.128361212623602920e-33
1.454267415498336040e-16
1.372738544729833839e-17
0.000000000000000000e+00
4.948148383805488733e-35
0.000000000000000000e+00
8.793668371817894276e-20
0.000000000000000000e+00
1.144597637232708616e-15
3.894988322506018375e-32
4.780450626659631573e-20
1.002801246844640457e-38
2.003486481805101088e-29
7.951970371425422354e-48
6.898198841444918789e-28
0.000000000000000000e+00
7.040602215244359192e-23
7.984371178515781988e-37
2.840802520881838404e-55
1.685411700863144371e-36
0.000000000000000000e+00
1.384364391582850579e-31
7.569157587767051210e-37
1.802267260723017524e-45
3.751611707756743600e-64
6.514452698198200807e-17
2.306068776935809797e-34
1.374071762645388267e-42
1.880834915811746181e-39
8.719251940819033163e-34
1.121695652158737449e-16
1.067924076315828839e-17
0.000000000000000000e+00
3.860437209659526304e-35
0.000000000000000000e+00
1.410449026643844438e-21
0.000000000000000000e+00
1.132483621259003568e-16
3.752433143409144825e-33
2.716673057053077411e-22
5.560232130216035824e-41
3.844262127302946212e-31
1.486030289257785024e-49
2.411913087274926207e-31
0.000000000000000000e+00
4.030596585520847391e-25
3.530189933514889540e-40
1.234729106390113096e-58
1.656408981245131009e-39
0.000000000000000000e+00
2.652672842217528639e-33
3.342089887131540023e-40
2.091170820111176573e-48
4.283506906250698807e-67
1.299120779721529473e-20
4.519681058509547198e-38
1.367716959786073694e-46
1.865836680329137098e-43
2.898062643036144514e-37
3.321396316572621773e-20
1.126632916207839680e-20
0.000000000000000000e+00
3.077603917230712631e-38
0.000000000000000000e+00
1.404626866374505810e-20
0.000000000000000000e+00
4.063392388820506326e-16
1.382213976935182428e-32
2.714746803673591108e-21
5.692500274451257905e-40
3.910211347854613074e-30
1.551458520979544543e-48
2.856747102315345524e-29
0.000000000000000000e+00
3.998337465531011349e-24
4.250941600674419079e-38
1.511935233401990534e-56
1.993760198506111292e-37
0.000000000000000000e+00
2.701200551255478926e-32
4.029097839099406366e-38
2.557764497647066795e-46
5.323241943410871765e-65
1.541390951918492664e-18
5.455565828098660670e-36
1.626700895105527719e-44
2.226690473581317545e-41
3.538156288384210455e-35
3.983634195968519944e-18
3.609367186490177409e-19
0.000000000000000000e+00
1.304512507388102918e-36
0.000000000000000000e+00
7.602198873755278074e-19
0.000000000000000000e+00
1.977597320686822494e-14
6.733293764584586370e-31
1.239564000727503892e-19
2.598901421074572925e-38
1.298749323021949383e-28
5.153848001354375636e-47
1.490635597438189709e-27
0.000000000000000000e+00
1.825757456847564687e-22
1.150237146165602747e-36
4.091597808602690415e-55
7.283920547145199982e-36
0.000000000000000000e+00
8.974258920815810112e-31
1.090413672871846874e-36
5.192230563574756449e-45
1.080730733194387181e-63
3.754181614189501726e-16
1.328847287712032891e-33
9.904801753261762563e-42
1.355614666811562247e-38
1.077208047543872483e-33
3.638081166166040578e-16
1.318732751812411972e-17
0.000000000000000000e+00
4.766202180900751560e-35
0.000000000000000000e+00
1.129076328361686054e-18
0.000000000000000000e+00
1.469603804746281983e-14
4.994054177896954418e-31
6.139231350020139672e-19
1.285777505854880585e-37
2.567671528911644043e-28
1.017336162977244357e-46
8.859059650473818303e-27
0.000000000000000000e+00
9.010853861466659281e-22
1.023666995627377301e-35
3.635752523875203819e-54
2.160863141823164168e-35
0.000000000000000000e+00
1.775819804198912632e-30
9.709127553018456181e-36
2.304976496097161978e-44
4.800285718152370011e-63
8.375977222181869935e-16
2.959693671237777223e-33
1.750249079844330347e-41
2.395046355602872975e-38
1.116727266297274554e-32
1.439291906780575041e-15
1.358614524031934180e-16
0.000000000000000000e+00
4.897217329349105098e-34
0.000000000000000000e+00
0.000000000000000000e+00
0.000000000000000000e+00
0.000000000000000000e+00
0.000000000000000000e+00
0.000000000000000000e+00
0.000000000000000000e+00
0.000000000000000000e+00
0.000000000000000000e+00
0.000000000000000000e+00
0.000000000000000000e+00
0.000000000000000000e+00
0.000000000000000000e+00
0.000000000000000000e+00
0.000000000000000000e+00
0.000000000000000000e+00
0.000000000000000000e+00
0.000000000000000000e+00
0.000000000000000000e+00
0.000000000000000000e+00
0.000000000000000000e+00
0.000000000000000000e+00
0.000000000000000000e+00
0.000000000000000000e+00
0.000000000000000000e+00
0.000000000000000000e+00
0.000000000000000000e+00
0.000000000000000000e+00
0.000000000000000000e+00
0.000000000000000000e+00
1.562916202524317955e+00
7.183296656264505234e-05
5.337774846014643693e+00
6.804293179156213967e+01
1.141717953598104657e-01
2.070633835724553951e+00
2.344135386207263494e+01
3.038219397421160900e-02
1.529525724927254160e+01
4.401309715423308511e+00
7.123641030314909270e-11
3.382119273936985415e+00
3.329258242159446761e-10
1.795246544149837008e-11
0.000000000000000000e+00
0.000000000000000000e+00
1.896985457217941853e-12
4.200438945845671665e-03
7.968167191893975188e-17
1.484225081176282046e+01
1.562494256081205322e+03
1.924820698921481554e+00
0.000000000000000000e+00
2.281118191947313889e+01
1.257898370655682996e+00
1.835316009028657991e+00
3.046356400584144045e-02
8.156419092071576227e-02
4.813404280221720342e+02
1.138091861609011346e+02
2.689384460535943049e+02
1.330158546356658708e-11
7.323599517089975919e+00
1.318254521282783287e+02
1.250316577439156021e+02
2.270479076577517219e+01
5.761951117377178377e+01
1.094198920722118189e-13
1.799768386832798130e-11
1.263302874800966135e-09
2.173100276312650388e-09
1.270930758784365011e+01
2.703375802313034528e-09
6.467211959217392669e-01
2.087171768526599747e-01
1.044616680485968424e-01
2.231874735596812229e+02
2.533955816731444185e-13
9.996254857496081968e+03
3.586536481651293240e+00
4.273481124433942679e-01
7.501496993923028045e-01
2.341865810531738390e+01
8.965078442411041071e-02
8.965564429650650924e-01
1.109183234984556776e+01
3.977845998871346600e-01
9.741790702066520369e-02
8.200346984918215065e-02
3.425908448148359042e+00
2.765598268747544441e+00
9.292832252050088268e-03
1.739915855584989117e+02
1.417275332653286668e+01
4.375686941983464306e-02
4.765541581752543165e-01
6.892505387626401969e-01
2.083966315051156981e-01
2.073365165462524473e+01
3.932132120250511426e-13
1.208908719599775589e-10
3.439931865109056730e+02
0.000000000000000000e+00
4.065813401145891248e+01
3.268907447732960492e+01
1.997535570663364695e+02
1.415958584877794191e-01
5.563576945060878520e-01
6.314260494951314229e+01
0.000000000000000000e+00
1.336699915545899401e-11
2.515094832072228215e+01
1.367668185483636657e-10
3.486849839190809264e-01
5.677877573399224821e-11
5.784734833148787083e-04
2.073268944361205193e-02
2.284241373457636670e-01
1.131814768685544664e-16
4.761443229753319073e-02
0.000000000000000000e+00
6.543349689200161912e-01
1.547122816036682891e-01
5.467264597957158578e+00
4.395664472668737943e+00
2.270493940409212641e+01
5.730573056807318784e-15
1.311188578332407223e-14
6.617050375818294657e-11
1.513888324464005331e-10
1.229638756115554714e-13
1.393363141399315977e-03
9.946595130459346800e-04
8.980622357101054410e-04
1.418113033248306620e-01
2.136283936547060062e-03
4.759543472595356012e-02
0.000000000000000000e+00
5.690673904026914751e-14
4.104729172719276398e-13
5.770384376132541059e-04
7.182908817132586708e-14
3.951997755669326925e-13
0.000000000000000000e+00
2.155756214900451005e-12
4.447944867823212800e-02
1.978352990501301917e-04
8.656917357976385598e-04
2.046859704506098689e-04
1.146350078457031429e+02
3.989834482903197532e+00
3.366952058125621261e-01
8.103198339710528941e+00
1.915933781380339651e+00
4.247590029311253623e+00
0.000000000000000000e+00
0.000000000000000000e+00
0.000000000000000000e+00
0.000000000000000000e+00
5.877133478422382495e+01
6.737118018583464618e+01
0.000000000000000000e+00
0.000000000000000000e+00
0.000000000000000000e+00
0.000000000000000000e+00
0.000000000000000000e+00
3.907567331246956759e-03
3.722877196798442864e-03
9.361006134355722081e-05
2.131514098119585525e-03
3.554631985901728249e-03
5.376216566653199691e-03
5.376216566653199691e-03
5.376216566653199691e-03
5.376216566653199691e-03
1.607808469089818185e-02
3.794982358112791161e-06
1.041722905557058640e-02
5.376216566653199691e-03
5.376216566653199691e-03
5.376216566653199691e-03
5.376216566653199691e-03
5.376216566653199691e-03
5.376216566653199691e-03
5.376216566653199691e-03
5.376216566653199691e-03
5.376216566653199691e-03
5.376216566653199691e-03
5.376216566653199691e-03
5.376216566653199691e-03
5.376216566653199691e-03
5.717773419555999964e-04
9.420411206955300182e-03
4.703248135821100177e-03
1.498765032630679922e-02
2.770337121422000162e-04
2.087240296962000101e-04
4.123895724454720857e-04
3.087848162833413661e-03
3.049903304354186894e-03
1.500285508124886424e-03
0.000000000000000000e+00
6.027695489271828362e-03
1.782378203724173209e-03
4.029005773686142496e-03
1.081569972062099757e-03
3.793714384932255889e-03
2.259279795102604391e-02
5.032146110347343604e-03
7.589964716225612816e-06
7.386297683945654453e-03
1.913682408670079604e-02
8.843572895501784770e-03
3.758298074812262135e-02
5.013171695066999042e-03
5.819022600115726564e-05
0.000000000000000000e+00
9.319212670426011910e-03
6.793018421020998506e-04
0.000000000000000000e+00
1.152410635767213160e-03
3.418012621009629791e-03
2.023990590993499574e-05
4.662767330980886749e-03
4.083400838585707349e-01
1.398830397898338795e-02
1.264994119370919446e-06
0.000000000000000000e+00
2.876598116980071639e-03
2.529988238741870656e-06
1.264994119370919446e-06
3.288984710364431345e-05
3.390194170117145759e-04
0.000000000000000000e+00
7.792368740426572522e-04
3.851909576035385772e-03
4.026475288937285402e-03
3.162480333325427655e-04
9.487440999976282964e-04
2.708351913062943296e-03
2.656487650678969017e-05
3.162480333325427655e-04
1.720396967445572288e-04
2.732386304820785643e-03
3.996117912623273379e-03
1.927853023962030265e-03
1.891166704969657201e-03
5.059976477483741313e-06
0.000000000000000000e+00
1.377580582035629105e-03
1.401613980773157471e-03
1.064619547372767233e-02
3.466103747483289567e-04
8.830919975246943540e-03
1.697622108195699989e-03
1.839302939095871069e-03
8.006146291968026588e-03
0.000000000000000000e+00
5.692472544148785563e-03
9.070017766093144531e-04
1.036030680274957309e-03
4.819627594803199688e-03
3.162480333325441749e-04
1.404423392392851812e-18
2.213736233327799358e-03
8.375532022477184813e-03
1.048426927530547031e-02
7.640574411204146708e-04
2.453835940312880035e-02
6.700674346817957379e-03
4.475549194334299194e-03
1.555952697029143700e-04
3.467348881195700481e-03
4.470489217856799674e-03
1.493957558466842616e-03
5.264907014352370948e-03
6.868923033285572952e-04
1.264994119370919446e-06
1.011995295496748601e-05
1.786171944806858036e-02
1.496994388420699873e-02
4.727285010129928487e-03
1.069046133072223959e-02
4.288335029768572588e-04
1.200100963718609207e-02
1.948090943831200022e-03
1.579977655094299757e-03
7.587436714027625574e-03
1.822858512054229430e-03
4.168154630306786235e-03
3.817751755751242707e-03
3.369943340983785722e-03
2.909486474553155913e-05
1.629313418770115228e-03
1.657142296375000074e-04
5.059976477483741313e-06
2.245870162323004154e-02
3.162480333325427655e-04
6.324970596854693582e-06
5.059976477483741313e-06
4.933477065546647018e-05
1.271318096947385680e-03
5.898665592585870983e-03
1.770996732220571823e-04
8.032712658005000325e-04
2.024040242005723073e-05
0.000000000000000000e+00
