1.897392000000000053e+03
2.893555489184465728e+02
8.316741350824536028e+00
1.375168470594346104e+02
2.342792019603776865e-01
1.361520071347705997e-66
2.008342069928217585e-102
8.309727331224499025e+00
8.296662444587688867e+00
8.295861384970544705e+00
8.174662916120885470e+00
8.169735737640053230e+00
8.158040983231432008e+00
8.156428398166324811e+00
8.122824777995795387e+00
8.076839311598977389e+00
8.009758940277723838e+00
8.299030277619440454e+00
8.266577020134976195e+00
8.210860804962241133e+00
8.172951210568758285e+00
8.112908188100401929e+00
7.960033807456229127e+00
7.899983535484083497e+00
7.861131525441733103e+00
7.793290704748492281e+00
7.766951854320782722e+00
3.879382006464304755e-01
6.656536925913121650e+01
1.524789595955986421e+01
7.087964375009663713e-04
1.194193990709304148e-05
0.000000000000000000e+00
0.000000000000000000e+00
7.465929063324229276e+01
1.523016854584873272e+02
0.000000000000000000e+00
7.329558719467990535e+00
1.916849947443077351e+00
7.965184426681987134e+03
3.659805275641724975e+00
3.686739075394437903e-02
1.130240747105143100e+03
6.565914071268829089e-01
1.546431636803828225e+00
2.032832166619312275e+01
4.158131414988466723e+00
2.549085227985563584e-01
8.897649662662452386e-01
2.747394344843046898e+00
1.140850052597272501e+01
1.121983782179972522e+00
1.412896234266924580e+02
4.929685037025582517e+01
1.602156823670651065e+01
5.529830440167653904e+01
4.023739321519516743e+00
1.404914677462097927e+01
5.191661710251150197e+00
1.272167148314767404e+00
2.042829797647958046e+01
5.915531853764703918e-01
1.088170009117713875e+02
1.154923046180448587e+01
4.204851305397250272e+00
4.140583811035565276e+01
3.443574076420545804e+00
3.900518927172379247e+00
6.841789655365648759e-01
7.116751618625895048e+01
7.300399874696269498e-01
9.402878509724496681e+00
2.651895767382438862e+01
1.674039294557176305e+01
8.391294222531024694e-02
1.497720318032879916e-01
8.998273974547209946e+03
2.069119359143196224e+00
2.898061198449338072e+00
3.550022542697081063e-01
3.186300905287648561e-02
3.619240442497832777e-02
2.372239234451287322e-03
0.000000000000000000e+00
5.152616455523449268e+00
0.000000000000000000e+00
0.000000000000000000e+00
7.201197782592270169e-01
0.000000000000000000e+00
1.566705046790445799e+01
0.000000000000000000e+00
5.965231808798220330e-04
2.861899751320797457e-03
5.385844270090476707e-06
8.772462646177068279e+01
8.263583211181643046e-03
7.210064659456275418e-05
4.936115009868169423e+00
1.123514118103469792e-09
2.099345406662547948e-05
3.118186767339885427e-09
1.828317596286789737e+01
8.251795265757164025e-05
3.222208212982992563e+02
7.268740322533910821e-07
3.717944632993631648e-01
6.416217922457271072e+01
1.097121616460067835e-04
2.614843305423194818e-06
4.091069076985281328e+01
3.280424710866811262e-04
1.166904128617186132e+02
9.638665832526207279e-08
1.201324910255306412e-04
1.621309834064029896e-03
5.842762663142803348e+00
2.910791551911692115e-02
8.311497932598394553e-05
1.488759088209728023e-03
2.184237522057274661e-07
3.894494106272765943e-06
2.259978991312390463e+03
1.559333275785997814e-06
1.798147402400682539e-04
1.730399427746510264e+04
1.788899200935890541e-02
1.792886806252480258e-01
1.874936668445498299e+03
1.938321588547161321e-03
1.388747196641821474e-02
1.256428136486190464e-02
2.617664840815514191e-02
5.194771572555477232e-07
3.430827531556500110e-01
5.587908169045818245e-11
8.762060237977614270e-13
1.109995994605538433e-12
5.863768247644867392e-04
9.914654956212721255e-11
2.334348183901890361e-01
6.091704215262538469e+00
2.309218040067972889e-11
2.034885045765165647e-12
7.773730383206992658e-13
2.882773078404469548e-09
2.426170853566440155e-10
9.954090694258667290e-11
4.474191249162055798e-12
1.648143937054674289e-18
5.595041778598066396e-10
8.954431586977235335e-13
1.783723660677093950e-10
2.149654914612576956e-14
4.601116510288433633e-09
4.621583511064732778e-12
5.982736925558350647e-16
4.921789523927267523e-18
6.149060822999497958e-19
1.905352028173769469e-16
4.152721873033678694e-17
8.901132266575472549e-18
0.000000000000000000e+00
3.319717047830621226e+01
6.642504479259051209e+01
2.047160945803082354e-04
4.097170511353091294e-04
4.913922619685237787e-05
2.210068615229517852e-13
4.422643159334040657e-13
0.000000000000000000e+00
1.725604380584426778e+01
2.160542823313221685e-04
2.114826232720932619e+00
3.603215209187441564e-02
1.293417366559819308e-02
1.102021273745337648e+00
6.795848989665988920e-06
1.631249205697030004e-06
7.336558161810926230e-15
4.190868562789095779e-11
1.005959818223925554e-11
4.524313444620038839e-20
1.085998633007940699e-20
4.884288743810424813e-29
2.977669469896746524e-01
4.472448213400789623e-03
1.311097550887138308e+00
5.294505580468815420e-02
3.226472275861909751e-16
4.864651252468054869e-24
2.220025706280014393e-32
1.972783167393677293e-17
4.115794122010826791e-20
1.114400191317926990e-17
2.651716763967223773e-19
0.000000000000000000e+00
8.757993516316190267e-15
6.241090215616564430e-20
6.119565085579670330e-29
8.946055590496927747e-28
1.377968576869072246e-22
2.389174820341493261e-28
0.000000000000000000e+00
1.038522595628665673e-36
4.069785011789805216e-36
0.000000000000000000e+00
6.304724453507726341e-31
9.746817810930875801e-37
4.371475815271139523e-45
2.905639275659912370e-16
1.044212363815400956e-38
1.483313260038113708e-16
7.928352204281335833e-18
0.000000000000000000e+00
1.980681476474526918e-31
1.313841483617755715e-38
2.424168407905579359e-47
4.705965190650501460e-47
3.604317013100669158e-55
8.708676807462376189e-64
9.515944361772229572e-34
8.467357073189023262e-42
1.308302608880493747e-33
6.818402589979852964e-36
0.000000000000000000e+00
6.643903483033653856e+00
4.097146436628255276e-05
4.423139097624096743e-14
2.636458158626483204e-19
0.000000000000000000e+00
8.622035470080176671e-15
1.949944866614059108e-31
6.204892320432555988e-20
1.306035024041925254e-38
6.083916713481713222e-29
2.409899382156880017e-47
8.938197668879535954e-28
0.000000000000000000e+00
1.369710270126663714e-22
1.037463531168335996e-36
3.600236026476294348e-55
4.066167932485950456e-36
0.000000000000000000e+00
6.268087605065636967e-31
9.737367038334612088e-37
4.367202244898210953e-45
8.700071666892602856e-64
2.903182230267354689e-16
9.507159920401292057e-34
8.457528517101061835e-42
1.042894283995030523e-38
1.306614596418798549e-33
1.481490375662846066e-16
7.924678446868656873e-18
0.000000000000000000e+00
6.815182241492781624e-36
0.000000000000000000e+00
1.560349164455198635e-18
0.000000000000000000e+00
1.337745355472884632e-36
0.000000000000000000e+00
1.856943788433307592e-23
0.000000000000000000e+00
6.103281421316505643e-19
1.366294699783607063e-35
4.369657163326897598e-24
9.090677737241230134e-43
4.236700419421678327e-33
1.657400208121353609e-51
6.377793339855664063e-32
0.000000000000000000e+00
9.627095966856129275e-27
7.315859617427518691e-41
2.510505050410568453e-59
2.866369887481391382e-40
0.000000000000000000e+00
4.352021047685630691e-35
6.866704299037434151e-41
3.043016184709590075e-49
5.997346708211427570e-68
2.040283052122212824e-20
6.610977382302266760e-38
5.958900360685397871e-46
7.253615339009457122e-43
9.031684662593667371e-38
1.036912199003382679e-20
5.587039933759158205e-22
0.000000000000000000e+00
4.790504991503026725e-40
0.000000000000000000e+00
1.641213353710093236e-18
0.000000000000000000e+00
1.482937158940615135e-13
3.276952979851632974e-30
3.859812673847703189e-19
7.910586067361250305e-38
3.690415890105640134e-28
1.421717873664562248e-46
4.458631823042996358e-28
0.000000000000000000e+00
8.479270626090846736e-22
5.089101491085596530e-37
1.738362601661055160e-55
1.994074028070859041e-36
0.000000000000000000e+00
3.777157391692774527e-30
4.777097579302991845e-37
2.106967566274039181e-45
4.134949428058211724e-64
1.430555064474207216e-16
4.614799639072161424e-34
4.137781891173238303e-42
5.013362549704106953e-39
6.285489075584647000e-34
7.253575150355491251e-17
1.948284523858235613e-17
0.000000000000000000e+00
1.558143108556256471e-35
0.000000000000000000e+00
1.642662209594575316e-18
0.000000000000000000e+00
1.484231275276945165e-13
3.279847543799350714e-30
3.863221377807292345e-19
7.917669739412566505e-38
3.693717970476008295e-28
1.423008767153717816e-46
4.464975431983750551e-28
0.000000000000000000e+00
8.486777689305387735e-22
5.096404021446523949e-37
1.740877289504386033e-55
1.996935773970973036e-36
0.000000000000000000e+00
3.780548791714877213e-30
4.783951977346980914e-37
2.110016741330062868e-45
4.140979901208907406e-64
1.432602877260435883e-16
4.621456561466343939e-34
4.143727370033758476e-42
5.020631383366661689e-39
6.294597867529019878e-34
7.263992231472028570e-17
1.948456938738796779e-17
0.000000000000000000e+00
1.558290313279690102e-35
0.000000000000000000e+00
3.871193078610465493e-18
0.000000000000000000e+00
3.094148480532206448e-36
0.000000000000000000e+00
7.902241791307187475e-23
0.000000000000000000e+00
2.871400099814916610e-18
6.490403988862629396e-35
1.653289563235288396e-23
3.477778521714053109e-42
2.227610777586799168e-32
8.820133288615606627e-51
2.084146441382354921e-31
0.000000000000000000e+00
3.649227921027266042e-26
3.108931518670045093e-40
1.078466498182398791e-58
1.353863873401756919e-39
0.000000000000000000e+00
2.294539060457253411e-34
2.917788503032886523e-40
1.744148214474598113e-48
3.473363276875818802e-67
1.933241853715298091e-20
6.328974360917691425e-38
2.815572995406910722e-46
3.470708691080870894e-43
3.478451141190039191e-37
3.945694807550400950e-20
2.602508565445083571e-22
0.000000000000000000e+00
2.231345682422915165e-40
0.000000000000000000e+00
4.924931671441438237e-22
0.000000000000000000e+00
4.944346371476753141e-17
1.092587606505024101e-33
1.029558958704359645e-22
2.110053961359396754e-41
1.353507184135593906e-31
5.214359017806341376e-50
1.041191629444350141e-31
0.000000000000000000e+00
2.261744141694433118e-25
1.527960729709285290e-40
5.219317450083291822e-59
6.652305694360983339e-40
0.000000000000000000e+00
1.385328165335497238e-33
1.434291898145210793e-40
8.434705515777537968e-49
1.655320867459423692e-67
9.544771244323837422e-21
3.079028508026187091e-38
1.380311680156449344e-46
1.672393923740639746e-43
1.677407333332571943e-37
1.935760734894610667e-20
6.448259685543167386e-22
0.000000000000000000e+00
5.153923067167767542e-40
0.000000000000000000e+00
4.014923881425585019e-20
0.000000000000000000e+00
1.311974662187549991e-15
2.968282848213216024e-32
7.086479671148844276e-21
1.490607237425399164e-39
6.946096031255323881e-30
2.750810331966609741e-48
1.020885658229740491e-28
0.000000000000000000e+00
1.564335735631388114e-23
7.897298211546702098e-38
2.739944825527397590e-56
4.643359697108896573e-37
0.000000000000000000e+00
7.156933832267070741e-32
7.413067350432695925e-38
3.323969523287682190e-46
6.620347696919506565e-65
4.420634454710402107e-17
1.447332503124908201e-34
1.609567944811513404e-42
1.984074414640779033e-39
9.942822157253105344e-35
3.383006384117228514e-17
8.919327439620787040e-20
0.000000000000000000e+00
7.645992263295518425e-38
0.000000000000000000e+00
7.014977611151780117e-20
0.000000000000000000e+00
1.146324416668030855e-15
2.589053322969571125e-32
4.129729139688891105e-20
8.676189822033528333e-39
1.615150524853918998e-29
6.385750375696453568e-48
7.136315899321421664e-28
0.000000000000000000e+00
9.078512046172390448e-23
8.266714484211740148e-37
2.864011261297399600e-55
1.620141273644687996e-36
0.000000000000000000e+00
1.665151837309226522e-31
7.764656075154013496e-37
1.735534559555986171e-45
3.458933441193566615e-64
1.158850363044564261e-16
3.788510688298163454e-34
3.341522441690484016e-42
4.112489068072772685e-39
1.211708489377052696e-33
1.573270023100907172e-16
1.090486677868669849e-18
0.000000000000000000e+00
9.344662747146173673e-37
0.000000000000000000e+00
4.595276515297194687e-20
0.000000000000000000e+00
7.513419169521427545e-16
1.698972745211297331e-32
2.704137455106748326e-20
5.690817472224432416e-39
1.060235874181205828e-29
4.199541836309749453e-48
4.674645546647528890e-28
0.000000000000000000e+00
5.969106066071485559e-23
5.424167921827783193e-37
1.882280826040235852e-55
1.063109481666424593e-36
0.000000000000000000e+00
1.092414627703104633e-31
5.091614486887944708e-37
1.141621890224081366e-45
2.273915092947115078e-64
7.590561817381483357e-17
2.485323091806796048e-34
2.209542571792312108e-42
2.724101796416732871e-39
7.963379158261241891e-34
1.032095678210592480e-16
7.144282953446946405e-19
0.000000000000000000e+00
6.124791625444276315e-37
0.000000000000000000e+00
8.089580973858178851e-22
0.000000000000000000e+00
8.121432401206924669e-17
1.794632143320084072e-33
1.691139928004341762e-22
3.465904380420406974e-41
2.223213815691154741e-31
8.564826388121872360e-50
1.710254945391433980e-31
0.000000000000000000e+00
3.715102860081616304e-25
2.509773340828432102e-40
8.573016500224949676e-59
1.092690261944603556e-39
0.000000000000000000e+00
2.275488503709851619e-33
2.355930853897944768e-40
1.385446030765510584e-48
2.718923885830137974e-67
1.567804713667035274e-20
5.057494355122482110e-38
2.267149398652165990e-46
2.746856432875049771e-43
2.755092758691295713e-37
3.179471776548887187e-20
1.059221427845905802e-21
0.000000000000000000e+00
8.466079157538699188e-40
0.000000000000000000e+00
6.555078491403566808e-21
0.000000000000000000e+00
2.381887746156216615e-16
5.383924286819818829e-33
1.371439213385169745e-21
2.884889237241087045e-40
1.847849280771624146e-30
7.316478514651385067e-49
1.728844593452296629e-29
0.000000000000000000e+00
3.027112504452111504e-24
2.578924318802294828e-38
8.946101999839998824e-57
1.123058629047528194e-37
0.000000000000000000e+00
1.903367013966641695e-32
2.420366912377566892e-38
1.446806732274108564e-46
2.881224537922836470e-65
1.603664833624535560e-18
5.250015108944130369e-36
2.335576681799228068e-44
2.879023951211377844e-41
2.885446167829340310e-35
3.273036495431105733e-18
2.158841977291845004e-20
0.000000000000000000e+00
1.850953805762908597e-38
0.000000000000000000e+00
3.648540724579198283e-19
0.000000000000000000e+00
1.192202866704297425e-14
2.697360459354970256e-31
6.439782002879032117e-20
1.354533252278934755e-38
6.312116281479276647e-29
2.499714182524952011e-47
9.277247370422397033e-28
0.000000000000000000e+00
1.421578797470875134e-22
7.176531905626470679e-37
2.489851133670370383e-55
4.219595346434448948e-36
0.000000000000000000e+00
6.503736471705461321e-31
6.736533000563507500e-37
3.020583308992677192e-45
6.016032419784432118e-64
4.017206997415708143e-16
1.315235911263595354e-33
1.462676642678847626e-41
1.802975959715599045e-38
9.035265708508525065e-34
3.074253488022995525e-16
8.105752304260199662e-19
0.000000000000000000e+00
6.948525619811350553e-37
0.000000000000000000e+00
6.942850822370933006e-19
0.000000000000000000e+00
1.134533609590184135e-14
2.562401588266472586e-31
4.087280337245119056e-19
8.586906150035797975e-38
1.598520434600884276e-28
6.319919554035100283e-47
7.062943843346214916e-27
0.000000000000000000e+00
8.984935481603318943e-22
8.181622999247851870e-36
2.834499042789076111e-54
1.603464312239090137e-35
0.000000000000000000e+00
1.648013746024434918e-30
7.684765631207178485e-36
1.717640155941111755e-44
3.423284031311445597e-63
1.146935985093875818e-15
3.749519722079059144e-33
3.306946519070818946e-41
4.069885135710976494e-38
1.199222421147822499e-32
1.557078005226595577e-15
1.079287806808525558e-17
0.000000000000000000e+00
9.248691063344639960e-36
0.000000000000000000e+00
0.000000000000000000e+00
0.000000000000000000e+00
0.000000000000000000e+00
0.000000000000000000e+00
0.000000000000000000e+00
0.000000000000000000e+00
0.000000000000000000e+00
0.000000000000000000e+00
0.000000000000000000e+00
0.000000000000000000e+00
0.000000000000000000e+00
0.000000000000000000e+00
0.000000000000000000e+00
0.000000000000000000e+00
0.000000000000000000e+00
0.000000000000000000e+00
0.000000000000000000e+00
0.000000000000000000e+00
0.000000000000000000e+00
0.000000000000000000e+00
0.000000000000000000e+00
0.000000000000000000e+00
0.000000000000000000e+00
0.000000000000000000e+00
0.000000000000000000e+00
0.000000000000000000e+00
0.000000000000000000e+00
0.000000000000000000e+00
0.000000000000000000e+00
2.481478180844172432e-01
7.183296929247591294e-05
6.623243799590977865e+00
7.609043928422441638e+01
8.661507761102683889e-02
1.732864394250291040e+00
1.942176163554933410e+01
3.171475429196082135e-02
1.528924212110708680e+01
4.668358781801368984e+00
6.094522403120024718e-11
3.051381204807967595e+00
3.752430436383782083e-10
1.445214155622048498e-11
0.000000000000000000e+00
0.000000000000000000e+00
1.167514401775018983e-12
4.200439234908251093e-03
4.904070524356196968e-17
1.730287340604190405e+01
1.659043533093771657e+03
1.699653240553818945e+00
0.000000000000000000e+00
2.442580725831191657e+01
1.221408155741073642e+00
2.085214715906758887e+00
2.115709480091903030e-02
7.518495555205045866e-02
4.115806718131034359e+02
1.152764438056823764e+02
3.228051851252316737e+02
1.379359644729496438e-11
8.071754281521608121e+00
1.452920479753337304e+02
1.127289520480108109e+02
2.256120963196346807e+01
5.725761761528109162e+01
8.046070689661480302e-14
1.397262800919518653e-11
1.166900353292821434e-09
2.147915235431101444e-09
2.590765670783874697e+01
5.586392976872782709e-09
6.467211908081896832e-01
1.348067214664270264e-01
6.744361817237613799e-02
1.983386426454353852e+02
1.559264961004935312e-13
9.996309889602200201e+03
3.499780573107596382e+00
4.653571427414854855e-01
7.588616697123252708e-01
2.461272934632259535e+01
1.023940560952900508e-01
1.024005868103373240e+00
1.280168473170394527e+01
4.479936648610427508e-01
1.083481245887925049e-01
1.032659360689635042e-01
2.790997526191904665e+00
2.840281874678985297e+00
1.060567479358311659e-02
2.003034435846356018e+02
1.863964311408376417e+01
4.789522024931269079e-02
4.744642723032413967e-01
7.646348742046054081e-01
2.271586397560601822e-01
2.063318906726283330e+01
2.408401512159442897e-13
7.362403503850341870e-11
3.412958334693501001e+02
0.000000000000000000e+00
3.360503786536760629e+01
3.001323617782209752e+01
2.201523095941781207e+02
1.884372351363078624e-01
8.439528004443963560e-01
6.618718415279107603e+01
0.000000000000000000e+00
1.650442832589812834e-11
2.534875250509406186e+01
1.109861460894308978e-10
5.004198599979758910e-01
6.552255785816938944e-11
2.022827210522532774e-04
1.733495112506631616e-02
2.444490126009658815e-01
7.396269616563918322e-17
4.901477782446123088e-02
0.000000000000000000e+00
5.157440049305053176e-01
1.444507277996188166e-01
5.423933497185188024e+00
4.844207065989819760e+00
2.256133392093297374e+01
4.187423091553992034e-15
1.062659821455191348e-14
6.072246149273168088e-11
1.540841778112126923e-10
7.472402803764075985e-14
1.480588739294523516e-03
1.133216783247931831e-03
1.025796843554939268e-03
1.864647454661991499e-01
2.429260899257562004e-03
5.222543455515458316e-02
0.000000000000000000e+00
6.574651098118540326e-14
3.330389835822476825e-13
8.770912039042978335e-04
6.133286285025139058e-14
3.762699188758844035e-13
0.000000000000000000e+00
1.844589233003110434e-12
3.608036579491461643e-02
1.301770367913105146e-04
4.870758088555742697e-04
1.364212832122800850e-04
1.141725167731641193e+02
5.694746991116335977e+00
4.346845625405038049e-01
8.945341038720714621e+00
2.505430402784393440e+00
5.651877910388369841e+00
0.000000000000000000e+00
0.000000000000000000e+00
0.000000000000000000e+00
0.000000000000000000e+00
5.889824770107377816e+01
6.724426726898074946e+01
0.000000000000000000e+00
0.000000000000000000e+00
0.000000000000000000e+00
0.000000000000000000e+00
0.000000000000000000e+00
4.540063397912042290e-03
3.090381130133357333e-03
0.000000000000000000e+00
2.447762131452128290e-03
2.605887885904099952e-03
5.376216566653199691e-03
5.376216566653199691e-03
5.376216566653199691e-03
5.376216566653199691e-03
2.208679732421649916e-02
3.794982358112791161e-06
1.041722905557058813e-02
5.376216566653199691e-03
5.376216566653199691e-03
5.376216566653199691e-03
5.376216566653199691e-03
5.376216566653199691e-03
5.376216566653199691e-03
5.376216566653199691e-03
5.376216566653199691e-03
5.376216566653199691e-03
5.376216566653199691e-03
5.376216566653199691e-03
5.376216566653199691e-03
5.376216566653199691e-03
5.717773419555999964e-04
9.420411206955300182e-03
4.703248135821100177e-03
1.498765032630679922e-02
2.770337121422000162e-04
2.087240296962000101e-04
1.044885639110557617e-03
1.822856029503242600e-03
4.947391504349443053e-03
3.081525674787599818e-03
0.000000000000000000e+00
6.976439589269457960e-03
2.731122303721801071e-03
4.661501840351228027e-03
1.714066038727185288e-03
2.844970284934627593e-03
2.512278221768638603e-02
4.083402010349714874e-03
7.589964716225612816e-06
5.805057517282941927e-03
1.376060752004756166e-02
7.578580762171614575e-03
3.473674844812973256e-02
6.278163828397170104e-03
5.819022600115726564e-05
3.162480333325427655e-04
1.343043710374906483e-02
1.897488199995256593e-03
9.234506722425720501e-05
2.101154735764842758e-03
2.469268521012000193e-03
2.023990590993499574e-05
6.876503564308685673e-03
4.143487964918890487e-01
1.367205594565084475e-02
1.264994119370919446e-06
0.000000000000000000e+00
7.304070583635671222e-03
2.529988238741870656e-06
1.264994119370919446e-06
0.000000000000000000e+00
6.552674503442572872e-04
0.000000000000000000e+00
2.044229007372828314e-03
5.116901709365556834e-03
2.761483155607114773e-03
1.505343002051000019e-04
8.627264859211575525e-04
3.340847979728027526e-03
2.656487650678969017e-05
0.000000000000000000e+00
4.882877300771000214e-04
3.681130404818413939e-03
6.209854145951072303e-03
5.090333357287457269e-03
2.207414738302200183e-03
0.000000000000000000e+00
0.000000000000000000e+00
2.010076648700713335e-03
1.717862014105700236e-03
1.602241204038089978e-02
6.628584080808717222e-04
6.617183741919143748e-03
1.065126041530614458e-03
4.053039172423671295e-03
6.741154158637856393e-03
0.000000000000000000e+00
5.692472544148785563e-03
1.855745876606942641e-03
1.352278713607500075e-03
6.084619728133370750e-03
3.162480333325427655e-04
3.162480333325439039e-04
9.487440999976297059e-04
1.564923678912565758e-02
9.535525175307838983e-03
2.029049574450585407e-03
2.264087120313354462e-02
7.965666480148125839e-03
6.373037394329554052e-03
1.555952697029143700e-04
2.202356747865529419e-03
2.573001017861540913e-03
8.614614918017574107e-04
7.794891281012713072e-03
6.868923033285572952e-04
1.264994119370919446e-06
1.011995295496748601e-05
1.375049501474552051e-02
1.686743208420225792e-02
5.359781076795014018e-03
5.630492797401555338e-03
7.450815363094000785e-04
1.516348997051152579e-02
1.315594877166114491e-03
9.474815884292142262e-04
1.138241311401813963e-02
4.669090812047114319e-03
1.005674296981357713e-03
6.031487989079042066e-03
2.737447274318700191e-03
2.909486474553155913e-05
5.424289818760628414e-03
1.657142296375000074e-04
5.059976477483741313e-06
2.783491818988326899e-02
3.162480333325427655e-04
0.000000000000000000e+00
5.059976477483741313e-06
0.000000000000000000e+00
9.550700636148428064e-04
5.582417559253327784e-03
9.487440999976282964e-04
8.032712658005000325e-04
3.364884357525999318e-04
0.000000000000000000e+00
