1.897392000000000053e+03
2.702684388646088678e+02
7.471148080065771246e+00
1.531435604342442218e+02
1.445394660238688012e+00
4.782017563500606434e-72
1.204438109952680494e-102
7.463850197547538201e+00
7.449243883360508356e+00
7.448344815596794177e+00
7.328250864729249692e+00
7.323387501279546186e+00
7.311980926398031322e+00
7.310410666456367501e+00
7.279302866424084861e+00
7.239936141386015933e+00
7.188447687772979044e+00
7.451689646442707371e+00
7.414020646405365511e+00
7.353796524493596998e+00
7.315535414718800311e+00
7.261711016785675987e+00
7.152980547076734474e+00
7.113442846484074877e+00
7.089012889332022560e+00
7.049262450654635970e+00
7.034225137078557566e+00
3.634237408760070953e-01
7.121639014214572683e+01
1.354618193472187038e+01
3.805200087809652355e-04
1.163749388315214396e-05
0.000000000000000000e+00
0.000000000000000000e+00
4.875739166005259762e+01
1.525400161039737554e+02
0.000000000000000000e+00
7.002943846225113234e+00
1.676369053221423266e+00
7.969929231414663263e+03
3.400761138621524182e+00
3.489094852826793436e-02
1.128638787402279377e+03
7.105886921117444688e-01
1.516551842400081895e+00
1.926138659411861909e+01
3.931810257158876443e+00
2.547303603579778586e-01
8.893307303371874584e-01
2.745724832720230602e+00
1.140867992127618358e+01
1.122183709492645676e+00
1.412854441015077498e+02
4.925243953152476450e+01
1.602382610228023196e+01
5.529829563971885165e+01
4.022632501177348274e+00
1.404436801243754118e+01
5.207709174820853271e+00
1.277098173333675701e+00
2.044469614333253205e+01
5.941263438014001697e-01
1.088118031549376070e+02
1.158003527225736740e+01
4.204581075649874045e+00
4.149583697968069629e+01
3.443657628020414752e+00
3.900596269401014116e+00
6.841907889254261743e-01
7.116751145414986013e+01
7.300535185498366886e-01
9.402896235893166477e+00
2.651895067700645825e+01
1.674039641985155313e+01
8.397784779267951361e-02
1.497720318032879916e-01
8.990930941250258911e+03
1.917625921872593953e+00
2.897804768737504144e+00
3.347744255925869661e-01
3.184834627408952151e-02
3.630833820370026055e-02
2.372321783365590429e-03
0.000000000000000000e+00
4.626593678993518033e+00
0.000000000000000000e+00
0.000000000000000000e+00
6.999559935944336120e-01
0.000000000000000000e+00
1.544113304057383651e+01
0.000000000000000000e+00
6.048317778071821702e-04
2.861822887172204167e-03
5.458704070014304352e-06
8.615533305873958625e+01
8.230595949889755666e-03
8.603335582192672693e-05
4.861093946171921587e+00
1.320238228349747543e-09
2.642833067580807396e-05
3.868844852463146112e-09
1.525666449528215907e+01
8.216484032098284995e-05
3.240324010593275830e+02
8.722059310229159565e-07
3.879323364003973151e-01
6.465493506580382643e+01
1.120732663912704614e-04
2.325213168683282531e-06
4.645152497575583794e+01
3.309956415048129728e-04
1.171479574396227719e+02
8.604649967432238530e-08
1.022081714033442983e-04
1.373353656544746637e-03
6.634067991527548003e+00
2.801181119103257969e-02
5.963660285039075834e-05
1.218311309180159256e-03
1.124543519036519630e-07
2.304653602380375151e-06
2.259986492150080721e+03
8.028223751118617363e-07
1.121645664422643964e-04
1.742944074177835864e+04
1.123980178556538770e-02
1.129522767689968427e-01
1.791170715436061073e+03
1.155080962178502623e-03
9.796705326376701009e-03
7.926142432395887061e-03
4.934847628313991652e-02
6.177818150872302421e-07
3.561650856923443964e-01
4.815469186124541917e-11
8.699083139084458526e-13
1.076193303307938656e-12
5.615191854293461555e-04
8.209413988691618673e-11
1.883722293208901499e-01
6.091998329651132416e+00
1.761191407444046902e-11
1.833734554780346537e-12
1.007871237239265778e-12
2.496684709906180139e-09
2.619936289877836144e-10
1.470189530662275790e-10
3.029270483155497127e-12
1.120267425361414694e-18
4.298174675913966435e-10
5.648762806248654074e-13
1.128278602830852506e-10
1.471917747579817888e-14
3.278102502439595150e-09
3.284140574563338815e-12
4.596479840363885093e-16
4.906925623866028310e-18
2.109424016238076965e-19
3.987938865128416576e-16
8.561829783452772084e-18
1.318733611954192629e-17
0.000000000000000000e+00
2.367626093251555730e+01
4.413993042283836132e+01
2.156994880233825522e-04
4.022241588770097097e-04
4.984477248156479105e-05
2.320500280019715472e-13
4.326584335235505940e-13
0.000000000000000000e+00
1.271351846822798137e+01
2.160545433155833077e-04
2.114492454804231425e+00
2.844899199144955426e-03
1.214754726424171170e-02
5.605504653997551712e-01
5.106854301488972960e-06
1.180113818787875190e-06
5.493901799232085782e-15
4.652633000485628784e-11
1.075150410302524580e-11
5.005255152599320768e-20
1.156635851234181207e-20
5.384602469922597486e-29
1.616332073650673939e-01
4.471049853359543996e-03
1.145913300330702267e+00
7.221250503064045867e-02
2.801397292622909083e-16
7.312010374879587209e-24
3.447430200695348579e-32
7.108141227613178523e-18
8.613799145376144387e-20
3.167203837016651925e-18
2.514116055708978354e-19
0.000000000000000000e+00
5.573191147280689900e-15
5.675483023693803626e-20
5.640898582724766114e-29
1.414596593757235139e-27
1.494000552242721114e-22
3.641736772562391042e-28
0.000000000000000000e+00
1.641792325095318585e-36
6.649566007070906979e-36
0.000000000000000000e+00
7.058781874918705903e-31
1.530495146260576321e-36
7.114946862712967141e-45
7.810238042324222154e-17
4.784031498014650031e-38
4.897167648624250259e-17
5.156525281019133866e-18
0.000000000000000000e+00
1.070406119980894343e-31
1.196593253699439043e-38
2.268363331583576278e-47
7.733871853679708060e-47
5.937625628157945953e-55
1.541723163421267380e-63
1.005179575695204786e-34
3.708725767480079353e-41
9.772634894179999451e-35
5.570306204362337890e-36
0.000000000000000000e+00
4.414932297266824790e+00
4.022233090688261971e-05
4.327081963174427933e-14
2.502438252856307389e-19
0.000000000000000000e+00
5.503880324329662833e-15
1.057106742529134214e-31
5.648814679293563099e-20
1.190811438218495855e-38
5.614377636441905160e-29
2.257562104857233897e-47
1.413507210191107999e-27
0.000000000000000000e+00
1.486753127421694779e-22
1.640320749196680063e-36
5.931678160326385754e-55
6.644379569499520334e-36
0.000000000000000000e+00
7.025657803817266535e-31
1.529176711214184485e-36
7.108850445445181622e-45
1.540377331468561183e-63
7.805472663742203309e-17
1.004560452237539268e-34
3.704755654942627667e-41
4.778789508896503417e-38
9.763957468094564375e-35
4.892637189171533469e-17
5.151509110410819003e-18
0.000000000000000000e+00
5.564122209557349501e-36
0.000000000000000000e+00
6.072998817402786573e-18
0.000000000000000000e+00
6.489864782139413245e-36
0.000000000000000000e+00
1.755149986333363124e-23
0.000000000000000000e+00
3.877953156675389863e-19
7.374197272069636529e-36
3.960916934977380650e-24
8.256857772967380770e-43
3.901736321595297717e-33
1.548778441836732152e-51
1.007745322612869336e-31
0.000000000000000000e+00
1.042087922927488929e-26
1.155814746045074184e-40
4.131369925030779548e-59
4.677838948179338665e-40
0.000000000000000000e+00
4.862053643659348548e-35
1.076443449960566597e-40
4.947526142688539184e-49
1.060449197955572404e-67
5.585147241935977490e-21
7.182324632061690127e-39
2.595157453404698567e-45
3.338249207267889413e-42
6.896276883871387112e-39
3.465126813730660226e-21
3.650225864380984941e-22
0.000000000000000000e+00
3.893913264029298669e-40
0.000000000000000000e+00
1.257200475492360505e-18
0.000000000000000000e+00
7.639912100928312134e-14
1.432584565325193933e-30
2.836217697241936069e-19
5.825334234289581287e-38
2.761367590182949117e-28
1.078189962058103100e-46
5.975353006217418485e-28
0.000000000000000000e+00
7.459249851135248729e-22
6.818813911850730193e-37
2.425383388800528837e-55
2.759318000914644102e-36
0.000000000000000000e+00
3.424526932485645508e-30
6.348456685921000624e-37
2.904448716168083968e-45
6.197989607175148314e-64
3.348825170435664442e-17
4.305091069187503878e-35
1.527872064079555796e-41
1.962277547774420625e-38
4.110249829925910065e-35
2.067513813868602289e-17
1.071993485435411880e-17
0.000000000000000000e+00
9.290113254026173769e-36
0.000000000000000000e+00
1.258304753216519165e-18
0.000000000000000000e+00
7.646528922109053457e-14
1.433840858228156713e-30
2.838709698447634891e-19
5.830522051754904237e-38
2.763819836093641970e-28
1.079162304712722535e-46
5.983822450691112790e-28
0.000000000000000000e+00
7.465806344117837998e-22
6.828561221442313966e-37
2.428879762509157145e-55
2.763264371869985506e-36
0.000000000000000000e+00
3.427582402688091602e-30
6.357537698061218541e-37
2.908637353823846124e-45
6.206998555826661971e-64
3.353536095784100225e-17
4.311150611439639950e-35
1.530064989416751281e-41
1.965100217549152813e-38
4.116087268494315942e-35
2.070444461259758638e-17
1.072071269692562148e-17
0.000000000000000000e+00
9.290914980282315948e-36
0.000000000000000000e+00
1.322634310735531568e-17
0.000000000000000000e+00
1.144666868479218160e-35
0.000000000000000000e+00
8.759011491243614475e-23
0.000000000000000000e+00
2.140608516791894379e-18
4.109135685227949995e-35
1.757644019879400736e-23
3.702990135198777839e-42
2.400731521150190086e-32
9.649281266704891670e-51
3.849158629520891393e-31
0.000000000000000000e+00
4.625859500920863923e-26
5.740587070940543889e-40
2.075078797869809889e-58
2.583599464032711971e-39
0.000000000000000000e+00
3.003447896716067158e-34
5.351102563934446204e-40
3.315583362180467417e-48
7.181723923094916687e-67
6.074004339703792939e-21
7.817415756908039546e-39
1.440063894839957784e-45
1.857543025421834085e-42
3.037949521068516361e-38
1.522451083276886279e-20
1.181114289590491695e-21
0.000000000000000000e+00
1.261855765292171847e-39
0.000000000000000000e+00
4.406355078355038488e-22
0.000000000000000000e+00
2.975187204637637551e-17
5.578868106664512934e-34
8.836176037002516956e-23
1.814870014187296628e-41
1.182903334122454270e-31
4.618729685778884776e-50
1.629792999348885287e-31
0.000000000000000000e+00
2.323913440754901094e-25
2.391220892964920372e-40
8.505375653133652885e-59
1.075158426156686269e-39
0.000000000000000000e+00
1.466992671058279899e-33
2.226288160106215961e-40
1.358049325508658771e-48
2.898027872287031145e-67
2.609717042882467405e-21
3.354928595013127222e-39
5.953004081292648818e-46
7.645565122721027085e-43
1.281172333173520852e-38
6.444478506210661421e-21
2.573124649616245947e-21
0.000000000000000000e+00
2.226874848735218426e-39
0.000000000000000000e+00
4.415301882778725157e-20
0.000000000000000000e+00
9.703728846259125956e-16
1.864472210023290111e-32
7.474668673162714959e-21
1.574683966275922211e-39
7.427033404025637325e-30
2.985757338177451005e-48
1.870603382862884390e-28
0.000000000000000000e+00
1.967398132549819484e-23
1.446744614619397246e-37
5.230484822296391680e-56
8.791317792474713834e-37
0.000000000000000000e+00
9.294535040195023765e-32
1.348844839751019361e-37
6.269116976790255870e-46
1.358111438027374283e-64
1.377633801803574803e-17
1.772980349612401985e-35
8.168238826959551130e-42
1.053481031505782987e-38
8.612818216382480311e-36
1.294845222832186110e-17
4.018456558746108370e-19
0.000000000000000000e+00
4.292973464399079287e-37
0.000000000000000000e+00
5.715193344061045921e-20
0.000000000000000000e+00
6.282502246843943648e-16
1.205044850111180917e-32
3.226939686044387757e-20
6.790357296989273634e-39
1.279732457213905256e-29
5.135878070962642695e-48
9.689854974823808518e-28
0.000000000000000000e+00
8.460186341370879589e-23
1.122253376671713460e-36
4.051301285235259776e-55
2.272923132003269595e-36
0.000000000000000000e+00
1.602253492356323733e-31
1.046805938703190213e-36
2.425482179442172509e-45
5.257673569181362148e-64
2.683249336711723296e-17
3.452860334752902719e-35
1.255539991649105308e-41
1.619040937106087559e-38
7.802666883274316388e-35
4.470294026460618837e-17
3.617303763996062724e-18
0.000000000000000000e+00
3.857974236583465333e-36
0.000000000000000000e+00
5.118945667113982724e-20
0.000000000000000000e+00
5.629020785965968821e-16
1.080983540773371431e-32
2.889193106359433297e-20
6.089620040577069383e-39
1.148308361537761145e-29
4.617193585387305325e-48
8.676301516211393540e-28
0.000000000000000000e+00
7.604210908918222608e-23
1.006531921402568023e-36
3.639709315038304744e-55
2.038835093629677565e-36
0.000000000000000000e+00
1.437049372089222729e-31
9.384330409772506702e-37
2.180991008435763649e-45
4.725109860026471390e-64
2.395840307855302831e-17
3.083396116126091026e-35
1.135841497579095449e-41
1.465088078164691922e-38
6.986481588012327551e-35
4.001147274989366467e-17
3.261229075083957110e-18
0.000000000000000000e+00
3.484450850617782997e-36
0.000000000000000000e+00
7.306226638380657744e-22
0.000000000000000000e+00
4.933178172907463454e-17
9.250259792530283386e-34
1.465144765245919535e-22
3.009238263827732059e-41
1.961366426842871751e-31
7.658236096227892530e-50
2.702407710766057118e-31
0.000000000000000000e+00
3.853328017037698603e-25
3.964882125497071752e-40
1.410267593117312101e-58
1.782729215588145617e-39
0.000000000000000000e+00
2.432418380081579518e-33
3.691426252677591079e-40
2.251766355168056542e-48
4.805133362301741634e-67
4.327294250372744411e-21
5.562960133571096592e-39
9.870195835293722289e-46
1.267645477062582112e-42
2.124240175574728589e-38
1.068525829579777182e-20
4.266532035691020247e-21
0.000000000000000000e+00
3.692383660185615371e-39
0.000000000000000000e+00
7.334482476232603185e-21
0.000000000000000000e+00
1.792469021807326773e-16
3.440840384766946296e-33
1.471788315908071880e-21
3.100748754213004073e-40
2.010285155856000733e-30
8.079951380078746143e-49
3.223148918740446751e-29
0.000000000000000000e+00
3.873529225882669443e-24
4.806960900809718320e-38
1.737595205549992255e-56
2.163413035846049611e-37
0.000000000000000000e+00
2.514976914987500626e-32
4.480819907265437631e-38
2.776348077484727903e-46
6.013709207723205332e-65
5.086157167403133025e-19
6.546028711459253938e-37
1.205856983990008097e-43
1.555438776871321119e-40
2.543870312645588441e-36
1.274846310790400685e-18
9.890230415822656489e-20
0.000000000000000000e+00
1.056632652578748385e-37
0.000000000000000000e+00
4.012357105825692288e-19
0.000000000000000000e+00
8.817820965745873507e-15
1.694289167363096406e-31
6.792501710666225918e-20
1.430926109373685632e-38
6.749126950418359157e-29
2.713201709906463916e-47
1.699893748363583856e-27
0.000000000000000000e+00
1.787849883802123191e-22
1.314698062047344501e-36
4.753039221393524727e-55
7.988960962592040598e-36
0.000000000000000000e+00
8.446198231844692239e-31
1.225739328237539931e-36
5.696892633036892745e-45
1.234134564651586478e-63
1.251927371865036630e-16
1.611198174267429086e-34
7.422718734223794168e-41
9.573226140778093583e-38
7.826792060577976010e-35
1.176678992785340018e-16
3.651738332515305782e-18
0.000000000000000000e+00
3.901147016893203413e-36
0.000000000000000000e+00
5.656402641020904547e-19
0.000000000000000000e+00
6.217860607136017918e-15
1.192635998966526719e-31
3.193753916039346506e-19
6.720447999782882079e-38
1.266551981908679992e-28
5.082914383217984603e-47
9.590199842788128610e-27
0.000000000000000000e+00
8.372952959135116297e-22
1.110698491628465438e-35
4.009541242832457739e-54
2.249518896518045652e-35
0.000000000000000000e+00
1.585756361313918403e-30
1.036031220968435611e-35
2.400465823325914546e-44
5.203466108249309849e-63
2.655705461285512098e-16
3.417413363840555141e-34
1.242536868150013658e-40
1.602270061246745218e-37
7.722419536529488567e-34
4.424330775132126420e-16
3.580116326219170359e-17
0.000000000000000000e+00
3.818302903371150839e-35
0.000000000000000000e+00
0.000000000000000000e+00
0.000000000000000000e+00
0.000000000000000000e+00
0.000000000000000000e+00
0.000000000000000000e+00
0.000000000000000000e+00
0.000000000000000000e+00
0.000000000000000000e+00
0.000000000000000000e+00
0.000000000000000000e+00
0.000000000000000000e+00
0.000000000000000000e+00
0.000000000000000000e+00
0.000000000000000000e+00
0.000000000000000000e+00
0.000000000000000000e+00
0.000000000000000000e+00
0.000000000000000000e+00
0.000000000000000000e+00
0.000000000000000000e+00
0.000000000000000000e+00
0.000000000000000000e+00
0.000000000000000000e+00
0.000000000000000000e+00
0.000000000000000000e+00
0.000000000000000000e+00
0.000000000000000000e+00
0.000000000000000000e+00
0.000000000000000000e+00
1.546627082302322265e+00
7.183297886448740421e-05
5.253206222691864546e+00
7.759106418483428058e+01
1.011659659879549089e-01
1.885054385793307752e+00
2.250493768487923063e+01
2.737209357549025626e-02
1.531649119793627101e+01
4.009501327303022222e+00
5.333013370873698010e-11
3.581230616922956411e+00
2.952014182380292897e-10
1.462551173041004730e-11
0.000000000000000000e+00
0.000000000000000000e+00
8.374056270638132676e-13
4.200439886409329873e-03
3.517469709918199137e-17
1.578013116433520935e+01
1.674729604438716706e+03
1.945702109986498618e+00
0.000000000000000000e+00
2.393843186425193537e+01
1.284971785485026885e+00
2.006176748067449722e+00
2.987838944926477294e-02
8.932272655230311109e-02
4.392071441964824885e+02
1.210999567273749591e+02
3.336668525629849000e+02
1.480710444149229789e-11
7.520521193207383881e+00
1.353699640043882084e+02
1.197181807212174078e+02
2.232420197153493646e+01
5.665667898209494524e+01
9.098901526661287858e-14
1.173862585752880372e-11
1.427444585556516816e-09
2.487996757827110818e-09
1.573845284981323722e+01
3.906000921142638676e-09
6.467211929063361175e-01
1.878781782255096733e-01
9.398644845905351763e-02
2.338375020186271627e+02
1.118852120939165737e-13
9.996299037348839192e+03
3.541793623288461035e+00
4.467795131903175010e-01
7.707416880820097127e-01
2.436012772615687894e+01
9.192852148294210213e-02
9.193362224967709384e-01
1.123140291029712401e+01
3.977637175417915172e-01
1.018934878664879418e-01
8.594478226866443527e-02
3.306442377577189617e+00
2.711322659776451705e+00
9.524898533516283627e-03
1.852208759426927145e+02
1.547196283880252210e+01
4.567592512997573073e-02
4.664644382353343999e-01
6.924411056573918088e-01
2.129844554667572054e-01
2.129689308902741018e+01
1.782903594996892440e-13
5.449064428241555321e-11
3.426549421249053466e+02
0.000000000000000000e+00
2.974638146728368682e+01
2.705482798680163725e+01
2.051218932042539791e+02
2.368809073740189564e-01
9.532554721478952997e-01
7.445787619604431029e+01
0.000000000000000000e+00
1.028045212385324888e-11
2.751599897940768003e+01
1.219454388082231769e-10
4.096414763760926614e-01
5.433092798404768039e-11
3.244010259323894143e-04
1.886473851670205509e-02
2.396123234145236813e-01
5.355156194658009076e-17
5.117236135578624029e-02
0.000000000000000000e+00
6.538504118756358618e-01
1.802820505918396876e-01
4.962691799360841927e+00
4.513640913119651543e+00
2.232431968254537935e+01
4.684912960029739361e-15
1.119555156311650227e-14
7.350212743367764896e-11
1.756187115212639373e-10
5.553714848241787590e-14
1.438545931005782508e-03
1.021909781451527935e-03
9.208866420263422383e-04
1.547995049559578729e-01
2.144182524319759604e-03
4.783969361755453092e-02
0.000000000000000000e+00
5.446547916745346098e-14
3.658498423283655776e-13
9.898713471001778334e-04
5.330901321033714165e-14
3.640985702715134290e-13
0.000000000000000000e+00
1.442981751309927921e-12
4.464188934343864268e-02
1.992365059889708980e-04
7.955069578481332440e-04
2.193402324963206142e-04
1.119023115126844345e+02
4.570547213900769457e+00
4.023894086595776742e-01
8.836590295970284004e+00
2.436451653302897036e+00
7.101903160657029979e+00
0.000000000000000000e+00
0.000000000000000000e+00
0.000000000000000000e+00
0.000000000000000000e+00
5.952912224919555229e+01
6.661339272086374308e+01
0.000000000000000000e+00
0.000000000000000000e+00
0.000000000000000000e+00
0.000000000000000000e+00
0.000000000000000000e+00
4.223815364579499090e-03
4.039125230130985629e-03
3.162480333325427655e-04
1.499018031454499994e-03
2.922135919236642718e-03
5.376216566653199691e-03
5.376216566653199691e-03
5.376216566653199691e-03
5.376216566653199691e-03
2.271929339088158556e-02
3.794982358112791161e-06
1.263096528889838532e-02
5.376216566653199691e-03
5.376216566653199691e-03
5.376216566653199691e-03
5.376216566653199691e-03
5.376216566653199691e-03
5.376216566653199691e-03
5.376216566653199691e-03
5.376216566653199691e-03
5.376216566653199691e-03
5.376216566653199691e-03
5.376216566653199691e-03
5.376216566653199691e-03
5.376216566653199691e-03
5.717773419555999964e-04
9.420411206955300182e-03
4.703248135821100177e-03
1.498765032630679922e-02
2.770337121422000162e-04
2.087240296962000101e-04
4.123895724454720857e-04
1.506607996170699834e-03
3.366151337686729660e-03
3.397773708120143017e-03
0.000000000000000000e+00
1.140391205592505668e-02
1.466130170391630226e-03
1.182773473693257606e-03
1.397818005394642522e-03
1.896226184937000597e-03
2.417403811768875643e-02
3.767153977017172542e-03
7.589964716225611122e-06
6.753801617280568922e-03
1.597434375337536405e-02
9.476068962166871168e-03
4.580542961476873759e-02
3.748179561736827547e-03
3.744382593337000176e-04
1.884846202964572583e-04
1.026795677042364151e-02
6.793018421020998506e-04
9.234506722425720501e-05
1.468658669099757010e-03
1.836772454346914663e-03
2.023990590993499574e-05
4.662767330980886749e-03
4.222549973252026079e-01
1.145831971232304063e-02
1.264994119370919446e-06
0.000000000000000000e+00
2.244102050314986108e-03
0.000000000000000000e+00
1.264994119370919446e-06
3.491378804361870789e-04
1.920259583674428349e-03
0.000000000000000000e+00
4.629888407101145410e-04
7.014389909360813427e-03
4.658971355602370933e-03
3.162480333325427655e-04
3.392710752581499459e-03
2.075855846397857765e-03
2.656487650678970711e-05
0.000000000000000000e+00
0.000000000000000000e+00
2.416138271488242877e-03
6.842350212616157834e-03
3.825341223957286641e-03
2.207414738302200183e-03
5.059976477483740466e-06
0.000000000000000000e+00
2.958820748698342065e-03
7.691179141080719400e-04
1.570616400704835658e-02
9.791064414134144876e-04
6.300935708586600549e-03
5.176350474853671710e-03
3.104295072426042131e-03
7.373650225302941057e-03
3.162480333325427655e-04
6.957464677478956624e-03
3.120738009937113703e-03
7.197826469424144355e-04
4.819627594803199688e-03
1.581240166662713827e-03
9.487440999976297059e-04
1.004406323800815593e-03
1.217050842246769800e-02
1.080051730863801004e-02
2.345297607783128173e-03
2.580335153645897314e-02
7.016922380150498843e-03
5.108045260999384725e-03
4.718433030354571354e-04
3.467348881195700481e-03
4.154241184524257342e-03
8.614614918017570854e-04
5.581155047684914147e-03
1.003140336661100061e-03
1.264994119370919446e-06
0.000000000000000000e+00
1.881046354806620996e-02
1.560243995087208166e-02
3.462292876799757425e-03
8.476725097394445865e-03
1.061329569641942736e-03
2.212094670382746750e-02
6.830988105010291772e-04
1.579977655094299757e-03
7.587436714027625574e-03
3.404098678716943258e-03
2.270666430311528775e-03
3.185255689086157176e-03
4.002439407648872120e-03
2.909486474553155913e-05
2.578057518767743524e-03
0.000000000000000000e+00
5.059976477483741313e-06
1.961246932323715622e-02
3.162480333325427655e-04
6.324970596854693582e-06
5.059976477483741313e-06
4.933477065546644307e-05
6.325963617214519273e-06
6.531161659250956514e-03
4.933477065545998665e-04
4.870232324679572128e-04
3.364884357525999318e-04
0.000000000000000000e+00
