1.897392000000000053e+03
3.090710791233341297e+02
9.650964266459824970e+00
6.966680726899761567e+01
2.921563335460489963e+00
4.011586099074712830e-73
2.667387380343772207e-102
9.622275646900034118e+00
9.573765269634870734e+00
9.570808022119678071e+00
9.332484771525807687e+00
9.323006888584043139e+00
9.301624581568610495e+00
9.298696497607043199e+00
9.245171728466765160e+00
9.182231243767034812e+00
9.105252027349205690e+00
9.584180704605193668e+00
9.487468102517611968e+00
9.367191366716218326e+00
9.298731905718121027e+00
9.211648894006764010e+00
9.054653924390086317e+00
8.999583857424436673e+00
8.966235848253109708e+00
8.913464828236941528e+00
8.893704640733140820e+00
7.714237736815318103e-01
6.670008347356902334e+01
1.553606907543005811e+01
3.334537147786134073e-04
1.211114233543170465e-05
0.000000000000000000e+00
0.000000000000000000e+00
6.159404004721969272e+01
1.524722948110223228e+02
0.000000000000000000e+00
9.612581223748852821e+00
1.585047726788910039e+00
7.973070287539736455e+03
3.151282394339116610e+00
3.296598547379308436e-02
1.127901639119034371e+03
7.456613779563974198e-01
1.484232724811432647e+00
1.820162406412421774e+01
3.697912508782728924e+00
2.548042911941506006e-01
8.899392612480827580e-01
2.748105674092949702e+00
1.140882979237390948e+01
1.121728106473184106e+00
1.412925539497415457e+02
4.921413111539282426e+01
1.602058326375804853e+01
5.529828871307264393e+01
4.022021710492421853e+00
1.404084552121377705e+01
5.221359219976531740e+00
1.278657316062925098e+00
2.041947154098563999e+01
5.963213474648666468e-01
1.088074477004625038e+02
1.160811925327195127e+01
4.204487802244637251e+00
4.157166107444707848e+01
3.443721206321832984e+00
3.900656987578846380e+00
6.841999995293893688e-01
7.116750765412156454e+01
7.300640502875966886e-01
9.402910013264966338e+00
2.651894526873415359e+01
1.674039913342668484e+01
8.386851384576402002e-02
1.497720318032879916e-01
8.988652959703602392e+03
1.772988958722049313e+00
2.896188739373829257e+00
3.136227522069264251e-01
3.186245798441545568e-02
3.638224986668262689e-02
2.371045540636018602e-03
0.000000000000000000e+00
4.982329961810759045e+00
0.000000000000000000e+00
0.000000000000000000e+00
9.287856457471206362e-01
0.000000000000000000e+00
1.650229446087767826e+01
0.000000000000000000e+00
6.147795272262581790e-04
2.861730257895201118e-03
5.545940270861408250e-06
8.672748552696792501e+01
8.417702070125354305e-03
8.756656264071801404e-05
4.947599670215555356e+00
1.367689088336348026e-09
2.639183454644560968e-05
4.129005786577761543e-09
1.533155089723756426e+01
8.403825301729553473e-05
3.207966896901358496e+02
8.788909346534688761e-07
3.849218200841906246e-01
6.616632547606938886e+01
1.163523005927546533e-04
2.765819475594769887e-06
3.931036800300670109e+01
3.329320279359401042e-04
1.197181171309285190e+02
1.045979954743176482e-07
1.310483111346130377e-04
1.768124591036409309e-03
5.613642062589855541e+00
3.043769693449820818e-02
9.884996212296749305e-05
1.705300359415021704e-03
3.089685506088858499e-07
5.352881693316609487e-06
2.259971322032687567e+03
2.205792890856522213e-06
2.534726662174110199e-04
1.703325181891081593e+04
2.482235021695566868e-02
2.487501448952490202e-01
1.784095412109111976e+03
2.599938736808854369e-03
1.839328996081765824e-02
1.743093653936365894e-02
6.392016441754587441e-02
1.759736791337874891e-06
3.664559031402362388e-01
1.648729435791639938e-10
2.094091488005859786e-12
2.571158233867933450e-12
7.539555866764662516e-04
1.956452849758225994e-10
2.505158339560571990e-01
6.091587170219058045e+00
2.173979699603470274e-11
3.306686966022165121e-12
1.398195229302188893e-12
2.605632063100435789e-09
4.070027503471067901e-10
1.703472328910691642e-10
4.398234091240385792e-12
1.662241784031251583e-18
5.326436933923002941e-10
7.562023792761882364e-13
1.515462573935592364e-10
1.800902913979498614e-14
3.748058530927919473e-09
3.737753733829911944e-12
3.467207987370067171e-16
1.893134976459297025e-17
6.104331071492587431e-19
2.855944011039825550e-16
4.121974171312438456e-17
1.469882129710267507e-17
0.000000000000000000e+00
2.503702372827915923e+01
4.304103863853818268e+01
2.272780235022980096e-04
3.907663842505288213e-04
4.969171881295817366e-05
2.434795842277643258e-13
4.185684198485321019e-13
0.000000000000000000e+00
1.364927474211321368e+01
2.160542759712172345e-04
3.245989273919394069e+00
1.134331827605970094e-02
2.954875093931995031e-03
6.268448158807649051e-01
5.690282068871969737e-06
1.244116051892341555e-06
6.095843149766338111e-15
5.165520988461049526e-11
1.129382955088703437e-11
5.533680992715274518e-20
1.209876991293411139e-20
5.928080710889807378e-29
1.863015933544263647e-01
1.053642643303636349e-02
1.397265903539110399e+00
2.081291247731103036e-02
2.245077164652808714e-16
2.853886696160130058e-23
1.401101352804269787e-31
1.954185821581139695e-17
6.169211631051018804e-20
1.180549707727083080e-17
2.079156250434757941e-19
0.000000000000000000e+00
4.776024246122485837e-15
4.445505367965234492e-20
4.722283611591811930e-29
5.801246810210631070e-27
6.233337400936481768e-22
1.416990824423410637e-27
0.000000000000000000e+00
6.703977725446889429e-36
2.844362629636278150e-35
0.000000000000000000e+00
3.061308249617481387e-30
6.195183521612012029e-36
3.030777203826529467e-44
2.282359366775303946e-16
2.626690362969480538e-38
2.499317844314545593e-16
6.166311450198956685e-18
0.000000000000000000e+00
6.941072841290257919e-32
3.665999901476791724e-38
7.403066439190484921e-47
1.165188548217922456e-45
9.349423418091903955e-54
2.540267123181217250e-62
8.024775243840327942e-34
1.902444031606649480e-41
2.090616987494808901e-33
6.825521788282817206e-36
0.000000000000000000e+00
4.304617129358756955e+00
3.907626646328422079e-05
4.186137761846720448e-14
2.069222590684808759e-19
0.000000000000000000e+00
4.715185251365631896e-15
6.852752041978147132e-32
4.423993450623399275e-20
3.648074417252325712e-38
4.699468174302412539e-29
7.367230323231896286e-47
5.796557158545766935e-27
0.000000000000000000e+00
6.202731905477336694e-22
6.697719052276691222e-36
9.340469423602502693e-54
2.842085021537774151e-35
0.000000000000000000e+00
3.046693862648609463e-30
6.189717957278804682e-36
3.028119368771344199e-44
2.538098909913906321e-62
2.280720870962095108e-16
8.018366154275644674e-34
1.900509195954668537e-41
2.623998860593720372e-38
2.088237032561275381e-33
2.496605785101865732e-16
6.159556713258236995e-18
0.000000000000000000e+00
6.815713352528303362e-36
0.000000000000000000e+00
7.114812867028989410e-18
0.000000000000000000e+00
7.667471836138701546e-36
0.000000000000000000e+00
1.446600001672142239e-23
0.000000000000000000e+00
3.338753398666778412e-19
4.807240919270971436e-36
3.094580925067281176e-24
2.545227092604965346e-42
3.255052294605250378e-33
5.087411556703452635e-51
4.120437042636078059e-31
0.000000000000000000e+00
4.374919820792815029e-26
4.705312901497586566e-40
6.537481222702385271e-58
1.996044917050539309e-39
0.000000000000000000e+00
2.122963180959454282e-34
4.351366776805168542e-40
2.102378557115894578e-48
1.754023433442383473e-66
1.608862144489057173e-20
5.589373040882175330e-38
1.341336526455184624e-45
1.852026195669960907e-42
1.444492345992537904e-37
1.749758450928388412e-20
4.314924077292908356e-22
0.000000000000000000e+00
4.627588124197605660e-40
0.000000000000000000e+00
1.060432220489916671e-18
0.000000000000000000e+00
6.792375465188508736e-14
9.653009933364264117e-31
2.270052854207519488e-19
1.860277566162124910e-37
2.356662218364712984e-28
3.668625213210534485e-46
2.490402444230906316e-27
0.000000000000000000e+00
3.242311480030545290e-21
2.829527603762382952e-36
3.925259916530180122e-54
1.200356789317961096e-35
0.000000000000000000e+00
1.549395258582184421e-29
2.617698965138799164e-36
1.258229362098184808e-44
1.047750654598308749e-62
9.783065693796252313e-17
3.381490874092870449e-34
8.087454946141616541e-42
1.116020663511946104e-38
8.705156669283541319e-34
1.060382752387238258e-16
1.225375480760841686e-17
0.000000000000000000e+00
1.057276844151789374e-35
0.000000000000000000e+00
1.061366732389987658e-18
0.000000000000000000e+00
6.798227452643238931e-14
9.661423245308091060e-31
2.272052066049970208e-19
1.861921177579042245e-37
2.358762545363789507e-28
3.671906827706773796e-46
2.493938781893907650e-27
0.000000000000000000e+00
3.245139901211284059e-21
2.833579904695193563e-36
3.930896585523622706e-54
1.202076107487490611e-35
0.000000000000000000e+00
1.550766114074823488e-29
2.621445877169889603e-36
1.260046652499363050e-44
1.049269033115320945e-62
9.796967230206426238e-17
3.386337520158873525e-34
8.098994838957066942e-42
1.117613534463912562e-38
8.717707269739519097e-34
1.061897052559765726e-16
1.225468881012886144e-17
0.000000000000000000e+00
1.057375284969256233e-35
0.000000000000000000e+00
1.494637853803091468e-17
0.000000000000000000e+00
1.287479393134486733e-35
0.000000000000000000e+00
9.785079601198946134e-23
0.000000000000000000e+00
2.478242172455177372e-18
3.599964791411253921e-35
1.859785890445801531e-23
1.533137198959454070e-41
2.714997567268173359e-32
4.255824942296675983e-50
2.132589437993591034e-30
0.000000000000000000e+00
2.608153319885474929e-25
3.166874567578705381e-39
4.415907659534808315e-57
1.493121142095408538e-38
0.000000000000000000e+00
1.760275125221509296e-33
2.926568801008702239e-39
1.908225203104811660e-47
1.599206626354378468e-65
2.396911158020556124e-20
8.424108604290992076e-38
9.984231327631313568e-46
1.378603046309287788e-42
8.773091052893017597e-37
1.049326230644045611e-19
1.868922429221928267e-21
0.000000000000000000e+00
2.012253611348627493e-39
0.000000000000000000e+00
5.022952470436753310e-22
0.000000000000000000e+00
3.574775994700039054e-17
5.080306672173371091e-34
9.557886902305279969e-23
7.832558996544033821e-41
1.364343406452673679e-31
2.123889906820959569e-49
9.179932116339602891e-31
0.000000000000000000e+00
1.365150803541032572e-24
1.340991677973370315e-39
1.860299482374846075e-57
6.320948912475325548e-39
0.000000000000000000e+00
8.969967101811311697e-33
1.240606737409850275e-39
7.950840096361902765e-48
6.620810483649440420e-66
1.030331230445335800e-20
3.561312999802251661e-38
4.258561786411072834e-46
5.876561899304613000e-43
3.667057292056856197e-37
4.466874217087029923e-20
3.929675496638542681e-21
0.000000000000000000e+00
3.384975142260848432e-39
0.000000000000000000e+00
3.447369435210404375e-20
0.000000000000000000e+00
7.850970859486924173e-16
1.141473615129848842e-32
5.527639207168828284e-21
4.555976079874047185e-39
5.870142110280886111e-30
9.202212484922298364e-48
7.243415927034215329e-28
0.000000000000000000e+00
7.751822073555676672e-23
5.578003106293197968e-37
7.778426501311322994e-55
3.550844986673780263e-36
0.000000000000000000e+00
3.806636653416366842e-31
5.155598526668987420e-37
2.521593525544127511e-45
2.113342457859500354e-63
3.800084550481326619e-17
1.335682681915579435e-34
3.957453598536688496e-42
5.463486605850853452e-39
1.738706047131754920e-34
6.237973043077373230e-17
4.444515024223916507e-19
0.000000000000000000e+00
4.786252350884643368e-37
0.000000000000000000e+00
4.643499958787436746e-20
0.000000000000000000e+00
5.295351821482138906e-16
7.686902685560353888e-33
2.483547843125247657e-20
2.047110305700042164e-38
1.052583347189933158e-29
1.649501524642427437e-47
3.904831042871734186e-27
0.000000000000000000e+00
3.473374462573414749e-22
4.502933056266926290e-36
6.276807564526671064e-54
9.554869884732952225e-36
0.000000000000000000e+00
6.838166320047382615e-31
4.164897171663050216e-36
1.015382807941396729e-44
8.522855587754161796e-63
7.690285052054291593e-17
2.698573488291968918e-34
6.339363409447124106e-42
8.753209413792495275e-39
1.635081264136007149e-33
2.238747041176546087e-16
4.158600734620558444e-18
0.000000000000000000e+00
4.458965111802725334e-36
0.000000000000000000e+00
4.217529541937220874e-20
0.000000000000000000e+00
4.805603855791864026e-16
6.983239779046420308e-33
2.254615825312178030e-20
1.859110421508499137e-38
9.577259110199488273e-30
1.501554641838522223e-47
3.545233607338959248e-27
0.000000000000000000e+00
3.161495729995430501e-22
4.095087706870252976e-36
5.711443347294441371e-54
8.689740744930116839e-36
0.000000000000000000e+00
6.210278750715648277e-31
3.784991794548396950e-36
9.256985370541915434e-45
7.758491704858456620e-63
6.974201052131410278e-17
2.451504879540971740e-34
5.806699666328224795e-42
8.017250542177675819e-39
1.488446393892577107e-33
2.034128836191241148e-16
3.806433864230301680e-18
0.000000000000000000e+00
4.100098965013559478e-36
0.000000000000000000e+00
7.942402849335331246e-22
0.000000000000000000e+00
5.652541032767719477e-17
8.033050751018984363e-34
1.511324142971934390e-22
1.238506203357114886e-40
2.157308478619922784e-31
3.358317806350275443e-49
1.451567437165332529e-30
0.000000000000000000e+00
2.158638651535629787e-24
2.120391009792936852e-39
2.941533017445132305e-57
9.994813992564761345e-39
0.000000000000000000e+00
1.418354625788484912e-32
1.961674674832500821e-39
1.257188217249935667e-47
1.046878670857144094e-65
1.629199186875211801e-20
5.631215839696629294e-38
6.733433707090918745e-46
9.291734319940435867e-43
5.798089883805025423e-37
7.062799067644914674e-20
6.213693289880538145e-21
0.000000000000000000e+00
5.352345863008535967e-39
0.000000000000000000e+00
7.813801917598028657e-21
0.000000000000000000e+00
1.978982659385882709e-16
2.874724011207770502e-33
1.485118306746577601e-21
1.224274802917189461e-39
2.168039436907653193e-30
3.398454184171070018e-48
1.702964076477563450e-28
0.000000000000000000e+00
2.082722381360598481e-23
2.528883435472314555e-37
3.526288535265460476e-55
1.192320431320068608e-36
0.000000000000000000e+00
1.405653672306556286e-31
2.336988951283582923e-37
1.523797561264161750e-45
1.277033028255439090e-63
1.914035662973390965e-18
6.727006043778123727e-36
7.972831169218590147e-44
1.100872991604729910e-40
7.005680218517682652e-35
8.379314758306175213e-18
1.492413672481244799e-19
0.000000000000000000e+00
1.606867326834175194e-37
0.000000000000000000e+00
3.132737325558267999e-19
0.000000000000000000e+00
7.134215944610044885e-15
1.037285158397661018e-31
5.023134408412598375e-20
4.140054606945360796e-38
5.334306075250037201e-29
8.362207346284439414e-47
6.582346507288355711e-27
0.000000000000000000e+00
7.044390508390410537e-22
5.068857883610514224e-36
7.068408440550451411e-54
3.226751651854262852e-35
0.000000000000000000e+00
3.459203146668094495e-30
4.685038131614306668e-36
2.291417625648216415e-44
1.920424160172671811e-62
3.453274658394256522e-16
1.213769980059465696e-33
3.596264971020137324e-41
4.964822137865182581e-38
1.579990421800376717e-33
5.668623701443578700e-16
4.038853568608618549e-18
0.000000000000000000e+00
4.349252249942099741e-36
0.000000000000000000e+00
4.595690628543931892e-19
0.000000000000000000e+00
5.240861506515393370e-15
7.607747111277389749e-32
2.457986123884545838e-19
2.026035212018121999e-37
1.041732949231841961e-28
1.632492729189331386e-46
3.864638243742495296e-26
0.000000000000000000e+00
3.437561514980134317e-21
4.456530961140563001e-35
6.212102748767039507e-53
9.456407453265024758e-35
0.000000000000000000e+00
6.767765285313698181e-30
4.121999006692836991e-35
1.004902088940828269e-43
8.434971892675120162e-62
7.611187413040477796e-16
2.670785343316447025e-33
6.273718799760440847e-41
8.662572836333291186e-38
1.618220739141200452e-32
2.215691163445675513e-15
4.115814346455035598e-17
0.000000000000000000e+00
4.413059516714562515e-35
0.000000000000000000e+00
0.000000000000000000e+00
0.000000000000000000e+00
0.000000000000000000e+00
0.000000000000000000e+00
0.000000000000000000e+00
0.000000000000000000e+00
0.000000000000000000e+00
0.000000000000000000e+00
0.000000000000000000e+00
0.000000000000000000e+00
0.000000000000000000e+00
0.000000000000000000e+00
0.000000000000000000e+00
0.000000000000000000e+00
0.000000000000000000e+00
0.000000000000000000e+00
0.000000000000000000e+00
0.000000000000000000e+00
0.000000000000000000e+00
0.000000000000000000e+00
0.000000000000000000e+00
0.000000000000000000e+00
0.000000000000000000e+00
0.000000000000000000e+00
0.000000000000000000e+00
0.000000000000000000e+00
0.000000000000000000e+00
0.000000000000000000e+00
0.000000000000000000e+00
1.529518569277828588e+00
7.183296720942965305e-05
5.398423676092021672e+00
6.818380962781360211e+01
1.367220886100656563e-01
2.347702227528672747e+00
2.125059066367450100e+01
2.866755166180725775e-02
1.443114191830711235e+01
3.941771011721970641e+00
1.253375789236484719e-10
3.568883625862886877e+00
4.726649101176743553e-10
3.534383418832280202e-11
0.000000000000000000e+00
0.000000000000000000e+00
7.442812030977111410e-13
4.200439458893818166e-03
3.126306606789620358e-17
1.584258337056749966e+01
1.597087063479763174e+03
1.818508271045784053e+00
0.000000000000000000e+00
1.834156132229396263e+01
1.067289493662881839e+00
1.677305188966065952e+00
2.329475035955033690e-02
5.989850883173890306e-02
5.870006982676904954e+02
1.119280465367399415e+02
2.134743423414394670e+02
1.438765698307898134e-11
6.934351405776615351e+00
1.248185493448388286e+02
1.150064690376131011e+02
1.977322457478629758e+01
5.018953048704378972e+01
9.210676530722003057e-14
1.464591971258153918e-11
2.192701189234126100e-09
3.488935721012132935e-09
1.059557077663264302e+01
3.730042401371858795e-09
6.467211857896031368e-01
1.497278702826066732e-01
7.502411270110449781e-02
2.608567854985191161e+02
9.937738653851110594e-14
9.996239656521092911e+03
3.585083513277102618e+00
4.279573235916492302e-01
7.823702519518219711e-01
2.436811523048797312e+01
9.111775996940618683e-02
9.112354287734266700e-01
1.091674941053205572e+01
3.913426046345345743e-01
1.085259723139417737e-01
5.857546430402357784e-02
4.517501506847575676e+00
2.523564711333083022e+00
9.446253254371539398e-03
2.197356870663021766e+02
1.818770803014397686e+01
3.753993411198664615e-02
5.111721134872422301e-01
7.159645722030508752e-01
1.917618709039338731e-01
2.123587027972268970e+01
1.580219673594990078e-13
4.879328774095286705e-11
3.443199637719130237e+02
0.000000000000000000e+00
5.602107636031011140e+01
3.898488175199366879e+01
1.891251220473879471e+02
1.318367607330289681e-01
5.299747200947294568e-01
7.030542276334341523e+01
0.000000000000000000e+00
1.453836680031808462e-11
2.350871159783074660e+01
2.516795261730951443e-10
3.261541674409919045e-01
1.045104353785092876e-10
6.679340064084546237e-04
2.350662310029340632e-02
1.835003637927591913e-01
4.538992191490072460e-17
4.801641440399275623e-02
0.000000000000000000e+00
5.860063010745821810e-01
1.117385199158710540e-01
5.979516323933283140e+00
4.161132712310682713e+00
1.977326220521542410e+01
4.201944531451371312e-15
1.045074066298356323e-14
1.000216463942187325e-10
2.487481453136853472e-10
4.946303120960281168e-14
1.394784216336479154e-03
1.020582184469141481e-03
9.129072468741143784e-04
1.820268348484158916e-01
2.328983431703932332e-03
4.833691503292230490e-02
0.000000000000000000e+00
1.047955476666908049e-13
7.553505703361375378e-13
5.460642313381697255e-04
1.266485486190229938e-13
5.097850469210041062e-13
0.000000000000000000e+00
1.661192506859724347e-12
3.577508630859872751e-02
1.279643803390683962e-04
6.828638047073608839e-04
1.302070727968906896e-04
1.122625586139197793e+02
3.652994914136158844e+00
2.812780771228783894e-01
8.255494762591631286e+00
1.574143713653435750e+00
3.955154304751176131e+00
0.000000000000000000e+00
0.000000000000000000e+00
0.000000000000000000e+00
0.000000000000000000e+00
5.942827990294672702e+01
6.671423506710944196e+01
0.000000000000000000e+00
0.000000000000000000e+00
0.000000000000000000e+00
0.000000000000000000e+00
0.000000000000000000e+00
5.172559464577127820e-03
8.766448968055581912e-04
3.162480333325427655e-04
2.764010164784671056e-03
3.554631985901728249e-03
5.376216566653199691e-03
5.376216566653199691e-03
5.376216566653199691e-03
5.376216566653199691e-03
2.493302962420938448e-02
3.794982358112791161e-06
1.199846922223330239e-02
5.376216566653199691e-03
5.376216566653199691e-03
5.376216566653199691e-03
5.376216566653199691e-03
5.376216566653199691e-03
5.376216566653199691e-03
5.376216566653199691e-03
5.376216566653199691e-03
5.376216566653199691e-03
5.376216566653199691e-03
5.376216566653199691e-03
5.376216566653199691e-03
5.376216566653199691e-03
5.717773419555999964e-04
9.420411206955300182e-03
4.703248135821100177e-03
1.498765032630679922e-02
2.770337121422000162e-04
2.087240296962000101e-04
3.258621872438356975e-03
1.190359962838157286e-03
5.896135604347070916e-03
3.714021741452685349e-03
0.000000000000000000e+00
5.395199422606742831e-03
2.098626237056715541e-03
4.661501840351228027e-03
1.397818005394642522e-03
2.528722251602084393e-03
2.385779008435621323e-02
6.929634310342600197e-03
7.589964716225612816e-06
3.275073250622598936e-03
2.229930442002622457e-02
8.843572895501784770e-03
2.777929171481378565e-02
5.645667761732084573e-03
6.906862926662428372e-04
1.137228720294085555e-03
9.635460703758555109e-03
3.630538087695571394e-04
3.162480333325427655e-04
1.152410635767214244e-03
8.880283543492863661e-04
2.023990590993496186e-05
2.765279130985629288e-03
4.026476192585849989e-01
2.062951267896679167e-02
1.264994119370919446e-06
0.000000000000000000e+00
3.509094183645157603e-03
2.529988238741870656e-06
1.264994119370919446e-06
3.288984710364429312e-05
9.715154836768000526e-04
3.162480333325427655e-04
4.629888407101145410e-04
4.168157609367928972e-03
3.393979222272200304e-03
1.505343002051000019e-04
6.324960666650855309e-04
1.759607813065314783e-03
2.656487650678969017e-05
3.162480333325427655e-04
3.162480333325427655e-04
2.099890238155700112e-03
6.209854145951070568e-03
5.090333357287457269e-03
4.104902938297456776e-03
5.059976477483741313e-06
6.957467656540150319e-05
2.010076648700714636e-03
1.717862014105700236e-03
1.538991597371581338e-02
2.876594641408671080e-03
3.138455375261172027e-03
2.330118174860785520e-03
3.420543105758585330e-03
1.021988252529582725e-02
3.162480333325427655e-04
6.008720577481328762e-03
2.171993909939485407e-03
4.035346136098717242e-04
4.503379561470657357e-03
0.000000000000000000e+00
5.617693569571407250e-19
3.719102571357302245e-04
2.418793368910432742e-02
1.269800550863326750e-02
4.478094077878718511e-04
2.643584760312405607e-02
5.751930246820327781e-03
5.108045260999384725e-03
4.718433030354567017e-04
5.048589047858414308e-03
6.684225451184596864e-03
1.493957558466842616e-03
5.581155047684914147e-03
1.951884436658728357e-03
1.264994119370919446e-06
1.011995295496748601e-05
1.596423124807331770e-02
2.192740061752294217e-02
5.992277143460099549e-03
9.425469197392068524e-03
3.162480333325427655e-04
2.117220260382984484e-02
2.896835043828828102e-03
1.579977655094299974e-03
9.484924914022882167e-03
2.139106545386772196e-03
4.800650696971870898e-03
3.501503722418699942e-03
2.737447274318700191e-03
2.909486474553157946e-05
2.578057518767743524e-03
1.657142296375000074e-04
5.059976477483741313e-06
2.593742998988801327e-02
0.000000000000000000e+00
6.324970596854693582e-06
5.059976477483741313e-06
3.655828039880092356e-04
6.325963617214519273e-06
5.266169525920785452e-03
8.095957398871427404e-04
1.119519299133042798e-03
2.024040242005716297e-05
0.000000000000000000e+00
