1.897392000000000053e+03
2.937701508678281925e+02
1.044638773623177741e+01
1.287185935789122198e+02
6.260541609309479227e+00
6.773820747120590129e-67
1.322861409877711726e-103
1.044883357181305250e+01
1.045153940108274782e+01
1.045169903697308733e+01
1.044873485667911339e+01
1.044858906285242561e+01
1.044812701348389083e+01
1.044806122763689160e+01
1.044600951564628311e+01
1.044217013299520502e+01
1.043470366839908436e+01
1.045071634751430523e+01
1.045355431248065514e+01
1.045354827496887751e+01
1.045232841768607557e+01
1.044818519585027339e+01
1.042831184239552123e+01
1.041942811733330387e+01
1.041328102233617336e+01
1.040150966966585067e+01
1.039679695780184332e+01
3.541962141809487652e-02
7.271264685338272216e+01
2.048973410156231978e+01
6.898287629221232318e-04
1.041117864083851685e-05
0.000000000000000000e+00
0.000000000000000000e+00
5.747537990690294407e+01
1.523584345404096894e+02
0.000000000000000000e+00
7.193891948055179064e+00
1.501000341178532649e+00
7.963300731082974380e+03
3.942911925339091628e+00
3.885227140162183374e-02
1.130399652425781824e+03
6.930344790348681450e-01
1.578181671157505406e+00
2.144717865296431114e+01
4.400217796613865140e+00
2.546252483218791052e-01
8.885311102211906897e-01
2.742599068401834650e+00
1.140839561251215173e+01
1.122784674339553312e+00
1.412761721430846080e+02
4.932512101989031805e+01
1.602808734110170619e+01
5.529830977529546487e+01
4.023703613496039111e+00
1.405066368968393853e+01
5.181742011899292955e+00
1.273080368588910272e+00
2.047781022287237107e+01
5.899669894786904178e-01
1.088200653996766505e+02
1.152769478205499531e+01
4.204705204271329322e+00
4.135179487260553088e+01
3.443532790125213072e+00
3.900471724147592134e+00
6.841718155310283489e-01
7.116751913029030163e+01
7.300318117776686266e-01
9.402867814273346170e+00
2.651896187397712978e+01
1.674039083986398779e+01
8.412138120186707368e-02
1.497720318032879916e-01
8.997373064214167243e+03
2.229685750809560218e+00
2.899189478938629883e+00
3.758538317155773467e-01
3.181633738051645177e-02
3.614092101281683733e-02
2.373162884056765568e-03
0.000000000000000000e+00
5.188153735419179569e+00
0.000000000000000000e+00
0.000000000000000000e+00
2.340337692051586427e-01
0.000000000000000000e+00
1.695545747756850830e+01
0.000000000000000000e+00
6.389609374195122891e-04
2.861493837144154020e-03
5.764175631854955270e-06
8.512082138409080301e+01
8.587387463041967761e-03
1.047043678262059958e-04
4.829766662467822158e+00
1.596397107771875218e-09
2.708722542644855831e-05
4.354142409037748448e-09
1.307587344213080982e+01
8.570217485589080755e-05
3.250873358530616883e+02
1.064945145951351336e-06
3.843995559978021226e-01
6.437433930399753024e+01
1.176650649099499117e-04
4.051836372984359982e-06
2.685493362462680267e+01
3.334761446578201499e-04
1.161714381053166392e+02
1.486916369218054908e-07
2.016446735135381631e-04
2.741703006343194481e-03
3.835401098206629111e+00
3.215026384281285260e-02
2.376781604680133179e-04
2.760822388814343584e-03
1.786106994088179622e-06
2.036376494934924987e-05
2.259898901473234673e+03
1.275029834279723402e-05
8.892537994504674196e-04
1.754612311613318525e+04
8.970180765801624712e-02
8.899264484015958487e-01
1.857215361206840498e+03
9.494715122860604428e-03
6.000739530509419106e-02
6.204696049975847588e-02
5.430766639624088482e-02
5.321976122027656925e-06
4.535868724425468623e-01
9.399971726946108643e-11
2.046701160587144044e-12
2.480023602020728552e-12
1.771067500426654409e-03
1.646017701275020652e-10
4.883542384190814323e-01
6.100879909130433099e+00
2.651005441999438988e-11
3.054627803941515844e-12
1.773358829000779148e-12
2.186342887642960809e-09
2.520234820310238285e-10
1.437569403319527440e-10
6.338151812701582304e-12
2.324358820329573438e-18
5.117981866654696519e-10
1.164674338038550119e-12
2.316341591659631230e-10
2.054544382817089634e-14
4.855812032643195006e-09
4.871476813736662417e-12
7.274460108509850288e-16
4.917874655380525002e-18
6.144492601328450584e-19
2.668824120904514417e-16
2.929329143923227095e-17
2.353072350578360536e-17
0.000000000000000000e+00
2.716343382875844270e+01
4.990526771719782317e+01
2.175072846972226140e-04
3.996909826638367661e-04
4.963994028568592562e-05
2.345036621248015514e-13
4.308683556687880060e-13
0.000000000000000000e+00
1.609793813146002606e+01
2.160542762147801355e-04
2.104123902986445582e+00
3.602946279308769789e-02
9.904037017900390455e-03
7.378381313414134057e-01
5.908155469581430269e-06
1.348368829323177146e-06
6.369753755492172617e-15
4.730960404479054433e-11
1.079707461122522258e-11
5.100585614570235251e-20
1.164063926434282440e-20
5.499089273820466749e-29
2.591425551662670523e-01
4.427314315521507261e-03
1.347841249507228056e+00
2.458315439014120002e-02
3.807143254880158203e-16
6.276381471284400590e-24
2.944215689313881238e-32
2.010048092321588510e-17
5.765312899698122889e-20
1.012548074397567450e-17
3.203700650403205409e-19
0.000000000000000000e+00
8.404964324033512091e-15
7.086094764750678714e-20
7.613686351654696029e-29
1.222944030771031170e-27
1.467112701362316386e-22
3.111913323347162561e-28
0.000000000000000000e+00
1.422857820544036216e-36
5.727752891261128966e-36
0.000000000000000000e+00
6.874397425183521482e-31
1.301429875580744982e-36
6.148744839156287272e-45
2.773747254118541181e-16
2.377036111523115633e-38
1.517912163285048737e-16
1.032816719423172296e-17
0.000000000000000000e+00
2.364541692759326286e-31
1.548467872107131693e-38
3.184881351313100050e-47
6.409384043122376548e-47
5.002778889335180324e-55
1.281340442114162415e-63
9.354510118207717617e-34
1.661560489407960714e-41
1.023799057098459072e-33
2.002541687207146327e-35
0.000000000000000000e+00
4.991499466210330915e+00
3.996928524520326764e-05
4.309209152440266880e-14
3.185250077276728629e-19
0.000000000000000000e+00
8.275086463253345969e-15
2.327982666400738614e-31
7.044767322122704998e-20
1.539251113737907264e-38
7.569429338938239575e-29
3.166211503929713720e-47
1.221856682058070415e-27
0.000000000000000000e+00
1.458452489053253984e-22
1.421429895070420062e-36
4.997232051875924491e-55
5.722689560967150240e-36
0.000000000000000000e+00
6.834764701413229067e-31
1.300161299171286834e-36
6.142880490266085012e-45
1.280087837946343744e-63
2.771529976431657605e-16
9.346275860292777451e-34
1.659835358112151674e-41
2.374490295646558886e-38
1.022763321635328166e-33
1.516306908488946595e-16
1.031766392002598636e-17
0.000000000000000000e+00
2.000365766420241287e-35
0.000000000000000000e+00
1.215369596671641682e-17
0.000000000000000000e+00
2.343776097186957530e-35
0.000000000000000000e+00
2.220606219676290602e-23
0.000000000000000000e+00
5.817015548297593960e-19
1.609831090009300455e-35
4.907725549417309575e-24
1.060868470094850322e-42
5.222568038359796237e-33
2.160067926720432923e-51
8.675266471867924845e-32
0.000000000000000000e+00
1.023148031965134566e-26
9.974993762434625284e-41
3.463377777493445758e-59
4.015496923378957895e-40
0.000000000000000000e+00
4.738238879548638544e-35
9.111461016022768236e-41
4.261200293511226337e-49
8.772059364371435042e-68
1.955709335708415846e-20
6.514410237394895881e-38
1.177186002453486329e-45
1.678508044378167025e-42
7.186248868037275183e-38
1.068202124061063578e-20
7.277578139513633364e-22
0.000000000000000000e+00
1.401580232507098058e-39
0.000000000000000000e+00
1.954023268393233377e-18
0.000000000000000000e+00
1.411524255312770147e-13
3.821043397689708548e-30
4.314831226800587631e-19
9.194868793129566405e-38
4.532020588263448083e-28
1.847336152366786831e-46
6.067861588863983586e-28
0.000000000000000000e+00
9.068899532156055596e-22
6.942306386717816150e-37
2.398045102133455729e-55
2.794754343669764431e-36
0.000000000000000000e+00
4.137095303936319619e-30
6.338090395061277518e-37
2.951696643494145984e-45
6.046742487883049997e-64
1.376607118679175057e-16
4.561497988171730494e-34
8.227992122003544000e-42
1.171383790933210433e-38
5.047257423922810351e-34
7.510475881738924026e-17
2.432268411424539327e-17
0.000000000000000000e+00
4.177042181431153537e-35
0.000000000000000000e+00
1.955755395296315313e-18
0.000000000000000000e+00
1.412756993855090825e-13
3.824448581933776729e-30
4.318659238612192947e-19
9.203133546466171641e-38
4.536089243188058333e-28
1.849017409070146280e-46
6.076491164584980573e-28
0.000000000000000000e+00
9.076882542202188810e-22
6.952263410108743868e-37
2.401515662264030658e-55
2.798762895808416846e-36
0.000000000000000000e+00
4.140788244290926220e-30
6.347189560369849506e-37
2.955965567047907706e-45
6.055565034546543357e-64
1.378564505166724706e-16
4.568042009262517041e-34
8.239704528510596899e-42
1.173055326705853031e-38
5.054457506604658364e-34
7.521169847383100946e-17
2.432444777549676634e-17
0.000000000000000000e+00
4.177375319079194182e-35
0.000000000000000000e+00
2.995241661486950599e-17
0.000000000000000000e+00
5.140183577979278465e-35
0.000000000000000000e+00
1.087342191594144825e-22
0.000000000000000000e+00
3.139072335812918843e-18
8.824404094740540048e-35
2.137775536719865413e-23
4.668166377215775022e-42
3.156666931545139898e-32
1.319894814230608527e-50
3.245412073374739186e-31
0.000000000000000000e+00
4.426676150637415125e-26
4.852124523003697085e-40
1.705096713450491413e-58
2.170537039212518466e-39
0.000000000000000000e+00
2.850347007365727112e-34
4.437694781947505395e-40
2.794649739071257776e-48
5.821254763668054314e-67
2.102962090632855558e-20
7.089129378626048501e-38
6.296639208088553523e-46
9.007341525611500114e-43
3.103770967626345053e-37
4.601992028725222425e-20
2.305413581547497641e-21
0.000000000000000000e+00
4.445542545211603840e-39
0.000000000000000000e+00
6.680610485674972779e-22
0.000000000000000000e+00
5.361986889190475108e-17
1.451506971112323398e-33
1.311294051639167194e-22
2.794355476498140601e-41
1.893774712095717715e-31
7.719418533392261520e-50
1.614418397993414003e-31
0.000000000000000000e+00
2.756074573072417008e-25
2.374794955371850304e-40
8.203173477983144605e-59
1.062247851226413958e-39
0.000000000000000000e+00
1.728758888627435823e-33
2.168119129524287508e-40
1.346278842709147296e-48
2.757938598360789257e-67
1.046459447598777491e-20
3.467525796086985837e-38
3.127192306328840082e-46
4.452048459069435251e-43
1.534638613346456384e-37
2.283590139291965674e-20
5.684130130168233507e-21
0.000000000000000000e+00
9.754596682996764489e-39
0.000000000000000000e+00
5.781315463163330175e-20
0.000000000000000000e+00
1.500879547601850943e-15
4.223480335215285450e-32
9.589183802724712719e-21
2.093850350006923877e-39
1.030054590903458251e-29
4.307763274836263737e-48
1.663487772684844426e-28
0.000000000000000000e+00
1.985601498001472716e-23
1.289745332264572885e-37
4.533157826311899616e-56
7.789788387751836815e-37
0.000000000000000000e+00
9.302908693040425493e-32
1.179817178928463524e-37
5.573212602737842942e-46
1.161085521507002520e-64
5.031318406592533063e-17
1.696261893279200439e-34
3.766133592566586717e-42
5.386805911994963965e-39
9.281063828674758453e-35
4.128230554123948867e-17
8.272988474405800662e-19
0.000000000000000000e+00
1.595097122701585388e-36
0.000000000000000000e+00
6.445637613304419703e-20
0.000000000000000000e+00
8.372047896195849447e-16
2.349979489092652538e-32
3.565423075737139913e-20
7.776997380989123542e-39
1.528641194369600875e-29
6.383389464752813039e-48
7.425356734466270094e-28
0.000000000000000000e+00
7.361471566960789518e-23
8.621133821997543560e-37
3.025212397344771475e-55
1.735741702041719288e-36
0.000000000000000000e+00
1.382811794662073869e-31
7.889748295479835808e-37
1.858363120780464902e-45
3.873299558393898196e-64
8.432904726521574696e-17
2.838191457511513492e-34
4.999987418591902278e-42
7.149287934045066932e-39
7.244083699921694179e-34
1.227896510495528186e-16
6.415686192338052519e-18
0.000000000000000000e+00
1.235915272188922856e-35
0.000000000000000000e+00
5.719937255276687470e-20
0.000000000000000000e+00
7.429843167943390782e-16
2.089715298061417299e-32
3.163095628368182867e-20
6.910142295830722467e-39
1.359091364791193106e-29
5.684821553341310478e-48
6.584287958728806083e-28
0.000000000000000000e+00
6.549101188575027171e-23
7.657306071606059844e-37
2.691933429771251102e-55
1.541655108612868176e-36
0.000000000000000000e+00
1.227406026866852975e-31
7.004755757404268879e-37
1.654574752717606161e-45
3.447282636954278187e-64
7.467351241593292708e-17
2.517718159563031566e-34
4.468694111969595144e-42
6.392440483817383904e-39
6.424668931582355321e-34
1.088605983994628144e-16
5.729617275203904449e-18
0.000000000000000000e+00
1.104817166193638411e-35
0.000000000000000000e+00
1.122777276567639018e-21
0.000000000000000000e+00
9.011610687206192098e-17
2.439428726892487508e-33
2.203839110989386136e-22
4.696306471888926909e-41
3.182738156681215305e-31
1.297342144630883071e-49
2.713312117563105858e-31
0.000000000000000000e+00
4.632055260325646241e-25
3.991185698131567986e-40
1.378652374601838435e-58
1.785271611811293560e-39
0.000000000000000000e+00
2.905439729508061109e-33
3.643854373918819592e-40
2.262602804799839158e-48
4.635028308526097347e-67
1.758758390522339114e-20
5.827710995446725789e-38
5.255530239055774558e-46
7.482045267490911077e-43
2.579091557697471821e-37
3.837778817305265745e-20
9.553115465758627838e-21
0.000000000000000000e+00
1.639418970105122120e-38
0.000000000000000000e+00
9.228836336072819375e-21
0.000000000000000000e+00
2.664293729671085894e-16
7.489721607752347159e-33
1.814440969433413101e-21
3.962111318207257689e-40
2.679224770493771308e-30
1.120261619123443697e-48
2.754550947054051737e-29
0.000000000000000000e+00
3.757150807429684906e-24
4.118249155403388346e-38
1.447202857661097018e-56
1.842247107493923353e-37
0.000000000000000000e+00
2.419235429380218708e-32
3.766500557884433342e-38
2.371962253701406062e-46
4.940793750836091564e-65
1.784893464937206343e-18
6.016910060014690137e-36
5.344285124194300874e-44
7.644998679086713204e-41
2.634331642965963543e-35
3.905950284940470534e-18
1.956724524466805277e-19
0.000000000000000000e+00
3.773162980788451374e-37
0.000000000000000000e+00
5.253694624377559801e-19
0.000000000000000000e+00
1.363855159302192381e-14
3.837952404334637437e-31
8.714012341419365153e-20
1.902691622925064906e-38
9.360333366281812961e-29
3.914523369190885469e-47
1.511680512740084953e-27
0.000000000000000000e+00
1.804399266774486785e-22
1.172029229392675419e-36
4.119364591767489093e-55
7.078851344863125129e-36
0.000000000000000000e+00
8.453849011332280548e-31
1.072138933105788063e-36
5.064517928841257869e-45
1.055095283471746570e-63
4.572181281489090963e-16
1.541450512979469572e-33
3.422451966563857079e-41
4.895189878286799598e-38
8.434047494179142046e-34
3.751490030495982825e-16
7.517999958222137135e-18
0.000000000000000000e+00
1.449516267221034354e-35
0.000000000000000000e+00
6.379297943051346663e-19
0.000000000000000000e+00
8.285878164561491144e-15
2.325759222070356864e-31
3.528734681298876479e-19
7.696887650962082108e-38
1.512888105296956300e-28
6.317533561194331502e-47
7.348974485217545333e-27
0.000000000000000000e+00
7.285578075565060699e-22
8.532350265709694049e-36
2.994019392900787532e-54
1.717866932153265134e-35
0.000000000000000000e+00
1.368577429618770748e-30
7.808519840453164421e-36
1.839194138371181287e-44
3.833356501506690642e-63
8.346238055930119336e-16
2.808987542756328657e-33
4.948278248031919270e-41
7.075328817627370588e-38
7.169556101561496208e-33
1.215266947923116671e-15
6.349726106992862819e-17
0.000000000000000000e+00
1.223207073317193210e-34
0.000000000000000000e+00
0.000000000000000000e+00
0.000000000000000000e+00
0.000000000000000000e+00
0.000000000000000000e+00
0.000000000000000000e+00
0.000000000000000000e+00
0.000000000000000000e+00
0.000000000000000000e+00
0.000000000000000000e+00
0.000000000000000000e+00
0.000000000000000000e+00
0.000000000000000000e+00
0.000000000000000000e+00
0.000000000000000000e+00
0.000000000000000000e+00
0.000000000000000000e+00
0.000000000000000000e+00
0.000000000000000000e+00
0.000000000000000000e+00
0.000000000000000000e+00
0.000000000000000000e+00
0.000000000000000000e+00
0.000000000000000000e+00
0.000000000000000000e+00
0.000000000000000000e+00
0.000000000000000000e+00
0.000000000000000000e+00
0.000000000000000000e+00
0.000000000000000000e+00
1.543848256242989381e+00
7.183297178621336147e-05
6.577822775912383513e+00
7.801773131392640437e+01
9.868366759864409532e-02
1.811969416731829430e+00
2.315197996332867092e+01
2.300402626291204317e-02
1.591792400707154442e+01
3.555774016100682999e+00
6.164753255594511570e-11
3.144371979345609081e+00
3.418361397556043185e-10
1.909052040088205439e-11
0.000000000000000000e+00
0.000000000000000000e+00
1.337571499206741449e-12
4.200441762376778097e-03
5.618387445937372783e-17
1.643843323160558612e+01
1.697505300757562509e+03
1.877389939784442907e+00
0.000000000000000000e+00
1.874285654280994251e+01
1.021155404932229782e+00
1.662639028580314093e+00
2.827511566416369276e-02
7.529834113750856484e-02
5.370312393652131959e+02
1.080034141905181286e+02
2.171936990062725386e+02
1.158828928775350227e-11
7.410793097276613395e+00
1.333951401985170833e+02
1.215676058018018040e+02
2.233912209712217489e+01
5.668626568078756378e+01
6.518342256296015517e-14
1.042742232127479266e-11
2.681674508955868457e-09
4.633842147525988462e-09
7.270239900371416653e+00
3.397467379758240095e-09
6.467211911701983285e-01
3.724648286003974795e-01
1.864225085299015539e-01
3.263178775196854531e+02
1.787109249663947341e-13
9.996301225584411441e+03
3.543946695361501753e+00
4.458495918028678728e-01
7.728881712054631592e-01
2.421700508445653810e+01
8.524665640118163357e-02
8.525137499839376964e-01
1.041145542632990484e+01
3.689536840445573063e-01
9.749071143554291496e-02
7.412794018520607597e-02
3.986651407112406176e+00
2.627701300929896178e+00
8.832456235620452650e-03
1.614622271925532004e+02
1.250896570839515043e+01
3.778250072497586765e-02
5.470744803678019297e-01
7.855514946424663192e-01
2.065647199612698215e-01
1.935224516938298223e+01
2.587770460510430853e-13
7.930236458344616592e-11
3.437045942238821112e+02
0.000000000000000000e+00
5.821105449317767722e+01
4.096280872449572286e+01
2.021374298265772893e+02
2.227960653537162106e-01
8.348498041396948954e-01
6.574909344291354785e+01
0.000000000000000000e+00
1.116630809706767221e-11
2.735577019527319464e+01
1.582317392713333951e-10
6.013141585845376280e-01
1.041067436658863547e-10
3.200861736486067493e-04
1.813410783533231374e-02
1.876468509273483687e-01
8.670014259192797800e-17
5.143555131476092168e-02
0.000000000000000000e+00
6.739579888206889136e-01
1.355410444603373510e-01
6.321515561363427516e+00
4.448418960324239002e+00
2.233931945809821329e+01
3.358442382990819951e-15
7.903912009927048425e-15
1.381632938762329128e-10
3.251280893724193248e-10
8.085556676871032948e-14
1.436424494835885322e-03
9.505327302172978960e-04
8.539211617008148460e-04
1.251348273666216537e-01
2.331936184537867791e-03
5.528997864993225736e-02
0.000000000000000000e+00
1.043579547770702104e-13
4.747589015376165357e-13
8.633498098515744908e-04
6.170925708779897961e-14
4.314367817180123557e-13
0.000000000000000000e+00
1.263780114022888538e-12
4.535240574305694772e-02
2.056605222187305316e-04
1.004054144196298883e-03
2.019273308910611803e-04
1.127183896804068581e+02
6.760641599269042068e+00
2.763692586102733384e-01
7.420918387116923753e+00
1.492436260618880794e+00
6.685775167271910568e+00
0.000000000000000000e+00
0.000000000000000000e+00
0.000000000000000000e+00
0.000000000000000000e+00
5.930081506228577837e+01
6.684169990777778025e+01
0.000000000000000000e+00
0.000000000000000000e+00
0.000000000000000000e+00
0.000000000000000000e+00
0.000000000000000000e+00
4.540063397912042290e-03
3.406629163465900098e-03
7.261061280086426569e-04
5.502739314568716976e-04
2.289639852571557187e-03
5.376216566653199691e-03
5.376216566653199691e-03
5.376216566653199691e-03
5.376216566653199691e-03
2.082180519088632983e-02
3.794982358112791161e-06
1.357970938889601492e-02
5.376216566653199691e-03
5.376216566653199691e-03
5.376216566653199691e-03
5.376216566653199691e-03
5.376216566653199691e-03
5.376216566653199691e-03
5.376216566653199691e-03
5.376216566653199691e-03
5.376216566653199691e-03
5.376216566653199691e-03
5.376216566653199691e-03
5.376216566653199691e-03
5.376216566653199691e-03
5.717773419555999964e-04
9.420411206955300182e-03
4.703248135821100177e-03
1.498765032630679922e-02
2.770337121422000162e-04
2.087240296962000101e-04
1.044885639110557617e-03
8.741119295056145200e-04
5.199190376938448788e-04
3.397773708120143017e-03
5.009371747606427162e-04
3.497711222611486672e-03
2.098626237056714239e-03
3.712757740353599730e-03
1.714066038727185288e-03
1.579978151604457832e-03
2.385779008435621323e-02
6.613386277010057865e-03
7.589964716225612816e-06
3.907569317287684467e-03
8.384390953394339416e-03
6.946084695506529044e-03
3.758298074812262135e-02
7.226907928394798834e-03
6.906862926662428372e-04
5.047326536290000238e-04
9.319212670426011910e-03
6.793018421020998506e-04
6.324960666650855309e-04
3.049898835762471054e-03
3.734260654342172556e-03
2.023990590993499574e-05
4.662767330980886749e-03
4.456573517918108185e-01
9.244583478995243436e-03
1.264994119370919446e-06
0.000000000000000000e+00
3.509094183645157603e-03
2.529988238741870656e-06
1.264994119370919446e-06
3.288984710364429312e-05
6.552674503442572872e-04
0.000000000000000000e+00
7.792368740426572522e-04
4.484405642700471303e-03
2.128987088942029243e-03
3.162480333325427655e-04
8.627264859211575525e-04
1.759607813065314783e-03
2.656487650678969017e-05
0.000000000000000000e+00
4.882877300771000214e-04
1.783642204823157346e-03
9.688582512609044892e-03
4.141589257289829407e-03
2.839910804967285714e-03
5.059976477483741313e-06
3.858227098979442144e-04
2.642572715365799300e-03
4.528698807755292288e-04
1.507366794038327018e-02
2.560346608076128315e-03
5.352191608588970952e-03
2.330118174860785520e-03
4.685535239088756826e-03
6.108658091972770862e-03
0.000000000000000000e+00
5.376224510816243231e-03
1.223249809941856893e-03
1.352278713607500075e-03
5.452123661468285219e-03
3.162480333325427655e-04
1.404423392392851812e-18
3.162480333325441749e-04
1.311925252246531892e-02
1.491174174196106643e-02
1.712801541118042208e-03
3.054707203644711419e-02
6.384426313485414180e-03
3.843053127669213663e-03
1.420587403033085486e-03
2.518604781198072184e-03
2.573001017861543515e-03
1.493957558466842833e-03
7.794891281012713072e-03
1.003140336661100061e-03
1.264994119370919446e-06
1.011995295496748601e-05
9.955518614755014262e-03
1.560243995087208513e-02
1.200098977677841426e-02
9.425469197392066789e-03
4.288335029768574214e-04
1.800972227050441285e-02
1.631842910498657474e-03
1.263729621761756992e-03
8.219932780692711105e-03
4.352842778714571988e-03
2.270666430311528775e-03
2.869007655753614411e-03
1.788703174321072328e-03
2.909486474553155913e-05
1.313065385437572246e-03
0.000000000000000000e+00
5.059976477483741313e-06
2.467243785655784047e-02
6.324960666650855309e-04
6.324970596854693582e-06
5.059976477483741313e-06
4.933477065546647018e-05
9.550700636148428064e-04
7.479905759248586111e-03
0.000000000000000000e+00
1.752015365798128329e-03
3.364884357525999318e-04
0.000000000000000000e+00
