1.897392000000000053e+03
1.948117585842494464e+02
6.642812155988768730e+00
1.846600438979858723e+02
6.228307047693310672e+00
9.944667914223844663e-69
4.024248683263852710e-103
6.640341503880971885e+00
6.636470269235336339e+00
6.636235445612689965e+00
6.621236700670237063e+00
6.620647133944781437e+00
6.619347559832524652e+00
6.619170164435955073e+00
6.616000796268242112e+00
6.612141362626014818e+00
6.606707043423984516e+00
6.637394650914186123e+00
6.630787833013950916e+00
6.623959778139601795e+00
6.620352909571759703e+00
6.615647294847144089e+00
6.602639726572663292e+00
6.597211463558615208e+00
6.593539319625113748e+00
6.586582766398283439e+00
6.583801174626377595e+00
2.011117777361840497e-01
7.204812717290353419e+01
1.696716795229319885e+01
5.573956326214632700e-04
1.100893349612544147e-05
0.000000000000000000e+00
0.000000000000000000e+00
4.686567059210388919e+01
1.522488011217106703e+02
0.000000000000000000e+00
7.777264626341812814e+00
2.281721207012668451e+00
7.966716595409142428e+03
3.852303522133263769e+00
3.822018114876824663e-02
1.129479775753213062e+03
8.381370826408177654e-01
1.573646566497719723e+00
2.112770193031122901e+01
4.294901142924239856e+00
2.544768686504892963e-01
8.888372137811216822e-01
2.743828427558925753e+00
1.140856005111206706e+01
1.122375029717956219e+00
1.412807287549251214e+02
4.928392099171390583e+01
1.602639009989048091e+01
5.529830353868601378e+01
4.022805311684420460e+00
1.404655130416979070e+01
5.196570056536893745e+00
1.275478810970641641e+00
2.046283472473164622e+01
5.923392630926773705e-01
1.088152983679173929e+02
1.155793978242943254e+01
4.204243622505780209e+00
4.143470688229289323e+01
3.443602622010144554e+00
3.900529769434497140e+00
6.841805086798812274e-01
7.116751597283307262e+01
7.300417728010805130e-01
9.402880891467409796e+00
2.651895661825192363e+01
1.674039335826653030e+01
8.404610380931062941e-02
1.497720318032879916e-01
8.993971816514505917e+03
2.169142520797951335e+00
2.894554970470738287e+00
3.619966395574404916e-01
3.179580064191281363e-02
3.619500282602836072e-02
2.369716921382513265e-03
0.000000000000000000e+00
5.593381475509731082e+00
0.000000000000000000e+00
0.000000000000000000e+00
1.525793105516185744e+00
0.000000000000000000e+00
1.614346281058044141e+01
0.000000000000000000e+00
6.165645640476160151e-04
2.861715065263646402e-03
5.563332885622799104e-06
8.634462103445227399e+01
8.405906372751705685e-03
1.363715872420932361e-04
4.814852962142408543e+00
2.072848576618102893e-09
3.731309861632171274e-05
5.710682687262837599e-09
9.825697195016934060e+00
8.387719018144651549e-05
3.279297644036190604e+02
1.399192106954104517e-06
3.982142565270500589e-01
6.176795570491047016e+01
1.090549714314373422e-04
2.767240244601459706e-06
3.831312583605450328e+01
3.251408766491377432e-04
1.203576148688351140e+02
1.052096219412796319e-07
1.244574179756937065e-04
1.672776241925054809e-03
5.471853842326803274e+00
2.802822175231279092e-02
8.847446736795108290e-05
1.471817665341509148e-03
2.474910566603989455e-07
4.059052801873147836e-06
2.259982702106018678e+03
1.766815853228652500e-06
1.444765741180149463e-04
1.764293240198565763e+04
1.465446251818365922e-02
1.459374501538180102e-01
1.802509059192829454e+03
1.497188257251016053e-03
1.100512836896921399e-02
1.019443579430254036e-02
1.378845993054934049e-01
2.220087381132183302e-06
3.327249925346865145e-01
9.995794138872330892e-11
1.493116437022732707e-12
1.844456868390564991e-12
4.934044848451001790e-04
8.902454286747271407e-11
1.045307880405522277e-01
6.094637730057777425e+00
2.157166562346165470e-11
2.734884085967818049e-12
9.565674673771295745e-13
2.524067993775893269e-09
3.238205976278080887e-10
1.158622019569766747e-10
6.025692949959191916e-12
2.289460554418000736e-18
7.131398374678000613e-10
9.916089887835355846e-13
1.984491636551168720e-10
1.628728858669533851e-14
3.531889152484205803e-09
3.549868860323816095e-12
3.772670413372331808e-16
2.945527144651006143e-17
6.175091141212997388e-19
3.023200438054507507e-16
9.012066132542415209e-18
1.328284935178678360e-17
0.000000000000000000e+00
3.123422200642680480e+01
5.139102491033874287e+01
2.330323525184733026e-04
3.834875229283525393e-04
4.925138980448937986e-05
2.526416725849029490e-13
4.157035564697095194e-13
0.000000000000000000e+00
1.535098684456845852e+01
2.160542963323972346e-04
2.016408657559966677e+00
2.143063389822463805e-02
1.224729169854857531e-02
9.755585504084960391e-01
7.278461616609825983e-06
1.538303724289388078e-06
7.890839447932547372e-15
5.430407637120068927e-11
1.147717296962958092e-11
5.887298312460764345e-20
1.244281195275789342e-20
6.382629765741310899e-29
2.356512088385550874e-01
4.065879767757003480e-03
1.163094233564132329e+00
3.980580980378257278e-02
1.815403864479540113e-16
3.426718929735931524e-23
1.736139090221637151e-31
1.954829268444843779e-17
6.528602733123185603e-20
3.047340793286757017e-18
1.535560623913063110e-19
0.000000000000000000e+00
4.510818299553602262e-15
3.112203293184086027e-20
3.852250862853981367e-29
7.179444466304418812e-27
9.286673758463202816e-22
1.687689420426645284e-27
0.000000000000000000e+00
8.364232998385023224e-36
3.618903968324248632e-35
0.000000000000000000e+00
4.696161946984944272e-30
7.616310901432575377e-36
3.897932963903482310e-44
2.558524901658884765e-16
2.297039053845318908e-38
4.336521498956770412e-17
4.141014479452940987e-18
0.000000000000000000e+00
6.260930962586367102e-32
4.295691253462825481e-38
1.039143844958237255e-46
2.048328391957602670e-45
1.745652945237618270e-53
4.783462441246848846e-62
8.682231523552468489e-34
2.130113601050270893e-41
9.016958837919829128e-35
4.220011436229126051e-36
0.000000000000000000e+00
5.139936901004636738e+00
3.834852499315973012e-05
4.157504653626570603e-14
1.526315834530796317e-19
0.000000000000000000e+00
4.438701390070055454e-15
6.160601891312556399e-32
3.093041282990258117e-20
4.269091828622210901e-38
3.828795229310863146e-29
1.032818831815593611e-46
7.173027434351432907e-27
0.000000000000000000e+00
9.229864920763254779e-22
8.355448039581209558e-36
1.743789633912234749e-53
3.615566617108179845e-35
0.000000000000000000e+00
4.668237437342633765e-30
7.608547509875067232e-36
3.893956588001970728e-44
4.778819223075705140e-62
2.556278910690171739e-16
8.673823196311677544e-34
2.126952503153579616e-41
2.293627836301937695e-38
9.007319701660516811e-35
4.331718327193420835e-17
4.135845542110144030e-18
0.000000000000000000e+00
4.214123063492578626e-36
0.000000000000000000e+00
4.814091220463500511e-18
0.000000000000000000e+00
4.848123828611570052e-36
0.000000000000000000e+00
1.060247643685157973e-23
0.000000000000000000e+00
3.107948419196073788e-19
4.228088749786847982e-36
2.151932999959791862e-24
2.967071732118817162e-42
2.630785679957623846e-33
7.087560006401808043e-51
5.160310507693004599e-31
0.000000000000000000e+00
6.556691383037839264e-26
5.939968925410155411e-40
1.236488784687482864e-57
2.563594485280370602e-39
0.000000000000000000e+00
3.268226485156939782e-34
5.399265318428182060e-40
2.728734508804725533e-48
3.342080465697964329e-66
1.803864375738489181e-20
6.050191879735333038e-38
1.458092431126338894e-45
1.575366630836537816e-42
6.397920709279948535e-39
3.083083240723281657e-21
2.923203955312443081e-22
0.000000000000000000e+00
2.943988852233684790e-40
0.000000000000000000e+00
9.530582305528870681e-19
0.000000000000000000e+00
7.704054597796688323e-14
1.020412153513290605e-30
1.937564136829193245e-19
2.665870249788840503e-37
2.331873774354659743e-28
6.265571774214413390e-46
3.712159426227047568e-27
0.000000000000000000e+00
6.060874112988820029e-21
4.251012532146972103e-36
8.839592139701377915e-54
1.833289720515444773e-35
0.000000000000000000e+00
2.966410888503730943e-29
3.861681120084999910e-36
1.941825293204847500e-44
2.376629780615286356e-62
1.298803775676795407e-16
4.334713947508686920e-34
1.027708276203736147e-41
1.111768909574807564e-38
4.617343817074223828e-35
2.226839051105555905e-17
9.454790553908118785e-18
0.000000000000000000e+00
7.885418455484406220e-36
0.000000000000000000e+00
9.539091831308991027e-19
0.000000000000000000e+00
7.710835003140927904e-14
1.021332752004090858e-30
1.939291233843879679e-19
2.668250448087631384e-37
2.333983270280396774e-28
6.271251653824714481e-46
3.717395905083563554e-27
0.000000000000000000e+00
6.066146902903005747e-21
4.257060784844060099e-36
8.852192201287664275e-54
1.835902555218211887e-35
0.000000000000000000e+00
2.969035483962568750e-29
3.867182164792216764e-36
1.944616348757996594e-44
2.380050532935553245e-62
1.300652756273103261e-16
4.340936973399654179e-34
1.029209662678937801e-41
1.113390428225811759e-38
4.623887461317929460e-35
2.229990396855672909e-17
9.455506821535225425e-18
0.000000000000000000e+00
7.886118877664133391e-36
0.000000000000000000e+00
1.172168905172613242e-17
0.000000000000000000e+00
9.763427839574157924e-36
0.000000000000000000e+00
7.783532897888594006e-23
0.000000000000000000e+00
2.515270793727299959e-18
3.487981638984729574e-35
1.402254400516987081e-23
1.934933121808529201e-41
2.385192774957965750e-32
6.433910922101044354e-50
2.847712022023981707e-30
0.000000000000000000e+00
4.187235956612435000e-25
4.263081458039962233e-39
8.896268476758440042e-57
2.049489902734619331e-38
0.000000000000000000e+00
2.909641237025281364e-33
3.881511570011519497e-39
2.647582995621721116e-47
3.248995698202819170e-65
2.897967595837428352e-20
9.829990618653498362e-38
1.204182636892725876e-45
1.298672145620850522e-42
4.085462423322559233e-38
1.964901058416057187e-20
1.364524122536700039e-21
0.000000000000000000e+00
1.373844972682332371e-39
0.000000000000000000e+00
4.868908845788804962e-22
0.000000000000000000e+00
4.373030944092056115e-17
5.792134639794839481e-34
8.798692454962096067e-23
1.210601052263619662e-40
1.456019962789880628e-31
3.912238650805159427e-49
1.475818318716374197e-30
0.000000000000000000e+00
2.752310847375014144e-24
2.172904703377593534e-39
4.518381056804243579e-57
1.041212139063911931e-38
0.000000000000000000e+00
1.852235087663297092e-32
1.973908618756774665e-39
1.323425265143689182e-47
1.619760434903110392e-65
1.475304511214475942e-20
4.923778120187866768e-38
5.836551613473383943e-46
6.313948291361411661e-43
2.097823896245185328e-38
1.011732401622154805e-20
3.323894076435485230e-21
0.000000000000000000e+00
2.768568477717332151e-39
0.000000000000000000e+00
2.457328906526388903e-20
0.000000000000000000e+00
7.141010760569422787e-16
9.913034070646337632e-33
3.734727113245710272e-21
5.152488056249408725e-39
4.621507867481528816e-30
1.246676344061302788e-47
8.665291588669710415e-28
0.000000000000000000e+00
1.115006706383929860e-22
6.727121893837514583e-37
1.403892506413377746e-54
4.366719502260654135e-36
0.000000000000000000e+00
5.637744011540882848e-31
6.126246513183850624e-37
3.134556374388070920e-45
3.846670962805580738e-63
4.116676352358235321e-17
1.396523243236148875e-34
4.278279052744595319e-42
4.613182804063281912e-39
7.252543484012974390e-36
1.046415127458729340e-17
2.907214011909249666e-19
0.000000000000000000e+00
2.926910907539742018e-37
0.000000000000000000e+00
4.403042519067030963e-20
0.000000000000000000e+00
6.401242031377853339e-16
8.858663101345869056e-33
2.232470525139318066e-20
3.080900278714583127e-38
1.102076194998364601e-29
2.972816012725882432e-47
6.230575800049054141e-27
0.000000000000000000e+00
6.658748388384747303e-22
7.243255961796507647e-36
1.511237431874231330e-53
1.566672257941370210e-35
0.000000000000000000e+00
1.349356789034993403e-30
6.598565979963810863e-36
1.682869776323981718e-44
2.069002448067350358e-62
1.109564611654026710e-16
3.757995576241148642e-34
9.091843676139142732e-42
9.806093665403574846e-39
9.116763765096392612e-35
5.012235786042612477e-17
3.627322255948418240e-18
0.000000000000000000e+00
3.646206545443342668e-36
0.000000000000000000e+00
3.388457384160428862e-20
0.000000000000000000e+00
4.926846402722250551e-16
6.836113426768993840e-33
1.716949386135139874e-20
2.369747615992393389e-38
8.498638167689633517e-30
2.292820763800502873e-47
4.779760214404628104e-27
0.000000000000000000e+00
5.125079107105498150e-22
5.565896694640541182e-36
1.161734462997640917e-53
1.204365491420251821e-35
0.000000000000000000e+00
1.036609705968037491e-30
5.068835089714216180e-36
1.296877238249777480e-44
1.591531074950342682e-62
8.515192509995482655e-17
2.888839306128780284e-34
7.076185843341809571e-42
7.630818389459728787e-39
6.996480545028711783e-35
3.845461936237187291e-17
2.806042175060180490e-18
0.000000000000000000e+00
2.825393614196928127e-36
0.000000000000000000e+00
8.007718468955223079e-22
0.000000000000000000e+00
7.192150452746066321e-17
9.525885790098667945e-34
1.447100112985138717e-22
1.991043994220700759e-40
2.394635522004170644e-31
6.434269773528865513e-49
2.427302870793424309e-30
0.000000000000000000e+00
4.526756403033566728e-24
3.573747636949627755e-39
7.431347505868652565e-57
1.712474144167083265e-38
0.000000000000000000e+00
3.046347106524682772e-32
3.246475596975021507e-39
2.176601932262014822e-47
2.663971158039444659e-65
2.426426633432655939e-20
8.098019129891322399e-38
9.598528083933488021e-46
1.038365773179377653e-42
3.450135369917464571e-38
1.663924574225571280e-20
5.466756290056451312e-21
0.000000000000000000e+00
4.553390746017713491e-39
0.000000000000000000e+00
6.464896762768929580e-21
0.000000000000000000e+00
2.089150072829336188e-16
2.897066697348909761e-33
1.164693718320102913e-21
1.607128887079639725e-39
1.981107172094758459e-30
5.343914610526532464e-48
2.365274355799516036e-28
0.000000000000000000e+00
3.477865690893329790e-23
3.540860386514607698e-37
7.389124568194301138e-55
1.702279571656270491e-36
0.000000000000000000e+00
2.416708522899073631e-31
3.223932717422057215e-37
2.199046382349525027e-45
2.698571295258820118e-63
2.407013949127024747e-18
8.164657382685130140e-36
1.000176508566496052e-43
1.078658277157406077e-40
3.393332927716560846e-36
1.632021935265867763e-18
1.133356048732448768e-19
0.000000000000000000e+00
1.141097410988220785e-37
0.000000000000000000e+00
2.233053026006146459e-19
0.000000000000000000e+00
6.489024916096777556e-15
9.008060915639346599e-32
3.393860770026069163e-20
4.682118382817607064e-38
4.199637827825894273e-29
1.132875371432524319e-46
7.874588465173507209e-27
0.000000000000000000e+00
1.013263405586562461e-21
6.113192126899816591e-36
1.275767512561791213e-53
3.968217148785438755e-35
0.000000000000000000e+00
5.123234748577933455e-30
5.567174353629317991e-36
2.848468994495572619e-44
3.495582003093085904e-62
3.741000927835988361e-16
1.269067214051546222e-33
3.887734521318484612e-41
4.192049415391001737e-38
6.590714292202280327e-35
9.509276708365434080e-17
2.641908933870954747e-18
0.000000000000000000e+00
2.659771873460289004e-36
0.000000000000000000e+00
4.357680437540836789e-19
0.000000000000000000e+00
6.335287793843518915e-15
8.767227231325944881e-32
2.209480907220795034e-19
3.049171071163373658e-37
1.090706373769169324e-28
2.942143645142426089e-46
6.166523604491861800e-26
0.000000000000000000e+00
6.590141840398460811e-21
7.168708162559237643e-35
1.495679757835548433e-52
1.550543745493844373e-34
0.000000000000000000e+00
1.335471598271728037e-29
6.530668442067753140e-35
1.665516169254713487e-43
2.047693464933600235e-61
1.098154893210941182e-15
3.719308212799531102e-33
8.997455687690781096e-41
9.704302034500027707e-38
9.023015901298261910e-34
4.960704649749743815e-16
3.590035161824264326e-17
0.000000000000000000e+00
3.608716726552807573e-35
0.000000000000000000e+00
0.000000000000000000e+00
0.000000000000000000e+00
0.000000000000000000e+00
0.000000000000000000e+00
0.000000000000000000e+00
0.000000000000000000e+00
0.000000000000000000e+00
0.000000000000000000e+00
0.000000000000000000e+00
0.000000000000000000e+00
0.000000000000000000e+00
0.000000000000000000e+00
0.000000000000000000e+00
0.000000000000000000e+00
0.000000000000000000e+00
0.000000000000000000e+00
0.000000000000000000e+00
0.000000000000000000e+00
0.000000000000000000e+00
0.000000000000000000e+00
0.000000000000000000e+00
0.000000000000000000e+00
0.000000000000000000e+00
0.000000000000000000e+00
0.000000000000000000e+00
0.000000000000000000e+00
0.000000000000000000e+00
0.000000000000000000e+00
0.000000000000000000e+00
1.554586905858618584e+00
7.183297882935833225e-05
6.795380608858319960e+00
9.039585037777031573e+01
1.474595778143997227e-01
2.424199589400144017e+00
2.053999144060191639e+01
3.866804223712899669e-02
1.465540631379072956e+01
5.079216217517529941e+00
9.729995929054266486e-11
3.887398609484818301e+00
5.561650654098795659e-10
2.131907973638507637e-11
0.000000000000000000e+00
0.000000000000000000e+00
6.423827306974257779e-13
4.200442223619989257e-03
2.698289219139048921e-17
1.678919666415161061e+01
1.661175264366368310e+03
1.773578088511023498e+00
0.000000000000000000e+00
1.594439250827958610e+01
9.696576052004023394e-01
1.611182685751939347e+00
2.295282091087054444e-02
6.065633341542584628e-02
5.838142857698012449e+02
1.053372752608378562e+02
1.900504994734042725e+02
1.414034447500066892e-11
6.636997629112199704e+00
1.194663331736964693e+02
1.261096423247265221e+02
2.075284800144334696e+01
5.266667065838226591e+01
4.409579329035265986e-14
6.896410104163081835e-12
1.181831460258216352e-09
1.844481477025842950e-09
2.195242401318952119e+01
4.034222325507810386e-09
6.467211937677325162e-01
1.975378152863898062e-01
9.886908559361365367e-02
1.895638606102898791e+02
8.590977792811144554e-14
9.996326564140073970e+03
3.524295614164287382e+00
4.544794486525944865e-01
7.846296983057207131e-01
2.462341948336254660e+01
8.304883849963716480e-02
8.305470381966820748e-01
9.826569663850591496e+00
3.462873631045448319e-01
7.441687404652343185e-02
1.106779325909205691e-01
3.142109690715688686e+00
3.354299236255723571e+00
8.604588076299895041e-03
1.670059387622121676e+02
1.260448029634360623e+01
4.334902191055593074e-02
5.249288168704753232e-01
6.927000292546175997e-01
2.274421772971993994e-01
2.075126387449211052e+01
1.332487816665039076e-13
4.019999538332204656e-11
3.411968468442044013e+02
0.000000000000000000e+00
6.507466399858391526e+01
4.191636409452309664e+01
1.810198454881612804e+02
1.516772849422078906e-01
5.359583993977400374e-01
6.511363680706320167e+01
0.000000000000000000e+00
2.179963297924000885e-11
2.921763440219168828e+01
1.887160450954448620e-10
2.517850951458436293e-01
4.864197711365285536e-11
4.513356032043143798e-04
2.426624307702497998e-02
1.595691043278808785e-01
4.074720524303201557e-17
4.962822882630812948e-02
0.000000000000000000e+00
5.901995237746436862e-01
1.064893747418931141e-01
6.183724026123428530e+00
3.983107350363632282e+00
2.075297662510079988e+01
2.110949354024986295e-15
4.788713883639032472e-15
5.656608653821802970e-11
1.283116507525549142e-10
4.132981179247465965e-14
1.456108742077480206e-03
9.056906437565627162e-04
8.320544046945083051e-04
1.260961570706392310e-01
2.179882390335319796e-03
4.751007718902589688e-02
0.000000000000000000e+00
4.879828091086331640e-14
5.662651337719906727e-13
5.726037520071767780e-04
9.843741298972462613e-14
5.386979002578806405e-13
0.000000000000000000e+00
7.486687176157108612e-13
3.769636153450958704e-02
1.420880987376413665e-04
7.541178426538164108e-04
1.360650581436011728e-04
1.167952257909655458e+02
2.930788470279154012e+00
2.595180844258008213e-01
7.575487793340350606e+00
1.366841463204023777e+00
4.542700053060287679e+00
0.000000000000000000e+00
0.000000000000000000e+00
0.000000000000000000e+00
0.000000000000000000e+00
5.818572820887145980e+01
6.795678676119116801e+01
0.000000000000000000e+00
0.000000000000000000e+00
0.000000000000000000e+00
0.000000000000000000e+00
0.000000000000000000e+00
3.275071264581870360e-03
3.406629163465900098e-03
1.264992133330171062e-03
1.182769998121957229e-03
3.238383952569186784e-03
5.376216566653199691e-03
5.376216566653199691e-03
5.376216566653199691e-03
5.376216566653199691e-03
2.841175799086735621e-02
3.794982358112791161e-06
1.199846922223330066e-02
5.376216566653199691e-03
5.376216566653199691e-03
5.376216566653199691e-03
5.376216566653199691e-03
5.376216566653199691e-03
5.376216566653199691e-03
5.376216566653199691e-03
5.376216566653199691e-03
5.376216566653199691e-03
5.376216566653199691e-03
5.376216566653199691e-03
5.376216566653199691e-03
5.376216566653199691e-03
5.717773419555999964e-04
9.420411206955300182e-03
4.703248135821100177e-03
1.498765032630679922e-02
2.770337121422000162e-04
2.087240296962000101e-04
1.993629739108185479e-03
8.741119295056145200e-04
9.691112004337585836e-03
3.397773708120142584e-03
0.000000000000000000e+00
4.446455322609116703e-03
2.098626237056715541e-03
4.345253807018685695e-03
1.397818005394642522e-03
2.212474218269543363e-03
3.018275075100707028e-02
4.715898077014800405e-03
7.589964716225612816e-06
6.121305550615483392e-03
1.123062325338721953e-02
1.168980519549467183e-02
4.801916584809653998e-02
6.278163828397170104e-03
6.324960666650855309e-04
5.047326536290000238e-04
1.121670087042126937e-02
6.793018421020998506e-04
0.000000000000000000e+00
1.468658669099756359e-03
2.469268521012000193e-03
2.023990590993496186e-05
4.346519297648343549e-03
4.171950287918819167e-01
9.244583478995243436e-03
1.264994119370919446e-06
0.000000000000000000e+00
4.141590250310243568e-03
2.529988238741870656e-06
1.264994119370919446e-06
3.288984710364431345e-05
2.552755650339513880e-03
0.000000000000000000e+00
7.792368740426572522e-04
8.911878109356070887e-03
4.026475288937285402e-03
0.000000000000000000e+00
2.443966652583871163e-03
5.554584213055826884e-03
3.428129098393324658e-04
8.222451845706856520e-04
4.882877300771000214e-04
3.364882371485871174e-03
6.209854145951072303e-03
3.509093190624743876e-03
2.839910804967285714e-03
5.059976477483741313e-06
6.957467656540128635e-05
2.326324682033257402e-03
1.401613980773157471e-03
1.191118760705784339e-02
6.628584080808717222e-04
4.087199475258799890e-03
1.697622108195699989e-03
1.839302939095871503e-03
5.476162025307684464e-03
3.162480333325427655e-04
6.957464677478956624e-03
1.539497843274399876e-03
1.668526746940042840e-03
6.717115794798456281e-03
5.617693569571407250e-19
1.264992133330172363e-03
1.004406323800815810e-03
6.794291855814471419e-03
9.219277141975295783e-03
2.345297607783128173e-03
2.611959956979151287e-02
7.649418446815585242e-03
5.108045260999384725e-03
4.718433030354567017e-04
3.151100847863157715e-03
1.940504951196457984e-03
1.177709525134300501e-03
6.213651114349999678e-03
3.706442699960144755e-04
1.264994119370919446e-06
1.011995295496748601e-05
1.817796748140112356e-02
1.560243995087208513e-02
6.308525176792641881e-03
6.579236897399189272e-03
1.264992133330171062e-03
1.864221833716949578e-02
1.948090943831200022e-03
2.212473721759385288e-03
7.587436714027625574e-03
2.455354578719314528e-03
3.851906596974243036e-03
2.869007655753614411e-03
4.002439407648871253e-03
2.909486474553155913e-05
1.313065385437571595e-03
0.000000000000000000e+00
5.059976477483741313e-06
2.403994178989275754e-02
0.000000000000000000e+00
6.324970596854693582e-06
5.059976477483741313e-06
4.933477065546644307e-05
3.225739969497572754e-04
6.847409692583498846e-03
0.000000000000000000e+00
1.752015365798128329e-03
3.364884357525999318e-04
0.000000000000000000e+00
