1.897392000000000053e+03
2.401927322378491851e+02
8.377979925187377219e+00
1.727352200923888574e+02
1.764501177933825993e+00
4.316072810811875570e-66
8.381561309621331693e-102
8.386049016860136263e+00
8.400949732292884775e+00
8.401862895059020175e+00
8.517321042703489553e+00
8.521991143239530331e+00
8.532940382461832840e+00
8.534447674350579049e+00
8.564792043253028453e+00
8.604682359941225656e+00
8.660330248927184726e+00
8.398155102882105538e+00
8.433329176722452303e+00
8.488365997808420715e+00
8.523932656384532791e+00
8.576762791903004057e+00
8.699854464037484192e+00
8.747068920605824971e+00
8.777243845522590959e+00
8.829266313965439039e+00
8.849391687489690739e+00
1.021540122753827190e-01
6.241429750677329480e+01
1.114129515946970628e+01
7.551046744853093327e-04
1.284287838603196919e-05
0.000000000000000000e+00
0.000000000000000000e+00
6.155753774033841097e+01
1.525594247435158479e+02
0.000000000000000000e+00
6.349339193085369537e+00
1.944387323391857603e+00
7.955197610223508491e+03
4.936729031012817792e+00
4.535810520385232664e-02
1.132568092085342414e+03
8.801443329212599309e-01
1.670605145040974460e+00
2.509206828060541028e+01
5.130157371395997146e+00
2.541491476851532871e-01
8.873146379525730376e-01
2.737900545999024438e+00
1.140808628325032359e+01
1.123403867394267230e+00
1.412636969680488050e+02
4.940564799069301927e+01
1.603446001813227895e+01
5.529832811838114281e+01
4.024192921015129265e+00
1.405605017366492682e+01
5.153036442939473716e+00
1.269010742698438721e+00
2.052462942641239607e+01
5.853938109970266979e-01
1.088290731432898752e+02
1.147056403254622658e+01
4.204214347389853224e+00
4.119396790977826583e+01
3.443394141188255819e+00
3.900315654421041778e+00
6.841478077271186953e-01
7.116752949523397831e+01
7.300043761058712111e-01
9.402831960089972796e+00
2.651897581321009412e+01
1.674038371324126473e+01
8.430672346427124653e-02
1.497720318032879916e-01
9.005369719031066779e+03
2.790013768025457974e+00
2.895174172506358445e+00
4.325500323171996286e-01
3.172501203115998814e-02
3.590067570597268998e-02
2.369990163959158954e-03
0.000000000000000000e+00
4.973206246023497812e+00
0.000000000000000000e+00
0.000000000000000000e+00
3.582495029515905260e-01
0.000000000000000000e+00
1.660962936860848416e+01
0.000000000000000000e+00
6.201518983052872443e-04
2.861669983018761288e-03
5.596289628913403233e-06
8.766906453785351516e+01
8.583194895968900354e-03
1.434887934532945962e-04
4.854621602162164429e+00
2.198984541317834115e-09
3.276164777719627009e-05
5.158823875890735971e-09
9.530282662112945502e+00
8.560107452140474922e-05
3.294148190384933628e+02
1.478842407370504409e-06
3.911573206295865801e-01
6.873446912089937655e+01
1.218787943288874567e-04
2.842192539098037513e-06
3.938346800620282551e+01
3.425713356751455677e-04
1.183349609231594428e+02
1.062437803806661928e-07
1.333986826117378448e-04
1.800934855874179383e-03
5.624440174367788536e+00
3.109076448743766999e-02
1.025523812827631916e-04
1.771333132579451259e-03
3.325394778676272238e-07
5.749758674457782561e-06
2.259967313400093190e+03
2.374022547335074587e-06
2.824664698215466731e-04
1.741744576654002958e+04
2.828567016209448948e-02
2.836061644093055278e-01
1.918792406554373201e+03
3.116089185563476315e-03
2.471316704748725140e-02
1.987880097272982233e-02
1.584583161751836611e-01
4.975447595195765201e-06
5.733275388518284110e-01
1.291200718651599493e-10
3.544927961577277156e-12
4.349301448534229982e-12
1.277172182468741101e-03
2.057100884533821968e-10
2.648875976289359335e-01
6.101709656431456352e+00
1.486227636928180128e-11
1.226698898404561242e-12
7.168097719740035044e-13
1.789234941451386112e-09
1.522188472319200975e-10
8.924456814956524773e-11
3.254406117317606356e-12
1.215737473001944645e-18
3.956468967084069795e-10
6.392941382219020489e-13
1.279510176221196634e-10
1.306170255461734286e-14
2.913028136690497732e-09
2.919512383191323335e-12
6.466497283739141286e-16
4.921610007037340890e-18
3.682607083376711853e-19
3.400669730389157752e-16
5.615942128162502952e-17
1.322680141375859007e-17
0.000000000000000000e+00
2.829852426854530734e+01
5.558055622389716177e+01
2.076357320039190274e-04
4.078748634181964417e-04
4.937969961699483970e-05
1.287557157356340431e-13
2.529247724293969794e-13
0.000000000000000000e+00
1.561001396184112799e+01
2.160542762426712635e-04
2.007488857388834091e+00
2.091323753976055688e-02
1.662022312319208842e-02
8.007993405461518721e-01
5.875726589182926209e-06
1.397356277640129541e-06
3.643560650884688047e-15
4.311278019808152512e-11
1.025301520422798580e-11
2.673440077507342935e-20
6.357934152317774924e-21
1.657810471786858645e-29
2.436693358388513642e-01
4.029979734567494011e-03
1.156944532433330064e+00
3.137437293948856093e-02
3.473046996339157701e-16
5.606190415349338476e-24
1.645148713340652857e-32
1.233668858935768000e-17
7.345328797642423138e-20
1.379303572688420571e-17
2.781797313725796404e-19
0.000000000000000000e+00
8.034085094959077499e-15
6.377863767345481385e-20
3.884754437600300158e-29
1.037170762973773931e-27
1.349145314123912338e-22
2.763648605538621252e-28
0.000000000000000000e+00
7.025189846536699418e-37
3.070264198761795844e-36
0.000000000000000000e+00
4.038561126290829285e-31
7.282685666493850535e-37
1.909618367817123143e-45
1.658155882069668695e-16
3.466804401918756836e-38
1.648841950001684594e-16
4.644780344801635982e-18
0.000000000000000000e+00
2.014578657061885209e-31
1.356955227680150239e-38
1.653908809191603653e-47
5.575998406466151659e-47
2.618208513642520087e-55
4.003911696481909512e-64
3.450347984459918643e-34
2.696844533832817176e-41
1.899412180348090822e-33
4.891063615627274158e-36
0.000000000000000000e+00
5.558873028676456940e+00
4.078771278332653743e-05
2.529261752981211151e-14
2.763080134745961669e-19
0.000000000000000000e+00
7.888369185800308241e-15
1.978061013782603323e-31
6.334528472921689295e-20
1.347556741242940016e-38
3.858624081917831402e-29
1.642693263388601238e-47
1.036088821546481278e-27
0.000000000000000000e+00
1.339801182713209763e-22
7.017841224922441284e-37
2.615165627698140090e-55
3.067371114160443361e-36
0.000000000000000000e+00
4.011490865665693706e-31
7.275330764568541368e-37
1.907801349305578767e-45
3.999992270934976768e-64
1.656736269473636661e-16
3.447415964347029241e-34
2.693405853747341211e-41
3.462301475140875469e-38
1.896449298903117406e-33
1.646535551691715654e-16
4.639689115079692940e-18
0.000000000000000000e+00
4.885048098274498140e-36
0.000000000000000000e+00
5.492994689214006931e-18
0.000000000000000000e+00
5.724050461693260581e-36
0.000000000000000000e+00
1.941144706898787333e-23
0.000000000000000000e+00
5.617054756683099864e-19
1.393253736360589435e-35
4.441080009839909981e-24
9.345586883890680055e-43
2.716358938938532917e-33
1.142746185549690908e-51
7.341638026355279240e-32
0.000000000000000000e+00
9.409952715313460232e-27
4.972652641980160049e-41
1.829631743969915930e-59
2.175638765732937636e-40
0.000000000000000000e+00
2.819762025664936775e-35
5.149612117627044076e-41
1.353215548277458327e-49
2.800519270837621148e-68
1.179047142871673556e-20
2.455353681462880214e-38
1.886124262837350036e-45
2.421354651430908302e-42
1.285377385511581954e-37
1.144659407571864195e-20
3.278033561850806716e-22
0.000000000000000000e+00
3.410004065750430241e-40
0.000000000000000000e+00
2.008416940046422733e-18
0.000000000000000000e+00
1.612579963940937479e-13
3.944241422361581787e-30
4.583189516666100762e-19
9.511653435560076648e-38
2.818552413807610595e-28
1.167727171559667225e-46
5.825055506350563647e-28
0.000000000000000000e+00
9.731071822875438887e-22
3.945344051051142990e-37
1.443917343356264550e-55
1.727062077970677937e-36
0.000000000000000000e+00
2.919436100287421055e-30
4.083830216483054689e-37
1.074206096216103754e-45
2.211359170120592840e-64
9.457100960548150755e-17
1.969997490442999642e-34
1.488586237891648181e-41
1.910334132041477497e-38
1.009644205127449362e-33
9.086672953403037237e-17
1.144482433766855781e-17
0.000000000000000000e+00
9.854365000286177347e-36
0.000000000000000000e+00
2.010191448635789089e-18
0.000000000000000000e+00
1.613977519445761724e-13
3.947704238085616176e-30
4.587248649360225521e-19
9.520186918741574294e-38
2.821036385691486919e-28
1.168770925324359461e-46
5.833369591617650440e-28
0.000000000000000000e+00
9.739673092487469385e-22
3.950975354714442654e-37
1.445997331421227172e-55
1.729525266205196587e-36
0.000000000000000000e+00
2.922013891497449989e-30
4.089663736006460663e-37
1.075738136305813937e-45
2.214542570811088031e-64
9.470494219433417386e-17
1.972785913060228159e-34
1.490729505529506218e-41
1.913086992810115511e-38
1.011126038888566906e-33
9.099764040914723751e-17
1.144570026494135927e-17
0.000000000000000000e+00
9.855249879632377964e-36
0.000000000000000000e+00
1.419631763622576626e-17
0.000000000000000000e+00
1.220749545556032572e-35
0.000000000000000000e+00
8.819977339311735070e-23
0.000000000000000000e+00
2.798495096905744272e-18
7.013241404521608793e-35
1.797396645705835650e-23
3.821273471771996229e-42
1.505290870005101238e-32
6.405736750229342029e-51
2.572504840312748279e-31
0.000000000000000000e+00
3.801745983200303780e-26
2.240215442214697593e-40
8.344388848105495454e-59
1.087989988698307625e-39
0.000000000000000000e+00
1.564669190469981209e-34
2.322195335296122661e-40
8.119847339564627516e-49
1.701692232242122644e-67
1.175547372486691576e-20
2.446347060338574386e-38
9.547948156974570811e-46
1.227373590086437119e-42
5.373460918530965447e-37
4.669545454903425844e-20
9.742029225026391448e-22
0.000000000000000000e+00
1.014915168992235216e-39
0.000000000000000000e+00
6.420117877400896956e-22
0.000000000000000000e+00
5.727451656403013584e-17
1.400888073676898008e-33
1.302287300674821846e-22
2.702680939247760857e-41
1.101198121898313993e-31
4.562290245300957024e-50
1.449049206747439222e-31
0.000000000000000000e+00
2.765029076990714975e-25
1.261856553848409956e-40
4.618166657966561703e-59
6.137521056501620487e-40
0.000000000000000000e+00
1.140619298191999217e-33
1.306156421407059785e-40
4.580932643349540269e-49
9.430295702324474609e-68
6.721609371873161694e-21
1.400170530046567534e-38
5.289770416547981362e-46
6.788473616852959583e-43
2.870255833165493619e-37
2.583197967978357326e-20
2.518891520255767381e-21
0.000000000000000000e+00
2.165988423568642331e-39
0.000000000000000000e+00
5.213741803915795575e-20
0.000000000000000000e+00
1.487532266976685769e-15
3.731456971517607680e-32
8.963794492606076523e-21
1.905650359883440239e-39
5.460159333133213829e-30
2.324025732250835932e-48
1.466168699936713969e-28
0.000000000000000000e+00
1.896079603370640909e-23
6.620209514130711494e-38
2.466381572099660140e-56
4.340985692745809814e-37
0.000000000000000000e+00
5.677145165326634593e-32
6.863791616207844176e-38
1.799965165912383817e-46
3.772895761141219550e-65
3.126807230249414276e-17
6.506537297633437843e-35
6.350916202825441521e-42
8.162859255114895224e-39
1.787529563686276426e-34
4.658433577463344069e-17
3.886913117934583041e-19
0.000000000000000000e+00
4.049191511148781304e-37
0.000000000000000000e+00
6.341558822471170885e-20
0.000000000000000000e+00
9.056916875152124160e-16
2.267738143486379708e-32
3.635428049880815532e-20
7.720161492342989905e-39
8.854630114631094024e-30
3.762989231336690320e-48
7.130428265819509309e-28
0.000000000000000000e+00
7.662046604319228735e-23
4.829089653537118701e-37
1.796170346354532669e-55
1.055679158280715750e-36
0.000000000000000000e+00
9.214314617645120300e-32
5.009251131004484553e-37
6.560878598750670778e-46
1.375705580035873107e-64
5.718608401820547339e-17
1.190120747096335580e-34
9.174050911765250685e-42
1.179003530667502483e-38
1.512937332298560998e-33
1.507319795045052975e-16
3.286803856261931488e-18
0.000000000000000000e+00
3.418474956771612617e-36
0.000000000000000000e+00
4.325281158586129059e-20
0.000000000000000000e+00
6.174351019912525827e-16
1.548012471148888461e-32
2.479280566359548672e-20
5.273371815619788426e-39
6.040395443962185192e-30
2.571452462412248690e-48
4.866279285100113075e-28
0.000000000000000000e+00
5.243993222396683757e-23
3.295636490821386274e-37
1.228059066975544855e-55
7.203499588126429474e-37
0.000000000000000000e+00
6.280354495829816693e-32
3.416935283227517209e-37
4.480335042056799138e-46
9.391929242071297169e-65
3.891191723581039664e-17
8.097081982348416628e-35
6.319293322911654041e-42
8.123091690258282520e-39
1.037798523093942446e-33
1.030142221972300821e-16
2.257235982156116512e-18
0.000000000000000000e+00
2.351764297083613773e-36
0.000000000000000000e+00
1.102305255107598271e-21
0.000000000000000000e+00
9.833794787402764878e-17
2.405239320765249536e-33
2.235977434380648386e-22
4.640346841032011908e-41
1.890711658340037614e-31
7.833214258038028181e-50
2.487967778235541150e-31
0.000000000000000000e+00
4.747457329521458744e-25
2.166551142403394045e-40
7.929129938616638672e-59
1.053792423641167909e-39
0.000000000000000000e+00
1.958404862157764464e-33
2.242623222644252794e-40
7.865312689515910311e-49
1.619129751041598367e-67
1.154089936887554411e-20
2.404072977827848552e-38
9.081799727327595516e-46
1.165485032403048245e-42
4.927693860860089778e-37
4.434987549578788909e-20
4.324835696876047073e-21
0.000000000000000000e+00
3.718889821522817442e-39
0.000000000000000000e+00
7.647681283616914470e-21
0.000000000000000000e+00
2.426537569066897482e-16
6.081082185237473777e-33
1.558497996201967169e-21
3.313370799504468552e-40
1.305216886318865382e-30
5.554322347523651891e-49
2.230583852332058484e-29
0.000000000000000000e+00
3.296441980966575894e-24
1.942460143052089929e-38
7.235300580068909353e-57
9.433812675017009911e-38
0.000000000000000000e+00
1.356702666835576817e-32
2.013543497175955187e-38
7.040608176778428279e-47
1.475513005614283024e-65
1.019301420470170167e-18
2.121195125440921862e-36
8.278888667968120084e-44
1.064238020231781168e-40
4.659244626221938727e-35
4.048895851896614851e-18
8.447180934373391378e-20
0.000000000000000000e+00
8.800187881208034421e-38
0.000000000000000000e+00
4.737923691140428148e-19
0.000000000000000000e+00
1.351732349847516922e-14
3.390871916601429046e-31
8.145698457892450862e-20
1.731672574552423175e-38
4.961825697611063659e-29
2.111898107363674938e-47
1.332357611790071815e-27
0.000000000000000000e+00
1.723038186169218596e-22
6.015993623295400174e-37
2.241252657801081742e-55
3.944817881620281004e-36
0.000000000000000000e+00
5.159037576838495386e-31
6.237374051590165896e-37
1.635696454287536007e-45
3.428531193672466470e-64
2.841474148572933508e-16
5.912796338030329683e-34
5.771259912029939150e-41
7.417775971441605130e-38
1.624329964601995841e-33
4.233229584212448837e-16
3.532186914928201289e-18
0.000000000000000000e+00
3.679603539411999377e-36
0.000000000000000000e+00
6.276325262648938445e-19
0.000000000000000000e+00
8.963781371031047153e-15
2.244397463737232345e-31
3.598034900987851324e-19
7.640668171568449302e-38
8.763534533204421117e-29
3.724231238074541306e-47
7.057050802139917510e-27
0.000000000000000000e+00
7.583046556747363264e-22
4.779394574975907482e-36
1.777663643923393109e-54
1.044816608770483065e-35
0.000000000000000000e+00
9.119573791971137600e-31
4.957718933394257524e-36
6.493334170184568481e-45
1.361545277363284010e-63
5.659876722803878074e-16
1.177898921683486325e-33
9.079046809967237220e-41
1.166792183914355306e-37
1.497314057059693330e-32
1.491793343557197187e-15
3.253010669556960069e-17
0.000000000000000000e+00
3.383319625817825444e-35
0.000000000000000000e+00
0.000000000000000000e+00
0.000000000000000000e+00
0.000000000000000000e+00
0.000000000000000000e+00
0.000000000000000000e+00
0.000000000000000000e+00
0.000000000000000000e+00
0.000000000000000000e+00
0.000000000000000000e+00
0.000000000000000000e+00
0.000000000000000000e+00
0.000000000000000000e+00
0.000000000000000000e+00
0.000000000000000000e+00
0.000000000000000000e+00
0.000000000000000000e+00
0.000000000000000000e+00
0.000000000000000000e+00
0.000000000000000000e+00
0.000000000000000000e+00
0.000000000000000000e+00
0.000000000000000000e+00
0.000000000000000000e+00
0.000000000000000000e+00
0.000000000000000000e+00
0.000000000000000000e+00
0.000000000000000000e+00
0.000000000000000000e+00
0.000000000000000000e+00
1.555438247898672799e+00
7.183297034855514146e-05
7.780183660805324308e+00
9.212938764531807578e+01
9.226758909581500578e-02
1.810826214563508785e+00
2.406818436942144146e+01
2.648864590785214232e-02
1.569188882969657506e+01
4.028732061948533172e+00
9.450810971502393556e-11
2.740540067998671336e+00
4.528403641286367573e-10
2.568837209297052336e-11
0.000000000000000000e+00
0.000000000000000000e+00
1.315106760952813782e-12
4.200440232979387248e-03
5.524024144397875655e-17
1.609147400669144901e+01
1.734173985789548169e+03
1.984767360078699694e+00
0.000000000000000000e+00
2.283744214474942780e+01
1.163885590333294751e+00
1.841896315671064599e+00
2.796048735657340883e-02
8.135648265563003023e-02
5.054089636073720726e+02
1.200293330988629066e+02
2.849367936999877315e+02
1.441239162758041766e-11
7.922037389553639564e+00
1.425976408229019228e+02
1.193155203570599525e+02
2.343800150482362099e+01
5.947709888554535951e+01
7.127963614689482678e-14
1.141315972585429022e-11
8.172451622181279225e-10
1.501752715463961373e-09
2.154810831722097575e+01
3.259387319750725716e-09
6.467211926116850362e-01
1.397013344628468823e-01
6.990679702145828622e-02
1.791385639228048490e+02
1.756340608455714527e-13
9.996291311716235214e+03
3.512189644938351396e+00
4.597840572174012874e-01
8.298330126409945162e-01
2.638398596222910797e+01
9.666722018663091720e-02
9.667436434903660114e-01
1.099055394288600240e+01
3.859731468394993481e-01
9.989488888300790403e-02
6.861898315925576974e-02
4.301060289987496787e+00
2.908909888063648808e+00
1.001561678388981740e-02
1.876553194846095778e+02
1.647768420528350219e+01
3.916492310887439293e-02
5.257633936893300053e-01
8.215657809916221410e-01
2.057546900698753733e-01
2.197780376234209498e+01
2.889636888024657191e-13
8.905176735490728089e-11
3.443839468896517246e+02
0.000000000000000000e+00
4.012387501938417955e+01
3.337833883959966386e+01
2.160834264981570243e+02
1.060182229773821982e-01
4.489576362290407796e-01
6.662195818121558943e+01
0.000000000000000000e+00
1.391580090290914883e-11
2.466068975732160595e+01
1.919468615296018549e-10
3.858553812418572537e-01
8.989434215118828378e-11
2.884525580219372202e-04
1.812484614957464782e-02
2.286307296788536447e-01
8.708559511490295798e-17
5.322968042421664242e-02
0.000000000000000000e+00
6.853040689711676903e-01
1.627524706085073103e-01
5.716372687246513706e+00
4.755343871745144391e+00
2.343818438553386940e+01
3.853205105680436948e-15
9.239204430280168607e-15
4.417622160909311193e-11
1.059132928287542587e-10
9.046621034536572062e-14
1.468044147989904132e-03
1.067643536930892390e-03
9.686168543343076686e-04
1.649210151546179892e-01
2.541383229129504789e-03
5.680221665237942391e-02
0.000000000000000000e+00
9.010884723597898642e-14
5.759014971711165790e-13
4.658736962516391369e-04
9.408162386015916949e-14
4.372151232540358850e-13
0.000000000000000000e+00
1.478495241540940758e-12
4.421043836866832277e-02
1.954487277142124332e-04
8.980135631817459446e-04
2.132687652286066821e-04
1.146691348838831885e+02
4.410948363171678821e+00
3.391176995556459683e-01
8.569603297987702817e+00
2.035188550256394890e+00
3.180789386332152802e+00
0.000000000000000000e+00
0.000000000000000000e+00
0.000000000000000000e+00
0.000000000000000000e+00
5.876188805039564755e+01
6.738062691967154194e+01
0.000000000000000000e+00
0.000000000000000000e+00
0.000000000000000000e+00
0.000000000000000000e+00
0.000000000000000000e+00
3.907567331246956759e-03
3.090381130133357333e-03
0.000000000000000000e+00
2.340258981243289321e-04
3.554631985901729550e-03
5.376216566653199691e-03
5.376216566653199691e-03
5.376216566653199691e-03
5.376216566653199691e-03
2.872800602419989593e-02
3.794982358112791161e-06
1.389595742222855639e-02
5.376216566653199691e-03
5.376216566653199691e-03
5.376216566653199691e-03
5.376216566653199691e-03
5.376216566653199691e-03
5.376216566653199691e-03
5.376216566653199691e-03
5.376216566653199691e-03
5.376216566653199691e-03
5.376216566653199691e-03
5.376216566653199691e-03
5.376216566653199691e-03
5.376216566653199691e-03
5.717773419555999964e-04
9.420411206955300182e-03
4.703248135821100177e-03
1.498765032630679922e-02
2.770337121422000162e-04
2.087240296962000101e-04
1.044885639110557617e-03
3.162480333325427655e-04
1.784911171024015832e-03
3.397773708120142584e-03
3.162480333325427655e-04
6.976439589269457960e-03
3.047370337054343837e-03
4.661501840351228027e-03
7.653219387295570999e-04
9.474820849393705662e-04
2.955025468434198388e-02
8.194626443672770391e-03
7.589964716225612816e-06
3.907569317287684467e-03
1.723933588670553685e-02
6.313588628841443513e-03
4.548918158143619439e-02
6.278163828397172706e-03
5.819022600115726564e-05
1.137228720294085555e-03
7.421724470430755317e-03
4.680577543701436034e-05
0.000000000000000000e+00
8.361626024346714790e-04
2.153020487679457428e-03
2.023990590993499574e-05
3.714023230983258452e-03
4.326911824251765126e-01
1.904827251230407567e-02
0.000000000000000000e+00
0.000000000000000000e+00
6.355326483638043360e-03
0.000000000000000000e+00
1.264994119370919446e-06
3.288984710364429312e-05
1.604011550341885584e-03
0.000000000000000000e+00
1.727980974040285549e-03
8.279382042690984489e-03
4.975219388934914132e-03
1.099278400202728352e-03
5.464784525886147871e-04
2.392103879730399663e-03
2.656487650678970711e-05
0.000000000000000000e+00
1.720396967445572288e-04
4.629874504816041368e-03
6.209854145951072303e-03
4.141589257289829407e-03
1.574918671637114435e-03
5.059976477483741313e-06
3.162480333325427655e-04
5.488805015358685056e-03
2.034110047438241701e-03
1.918489237370633177e-02
1.927850541411042784e-03
7.882175875249313943e-03
1.697622108195699989e-03
2.155550972428413835e-03
9.587386458630740849e-03
6.324960666650855309e-04
6.641216644146414293e-03
2.804489976604570937e-03
7.197826469424144355e-04
4.187131528138114157e-03
6.324960666650855309e-04
0.000000000000000000e+00
6.324960666650869404e-04
1.817922105578601358e-02
8.270533041977669655e-03
1.712801541118042425e-03
2.959832793644948459e-02
7.965666480148125839e-03
6.056789360997013455e-03
1.555952697029139363e-04
3.783596914528243246e-03
5.735481351186970736e-03
1.810205591799385599e-03
8.111139314345252802e-03
1.635636403326185592e-03
1.264994119370919446e-06
1.011995295496748601e-05
2.007545568139638276e-02
1.939741635086260352e-02
9.154757476785527204e-03
9.109221164059523590e-03
3.162480333325427655e-04
1.737722620383932645e-02
2.264338977163742571e-03
2.212473721759385288e-03
8.852428847357797503e-03
3.404098678716943258e-03
2.586914463644071540e-03
5.082743889081414203e-03
3.686191374316328487e-03
2.909486474553155913e-05
3.210553585432828188e-03
4.819622629700427729e-04
5.059976477483741313e-06
2.056121342323478582e-02
0.000000000000000000e+00
6.324970596854693582e-06
5.059976477483741313e-06
4.933477065546644307e-05
3.225739969497572754e-04
2.419937225927900129e-03
0.000000000000000000e+00
4.870232324679572128e-04
6.527364690851426973e-04
0.000000000000000000e+00
