1.897392000000000053e+03
2.230273658187904573e+02
8.771906094104986451e+00
2.212548467123377520e+02
1.031010818492881675e+01
3.209928556383157121e-72
6.114977926352337106e-102
8.803921813968143439e+00
8.860692628947122174e+00
8.864163529771326822e+00
9.216206053934527631e+00
9.230340876011997153e+00
9.262925979916582619e+00
9.267401465910657166e+00
9.353778052332476278e+00
9.462041934363174533e+00
9.604797894192810048e+00
8.849288979466006566e+00
8.972687295533354757e+00
9.145969844660926995e+00
9.251841089425795417e+00
9.399122594018301413e+00
9.704275009092381055e+00
9.816560801299502259e+00
9.886471538755385424e+00
1.000154234615941995e+01
1.004525866750238094e+01
6.082029406298719021e-01
6.380247936595355185e+01
1.583961038932717180e+01
3.709894167472304835e-04
1.263427233982774858e-05
0.000000000000000000e+00
0.000000000000000000e+00
5.314762099689769315e+01
1.523873855678178870e+02
0.000000000000000000e+00
6.623851543841426270e+00
1.804769964725809972e+00
7.976150850947080471e+03
2.615863774760691207e+00
2.857445069722371403e-02
1.127368541161609983e+03
7.209829993578037444e-01
1.397249766455199271e+00
1.576106037419821604e+01
3.187017630918605793e+00
2.552683981641637456e-01
8.914666776151278782e-01
2.754021572322623790e+00
1.140897330827738543e+01
1.120845641616496691e+00
1.413083430096640427e+02
4.917471800148996408e+01
1.601255924924647545e+01
5.529827901115280042e+01
4.022148305922086386e+00
1.403883488735016094e+01
5.235031226761539536e+00
1.278024367252996507e+00
2.035900387919612342e+01
5.985261356170703539e-01
1.088032444998613641e+02
1.163669620727027443e+01
4.204714544897749207e+00
4.164571353245894869e+01
3.443782399869200983e+00
3.900739498197197008e+00
6.842126986757076645e-01
7.116750216072748003e+01
7.300785640860470993e-01
9.402928982598217189e+00
2.651893789823226655e+01
1.674040290618711424e+01
8.362380661243200286e-02
1.497720318032879916e-01
8.987924450871272711e+03
1.469894166154854354e+00
2.897628102060780364e+00
2.717655177177102921e-01
3.195283525201292329e-02
3.649523389273654633e-02
2.372540945092005329e-03
0.000000000000000000e+00
5.012187993201294489e+00
0.000000000000000000e+00
0.000000000000000000e+00
1.181809806229479953e+00
0.000000000000000000e+00
1.721410371651770532e+01
0.000000000000000000e+00
6.421258973956368681e-04
2.861472494204058640e-03
5.789762468250179483e-06
8.519625135365511426e+01
8.636808482923778382e-03
9.013669643391096671e-05
4.896597502834836746e+00
1.393345896669568492e-09
2.768192975052870754e-05
4.517652446144479280e-09
1.528507619905604109e+01
8.624317206004562147e-05
3.300603152171466945e+02
9.308287242464393205e-07
3.857672077457870441e-01
6.317460298819769093e+01
1.160476125081067161e-04
2.796865737152057208e-06
3.911498144241956254e+01
3.351245073197273096e-04
1.204440258723475807e+02
1.064126055511354449e-07
1.256174454133660891e-04
1.687453918823493418e-03
5.586189775305058447e+00
2.885965433533664581e-02
9.003442542916058095e-05
1.534773000885169885e-03
2.563025892773203408e-07
4.340644177738025790e-06
2.259980606212447128e+03
1.829743069216051940e-06
1.646983226735905797e-04
1.737930128424640134e+04
1.645610377107755221e-02
1.641925502684768723e-01
1.870517695108714634e+03
1.771155823632306189e-03
1.167913655595199940e-02
1.148060580254893666e-02
1.580821757418792439e-01
2.866405969782022048e-06
3.838975117710722307e-01
1.642173733530409746e-10
1.700444092871967684e-12
2.066787876156213013e-12
3.956248524243851663e-04
1.561316166130063205e-10
1.296247464418443240e-01
6.101123089152484802e+00
2.108872658571864272e-11
3.151984152477013789e-12
1.109405277070305153e-12
2.512290556093645998e-09
3.684042705712023198e-10
1.361693935157744721e-10
3.345287249634872667e-12
1.271974197611578097e-18
4.092199542009468529e-10
5.881317225212482059e-13
1.180692631592877474e-10
1.495864195767656648e-14
3.691016246684768448e-09
3.707497563798314408e-12
6.206937087280430004e-16
4.921751382429709950e-18
6.149630333522064541e-19
5.567417242374927046e-16
4.374321879950297211e-17
1.720197910507443069e-17
0.000000000000000000e+00
3.072799036019715402e+01
5.400976536232165159e+01
2.233639815625938687e-04
3.926901381745832214e-04
4.928096525453819373e-05
2.411816619321544325e-13
4.239595938691580437e-13
0.000000000000000000e+00
1.470025821329100602e+01
2.160542762437755234e-04
2.008120676342333599e+00
2.876286405097339821e-02
1.735800548205819471e-02
9.441837368520603624e-01
6.863380705373406854e-06
1.514273935546955909e-06
7.410781970033431662e-15
4.989146335383197382e-11
1.100759899635702499e-11
5.387064667683932307e-20
1.188552983669359520e-20
5.816719692534546034e-29
2.160968932391934549e-01
4.032523012893285928e-03
1.541020799641640959e+00
5.551197030502514479e-02
3.927263074015999538e-16
5.750558663854757581e-24
2.836601710870994130e-32
1.997562386905440923e-17
1.202548149856863216e-19
1.505460414041502667e-17
3.750066523872784955e-19
0.000000000000000000e+00
1.020074545524973520e-14
8.122482258876884659e-20
8.256162075336319411e-29
1.154017949694983972e-27
1.530280485482701978e-22
2.831809448197160482e-28
0.000000000000000000e+00
1.343780623663765073e-36
5.675036523908877996e-36
0.000000000000000000e+00
7.558237398297738936e-31
1.249235095428113610e-36
6.101035634182693543e-45
2.516806838770850033e-16
9.377889589149436278e-38
2.150127066910396316e-16
8.764697596835136418e-18
0.000000000000000000e+00
2.531092921829769066e-31
1.688313939717262322e-38
3.214204555378975882e-47
5.744537448618407601e-47
4.727913851306490411e-55
1.254753325122400760e-63
8.735869153084380298e-34
7.228495819485013033e-41
2.185380452659606040e-33
1.231120082382901881e-35
0.000000000000000000e+00
5.402081161568077938e+00
3.926875478304708232e-05
4.240075099694915774e-14
3.733153227682109641e-19
0.000000000000000000e+00
1.007718366944829467e-14
2.500486977588438105e-31
8.085529964980993038e-20
1.680418131417368472e-38
8.218405639897925252e-29
3.199333587807576956e-47
1.153153885675037516e-27
0.000000000000000000e+00
1.523064354083134399e-22
1.342610887891396277e-36
4.723321387357993634e-55
5.670726214361635287e-36
0.000000000000000000e+00
7.523695625306329261e-31
1.248195512681124543e-36
6.095947345569863748e-45
1.253686161289172257e-63
2.515094272772062282e-16
8.729200860250666255e-34
7.221091159264778836e-41
9.367845185657842780e-38
2.183427356355458202e-33
2.148096109552659166e-16
8.755934593427461590e-18
0.000000000000000000e+00
1.229741805779192315e-35
0.000000000000000000e+00
1.043590914495053385e-17
0.000000000000000000e+00
1.452323762157311980e-35
0.000000000000000000e+00
2.624603443867356727e-23
0.000000000000000000e+00
7.102798823864902169e-19
1.749817589739688402e-35
5.682457441816182373e-24
1.167700766228011529e-42
5.714912249263671444e-33
2.198396138744768759e-51
8.214805736879251138e-32
0.000000000000000000e+00
1.067190424718950796e-26
9.450972424878241099e-41
3.286026615702104760e-59
3.988388688403889203e-40
0.000000000000000000e+00
5.205324261687199627e-35
8.780639776635336675e-41
4.237346692814867507e-49
8.617542899626043967e-68
1.775921765284362084e-20
6.087176825998602911e-38
5.057234080796051868e-45
6.523858329419386012e-42
1.535990843996378300e-37
1.514576796940271658e-20
6.170851617711035055e-22
0.000000000000000000e+00
8.570075394941216077e-40
0.000000000000000000e+00
1.842171697488290967e-18
0.000000000000000000e+00
1.364715309554690481e-13
3.332731328314605807e-30
3.986087419114397026e-19
8.069966076560919640e-38
3.955637943025238585e-28
1.498600361341698229e-46
4.781310529828322824e-28
0.000000000000000000e+00
7.452270627332027600e-22
5.472543732958079235e-37
1.893343027891803598e-55
2.308798884652786251e-36
0.000000000000000000e+00
3.576771840475958238e-30
5.082816743719137958e-37
2.440851337526154331e-45
4.941451274751543091e-64
1.038938282575563399e-16
3.541973926026747236e-34
2.920489509805599938e-41
3.758153987898804282e-38
8.968189410482651381e-34
8.851100501082313370e-17
1.512649180758307680e-17
0.000000000000000000e+00
1.720821207753658981e-35
0.000000000000000000e+00
1.843783687375510906e-18
0.000000000000000000e+00
1.365896519209677379e-13
3.335639854892768735e-30
3.989577166570186385e-19
8.077127438153595503e-38
3.959144095658828240e-28
1.499947665054110638e-46
4.788088917198037268e-28
0.000000000000000000e+00
7.458820233690437061e-22
5.480369421023845732e-37
1.896073680139563885e-55
2.312102349340749257e-36
0.000000000000000000e+00
3.579962651433061832e-30
5.090088689259555480e-37
2.444373613887598335e-45
4.948640017171415424e-64
1.040413782958178414e-16
3.547050070450172223e-34
2.924682434442033966e-41
3.763571936568668508e-38
8.980962477950841192e-34
8.863686588387978706e-17
1.512774218676697732e-17
0.000000000000000000e+00
1.720990052495224778e-35
0.000000000000000000e+00
1.888054366552878237e-17
0.000000000000000000e+00
2.144608754326792463e-35
0.000000000000000000e+00
1.334772497304273555e-22
0.000000000000000000e+00
4.003344528634238720e-18
9.929132623553049544e-35
2.569927973405709131e-23
5.337832825609674897e-42
3.589613726823635123e-32
1.396836912691605421e-50
3.207360210521788493e-31
0.000000000000000000e+00
4.840317694720249169e-26
4.799190036515797017e-40
1.687698422523118416e-58
2.252181938020845563e-39
0.000000000000000000e+00
3.285245855881903168e-34
4.461361221087031369e-40
2.903979503148327190e-48
5.970097546523153400e-67
1.998225872897702245e-20
6.932784961218954768e-38
2.867069989009196520e-45
3.719009243551087780e-42
6.938106019069924667e-37
6.826440299650995730e-20
2.072711476946894548e-21
0.000000000000000000e+00
2.883866453929385444e-39
0.000000000000000000e+00
6.595099324578291670e-22
0.000000000000000000e+00
5.428555215122255147e-17
1.325691397426208868e-33
1.268492449197196286e-22
2.568104391798635749e-41
1.730843681716932880e-31
6.557365558780568451e-50
1.332085388364418683e-31
0.000000000000000000e+00
2.371535640989518829e-25
1.960272089804784024e-40
6.782013820493246066e-59
9.189101770798161121e-40
0.000000000000000000e+00
1.565073939397970011e-33
1.820681250783042583e-40
1.165760737152595809e-48
2.360057088982067514e-67
8.270024510086697725e-21
2.819436335750956306e-38
1.162307846210774677e-45
1.495684652652125849e-42
2.855356761743683087e-37
2.818077281856538096e-20
3.751864459683417992e-21
0.000000000000000000e+00
4.261628723148527512e-39
0.000000000000000000e+00
6.191665013694618620e-20
0.000000000000000000e+00
1.670047265626156657e-15
4.145767167956845707e-32
1.005720584972782603e-20
2.088818225716064773e-39
1.021932263598085272e-29
3.977427907683349019e-48
1.434423150754848461e-28
0.000000000000000000e+00
1.894450889718144573e-23
1.113057308235401767e-37
3.914854884144623343e-56
7.052526263908328089e-37
0.000000000000000000e+00
9.355854540889688809e-32
1.034895585659370365e-37
5.053039425542084357e-46
1.038964366984978200e-64
4.171446437387211499e-17
1.447429816671906933e-34
1.496543885284246149e-41
1.941055200245185137e-38
1.810242004387233420e-34
5.343216290500574823e-17
6.490051164795492578e-19
0.000000000000000000e+00
9.029387003200193481e-37
0.000000000000000000e+00
8.054151891363610001e-20
0.000000000000000000e+00
1.086335828792248609e-15
2.693114999943774943e-32
4.363282653170608092e-20
9.051651722299138061e-39
1.769184021758441252e-29
6.874767966749927992e-48
7.463733841858189465e-28
0.000000000000000000e+00
8.183769870589185777e-23
8.672530067520034597e-37
3.045730864307148716e-55
1.831557100911229845e-36
0.000000000000000000e+00
1.620208104813538221e-31
8.067957276282159806e-37
1.963703675850824740e-45
4.039997934761934988e-64
8.147312993467790341e-17
2.822075392755967551e-34
2.311094983978064206e-41
2.995684955668925845e-38
1.646601655876917233e-33
1.852021837820850272e-16
5.864284954745033645e-18
0.000000000000000000e+00
8.146494397988896684e-36
0.000000000000000000e+00
7.027391537840735319e-20
0.000000000000000000e+00
9.484045731290906910e-16
2.353055926699747738e-32
3.805648426209675597e-20
7.907961112446099896e-39
1.546805362025934508e-29
6.021356097976771534e-48
6.513353571079533746e-28
0.000000000000000000e+00
7.168333580320332811e-23
7.581030194702003726e-37
2.666954375065900524e-55
1.601206062936091561e-36
0.000000000000000000e+00
1.416121337998186065e-31
7.048738244323772459e-37
1.720977274925607911e-45
3.538770317322471545e-64
7.102566917131698516e-17
2.464654239384808910e-34
2.037276674931587340e-41
2.642737849824445388e-38
1.437580167054369011e-33
1.616414811780247296e-16
5.156523257853654271e-18
0.000000000000000000e+00
7.174940800758345127e-36
0.000000000000000000e+00
1.087834332992774926e-21
0.000000000000000000e+00
8.954128999461461766e-17
2.186645789635040639e-33
2.092337639878815786e-22
4.235955864230718789e-41
2.854923007777328932e-31
1.081591203525171889e-49
2.197236027953769597e-31
0.000000000000000000e+00
3.911758894902308753e-25
3.233352580029275991e-40
1.118646219336982751e-58
1.515695851670230864e-39
0.000000000000000000e+00
2.581496847260836260e-33
3.003121985591414923e-40
1.922840066165667357e-48
3.892702401401991536e-67
1.364113043696759351e-20
4.650506904664753207e-38
1.917065398471208392e-45
2.466909593925916435e-42
4.709567781581389614e-37
4.648090270219581531e-20
6.188468141342406144e-21
0.000000000000000000e+00
7.029229128709818506e-39
0.000000000000000000e+00
1.111855869005758549e-20
0.000000000000000000e+00
3.334757085029484178e-16
8.270889955288058550e-33
2.140731722789144756e-21
4.446372574276095791e-40
2.990119998985440812e-30
1.163553434200393926e-48
2.671708622072459234e-29
0.000000000000000000e+00
4.031949395995644154e-24
3.997689097333519647e-38
1.405839194244225770e-56
1.876050483154242386e-37
0.000000000000000000e+00
2.736582735345632724e-32
3.716279783118470636e-38
2.418991246508064915e-46
4.973039750230099763e-65
1.664507569100753516e-18
5.774956060078260880e-36
2.388246541570329273e-43
3.097904653662481540e-40
5.779390872608905138e-35
5.686374933813467562e-18
1.726553410732601026e-19
0.000000000000000000e+00
2.402238718655878697e-37
0.000000000000000000e+00
5.626668156013155751e-19
0.000000000000000000e+00
1.517593251900921437e-14
3.767398837640127755e-31
9.139444635039477360e-20
1.898143521401313229e-38
9.286634854628782376e-29
3.614383751726094126e-47
1.303529072349698675e-27
0.000000000000000000e+00
1.721574291405479229e-22
1.011474534664979803e-36
3.557528420468250842e-55
6.408913549123376891e-36
0.000000000000000000e+00
8.501991713205119299e-31
9.404510270912253760e-37
4.591849414033870278e-45
9.441282825341983142e-64
3.790795899993976688e-16
1.315334525917738994e-33
1.359965635140886753e-40
1.763892353961378304e-37
1.645042970446408046e-33
4.855621129767486400e-16
5.897796966581530388e-18
0.000000000000000000e+00
8.205294789042049941e-36
0.000000000000000000e+00
7.971392533382811841e-19
0.000000000000000000e+00
1.075168888323183414e-14
2.665416237837687423e-31
4.318460052111722548e-19
8.958562476874603997e-38
1.750979825885043036e-28
6.803944970933248752e-47
7.387033488508117480e-27
0.000000000000000000e+00
8.099458040473216051e-22
8.583304437042336361e-36
3.014359648337669641e-54
1.812712442769300145e-35
0.000000000000000000e+00
1.603540273735700950e-30
7.984982063882143065e-36
1.943465562138189143e-44
3.998376133099019081e-63
8.063645045793721959e-16
2.793058879095864240e-33
2.287181777533685209e-40
2.964672416996739727e-37
1.629675108410155377e-32
1.832987694492197468e-15
5.804037751185402399e-17
0.000000000000000000e+00
8.062782163230725510e-35
0.000000000000000000e+00
0.000000000000000000e+00
0.000000000000000000e+00
0.000000000000000000e+00
0.000000000000000000e+00
0.000000000000000000e+00
0.000000000000000000e+00
0.000000000000000000e+00
0.000000000000000000e+00
0.000000000000000000e+00
0.000000000000000000e+00
0.000000000000000000e+00
0.000000000000000000e+00
0.000000000000000000e+00
0.000000000000000000e+00
0.000000000000000000e+00
0.000000000000000000e+00
0.000000000000000000e+00
0.000000000000000000e+00
0.000000000000000000e+00
0.000000000000000000e+00
0.000000000000000000e+00
0.000000000000000000e+00
0.000000000000000000e+00
0.000000000000000000e+00
0.000000000000000000e+00
0.000000000000000000e+00
0.000000000000000000e+00
0.000000000000000000e+00
0.000000000000000000e+00
1.566262185993213762e+00
7.183297521206436788e-05
5.117039878121567575e+00
7.906976090758429621e+01
1.033358980896099261e-01
1.815262673454649978e+00
2.115364933248371315e+01
2.697994781317589880e-02
1.453396463619992574e+01
3.785486878527624111e+00
1.361265020612028960e-10
3.295447727038716579e+00
6.843953795559822994e-10
3.985691444751245403e-11
0.000000000000000000e+00
0.000000000000000000e+00
1.482664560848394839e-12
4.200439539788709646e-03
6.227839049075832407e-17
1.648386039402268111e+01
1.665986691692590057e+03
1.824597981637627209e+00
0.000000000000000000e+00
1.842514812515445755e+01
1.048867135505237247e+00
1.711771233476829801e+00
2.509145909155986384e-02
6.927848558319074646e-02
5.593412620881867952e+02
1.143032792127167596e+02
2.336057571877762484e+02
1.637495913578364328e-11
7.090454195213463429e+00
1.276285635716117497e+02
1.174299645176654678e+02
2.064480609222484375e+01
5.239557270784542453e+01
5.070410581635270182e-14
6.600840320107904980e-12
8.787151532019437171e-10
1.437395493836768486e-09
1.968731548942416865e+01
2.820312027298041722e-09
6.467211940325520159e-01
1.810311118971723865e-01
9.067470938403024427e-02
2.404343339063415783e+02
1.980699146385525206e-13
9.996377928125242761e+03
3.477379597236831543e+00
4.755367510797026687e-01
7.907954012201517946e-01
2.498893351452232992e+01
7.801901460890457718e-02
7.802639689541003287e-01
9.540032974537359323e+00
3.317083105745435856e-01
9.318956721359676620e-02
6.491934235996910108e-02
4.253661955880029488e+00
2.517223855191198734e+00
8.082462457671166917e-03
1.906417680365062211e+02
1.351182571742550920e+01
3.851602847491510800e-02
5.309302045856582053e-01
7.200272274280361540e-01
2.043556436896808715e-01
2.114632790553556774e+01
3.134448889574226373e-13
9.582158242378195384e-11
3.423796781571173824e+02
0.000000000000000000e+00
4.941042440916790213e+01
3.643076615304234878e+01
1.933871910095126907e+02
9.797047128096041113e-02
3.368956233731882910e-01
6.595453605362823168e+01
0.000000000000000000e+00
2.193027367586855834e-11
3.369291973146476948e+01
4.067765041517469696e-10
2.984122189962092331e-01
1.079161627216207423e-10
3.255078299162641824e-04
1.816699570878561182e-02
1.843963790557941740e-01
9.432062210370466406e-17
5.012733505752847707e-02
0.000000000000000000e+00
6.458375246621348431e-01
1.319791379746886595e-01
5.771265758300810234e+00
4.255212658294185601e+00
2.064490397623048779e+01
2.414435901323151852e-15
5.882116964172849337e-15
4.184862442030945899e-11
1.019376228165515189e-10
9.755923719482834283e-14
1.503292202107034490e-03
8.743774086119014428e-04
7.819294315938202537e-04
1.352271026780499652e-01
2.071318175368273666e-03
5.133621971318807348e-02
0.000000000000000000e+00
1.081251762067243701e-13
1.220810951378532507e-12
3.474688198575313935e-04
1.371581782442370469e-13
5.421964965061509048e-13
0.000000000000000000e+00
7.651491100685200769e-13
4.051844802104945242e-02
1.641611194441992578e-04
8.347453443839685178e-04
1.705830738398143387e-04
1.175906889027556019e+02
3.502884164781979948e+00
2.929411243781391283e-01
8.192670849289159563e+00
1.674202092845274770e+00
2.941997444409853113e+00
0.000000000000000000e+00
0.000000000000000000e+00
0.000000000000000000e+00
0.000000000000000000e+00
5.797319001355072743e+01
6.816932495650070223e+01
0.000000000000000000e+00
0.000000000000000000e+00
0.000000000000000000e+00
0.000000000000000000e+00
0.000000000000000000e+00
3.591319297914413559e-03
4.355373263463527961e-03
1.358602194673728079e-03
8.665219647894144631e-04
2.605887885904099952e-03
5.376216566653199691e-03
5.376216566653199691e-03
5.376216566653199691e-03
5.376216566653199691e-03
2.524927765754192768e-02
3.794982358112791161e-06
9.784732988905501735e-03
5.376216566653199691e-03
5.376216566653199691e-03
5.376216566653199691e-03
5.376216566653199691e-03
5.376216566653199691e-03
5.376216566653199691e-03
5.376216566653199691e-03
5.376216566653199691e-03
5.376216566653199691e-03
5.376216566653199691e-03
5.376216566653199691e-03
5.376216566653199691e-03
5.376216566653199691e-03
5.717773419555999964e-04
9.420411206955300182e-03
4.703248135821100177e-03
1.498765032630679922e-02
2.770337121422000162e-04
2.087240296962000101e-04
1.361133672443100382e-03
2.139104062835785365e-03
7.161127737677241978e-03
4.346517808117768278e-03
3.162480333325427655e-04
4.130207289276573504e-03
1.149882137059085943e-03
4.345253807018685695e-03
7.653219387295570999e-04
3.793714384932257190e-03
2.733651845101418495e-02
5.664642177012429135e-03
0.000000000000000000e+00
7.070049650613112989e-03
1.281186342004993380e-02
9.792316995499414367e-03
5.118164618142196504e-02
4.380675628401913511e-03
1.006934325998785603e-03
1.137228720294085555e-03
1.153294890375381257e-02
1.944293975432270912e-03
9.234506722425720501e-05
2.036665357695860293e-04
1.836772454346915313e-03
2.023990590993499574e-05
5.611511430978514611e-03
4.244687335585304311e-01
1.398830397898338622e-02
1.264994119370919446e-06
0.000000000000000000e+00
2.876598116980072072e-03
2.529988238741870656e-06
1.264994119370919446e-06
3.288984710364429312e-05
2.552755650339513880e-03
3.162480333325427655e-04
4.629888407101145410e-04
5.433149742698099166e-03
4.026475288937285402e-03
1.505343002051000019e-04
2.443966652583871163e-03
1.443359779732772017e-03
2.656487650678969017e-05
0.000000000000000000e+00
3.162480333325427655e-04
2.099890238155700112e-03
4.628613979288357175e-03
3.509093190624743876e-03
1.891166704969657201e-03
5.059976477483741313e-06
0.000000000000000000e+00
3.907564848695970795e-03
1.717862014105700236e-03
1.317617974038801446e-02
1.927850541411042784e-03
4.403447508591343089e-03
1.697622108195699989e-03
2.471799005760956600e-03
6.424906125305312327e-03
0.000000000000000000e+00
6.324968610813871094e-03
2.171993909939485407e-03
1.036030680274957309e-03
4.819627594803199688e-03
6.324960666650855309e-04
1.404423392392851812e-18
1.953150423798444106e-03
1.153801235580261333e-02
1.143301337530309644e-02
2.977793674448213704e-03
3.149581613644474032e-02
7.965666480148125839e-03
6.056789360997013455e-03
9.487440999976282964e-04
3.151100847863157715e-03
3.521745117859171811e-03
1.493957558466842616e-03
7.162395214347627541e-03
3.706442699960144755e-04
1.264994119370919446e-06
1.011995295496748601e-05
2.007545568139638276e-02
1.686743208420225792e-02
6.624773210125185080e-03
1.037421329738969639e-02
0.000000000000000000e+00
1.642848210384170032e-02
3.845579143826456398e-03
2.844969788424470819e-03
9.484924914022882167e-03
1.506610478721686882e-03
2.270666430311528775e-03
3.185255689086157176e-03
4.002439407648871253e-03
2.909486474553155913e-05
1.629313418770114361e-03
0.000000000000000000e+00
5.059976477483741313e-06
3.068115048987615084e-02
2.201089767705000143e-04
6.324970596854693582e-06
5.059976477483741313e-06
4.933477065546647018e-05
6.388220302823000409e-04
4.001177392590614390e-03
4.933477065545999749e-04
1.119519299133042798e-03
6.527364690851426973e-04
0.000000000000000000e+00
