1.897392000000000053e+03
2.328965437960274869e+02
6.795990240814432148e+00
1.514059435512351683e+02
1.903475668750910010e+00
3.657483006529304897e-70
1.211300279682497000e-101
6.783562891161382780e+00
6.761234291216283054e+00
6.759868110661288121e+00
6.634798424988246346e+00
6.629798411499666422e+00
6.618404783359522980e+00
6.616842436765499436e+00
6.587923862278684872e+00
6.553967872965881902e+00
6.513497865844859014e+00
6.765684955609430951e+00
6.717312264190083759e+00
6.652773460045501963e+00
6.615181043147940088e+00
6.567331428816769012e+00
6.487506130973549112e+00
6.460719421149968333e+00
6.445029481218193190e+00
6.421763444501618068e+00
6.413292455129966818e+00
2.488549323662779533e-01
6.234625000092447777e+01
1.315345243336907366e+01
4.727359034864169265e-04
1.306546659275474493e-05
0.000000000000000000e+00
0.000000000000000000e+00
5.566532825441430532e+01
1.523096518470347576e+02
0.000000000000000000e+00
6.941303672475236830e+00
1.540596299745251585e+00
7.969928404041559588e+03
3.712176127073876231e+00
3.721017432519461293e-02
1.128584228189293754e+03
8.727288041031195931e-01
1.559538472670725540e+00
2.057977157049123207e+01
4.168798091312387655e+00
2.543791503180344304e-01
8.889878541172955284e-01
2.744443608463912554e+00
1.140870816880932281e+01
1.122146802049213132e+00
1.412833243746207188e+02
4.924707379795211182e+01
1.602553860105397376e+01
5.529829785230410977e+01
4.021934823071657839e+00
1.404261028198024697e+01
5.209846371976300183e+00
1.278064291156669086e+00
2.045560449480333887e+01
5.944692721483981757e-01
1.088110063150112410e+02
1.158478002733404111e+01
4.204049525258645836e+00
4.150914430205413908e+01
3.443666157583728182e+00
3.900581542192903761e+00
6.841882879912971616e-01
7.116751300360591870e+01
7.300506787014606758e-01
9.402892566557081722e+00
2.651895196600677096e+01
1.674039562531191905e+01
8.400642034874780673e-02
1.497720318032879916e-01
8.990514934739432647e+03
2.086307951827691465e+00
2.891720601219802678e+00
3.486134410708403575e-01
3.177733731965443759e-02
3.625270357208301014e-02
2.367392910244067901e-03
0.000000000000000000e+00
4.882829107012483405e+00
0.000000000000000000e+00
0.000000000000000000e+00
6.817286765824203121e-01
0.000000000000000000e+00
1.683819161161889610e+01
0.000000000000000000e+00
6.153331207210130729e-04
2.861723498959313581e-03
5.555763007290951141e-06
9.068721557332557381e+01
8.808102702229181000e-03
9.913196298339601057e-05
4.863661249922605734e+00
1.522049806961677632e-09
2.984987036667290726e-05
4.765079414322080230e-09
1.416837126604309205e+01
8.791995565234692587e-05
3.293772821404179467e+02
1.021577472907465685e-06
3.982111504770584065e-01
6.255297672377184171e+01
1.104494784174745266e-04
2.632008375276909420e-06
4.074075956359230588e+01
3.287607527109783889e-04
1.253154051221114855e+02
1.041910442680906631e-07
1.243670364252422004e-04
1.671276128966339529e-03
5.818071591558982902e+00
2.978676863663711968e-02
8.831722533840185674e-05
1.577602238697917766e-03
2.466305842956536538e-07
4.425490998981067420e-06
2.259978779676349404e+03
1.760734847279471769e-06
1.826345877415698905e-04
1.729712934318370026e+04
1.816217246271337529e-02
1.816843869908426889e-01
1.784509890306691659e+03
1.873755798079948217e-03
1.303751887592148259e-02
1.272006686170404181e-02
3.840620979940399804e-02
7.716208774387882412e-07
3.220836279463452079e-01
1.397132879585667941e-10
1.858954799842862154e-12
2.398060855711952406e-12
5.134917840589303369e-04
1.613558710422376775e-10
1.570445703043438224e-01
6.106081104936937898e+00
1.700947232123813398e-11
2.616865393931038557e-12
1.033488641739274884e-12
2.111712479766644724e-09
3.124761459893799586e-10
1.262341970484233850e-10
5.022380789101373907e-12
1.986811418468125722e-18
6.145977269104565764e-10
8.997191095814630673e-13
1.790808543679972537e-10
1.374133040489085114e-14
3.048869589457511868e-09
3.047159272831213313e-12
2.998037474020105837e-16
4.937280944334435383e-18
6.169156397406195783e-19
1.938073457918351549e-16
4.165793959851475483e-17
1.097002588281933534e-17
0.000000000000000000e+00
3.394050940082513534e+01
6.079073346528076627e+01
2.202482166457369499e-04
3.945652204480954209e-04
4.902974813611005682e-05
2.385860564579271158e-13
4.273616852547652187e-13
0.000000000000000000e+00
1.385273098276625703e+01
2.160542763601191714e-04
1.989815701679225279e+00
2.959103167759655206e-02
3.233779781425031880e-03
1.151934580087527804e+00
7.475210199268351327e-06
1.664065948519790043e-06
8.097499800153099337e-15
4.850936414800869069e-11
1.079873059228109294e-11
5.254762821864197987e-20
1.169769363843268933e-20
5.692206608529629838e-29
1.918970266803162461e-01
3.959341472355380406e-03
1.300217910695189882e+00
8.734103546912047600e-02
1.775049308611656030e-16
4.872720035479351574e-24
2.350146388276040844e-32
1.980929175250525005e-17
4.186875521498145204e-20
1.201221565208763478e-17
1.612776073773429953e-19
0.000000000000000000e+00
5.025249099530744044e-15
3.526378812980731794e-20
3.663448153787379869e-29
9.633043822610550775e-28
1.416678668467062098e-22
2.386675037265086777e-28
0.000000000000000000e+00
1.123835944569660793e-36
4.633814500709435584e-36
0.000000000000000000e+00
6.822611505398896097e-31
1.028744265511878599e-36
5.000198105296432521e-45
2.348889891137284707e-16
1.251798963332097152e-38
1.566452692849368895e-16
4.625965856898363351e-18
0.000000000000000000e+00
5.843297922046989309e-32
7.324637410432690770e-39
1.385801747581054256e-47
4.715940104353963660e-47
3.863731253354913427e-55
9.948655427921719413e-64
8.314329434479657806e-34
8.762957633468302047e-42
1.425671475373543765e-33
4.218114030975973911e-36
0.000000000000000000e+00
6.080203093662805536e+00
3.945646975960759285e-05
4.274115241711201207e-14
1.602713979682734712e-19
0.000000000000000000e+00
4.940491207789313277e-15
5.744930285589833659e-32
3.504248419464623594e-20
7.277810466935375879e-39
3.640384350309176396e-29
1.377011659364378372e-47
9.624021372960537404e-28
0.000000000000000000e+00
1.407527793655971689e-22
1.122644152758004816e-36
3.859240526215012422e-55
4.629455032217648265e-36
0.000000000000000000e+00
6.779587520055590814e-31
1.027687793006135599e-36
4.995114392908381443e-45
9.938369148329125447e-64
2.346867337666533169e-16
8.306534667765037500e-34
8.753352198721694780e-42
1.250384672957275323e-38
1.423853028440677263e-33
1.564540443155920386e-16
4.621214302604933786e-18
0.000000000000000000e+00
4.213642895605074998e-36
0.000000000000000000e+00
5.527942009788418743e-18
0.000000000000000000e+00
5.027757140523660762e-36
0.000000000000000000e+00
1.131864285667848401e-23
0.000000000000000000e+00
3.518379333849837352e-19
4.081067081258185349e-36
2.473775907882349291e-24
5.083656220003262848e-43
2.547075262967101187e-33
9.528906749946695191e-52
6.858009475329280833e-32
0.000000000000000000e+00
9.890179922011410520e-27
7.906172688670606405e-41
2.686060074437796296e-59
3.257963396414230050e-40
0.000000000000000000e+00
4.704205452338434500e-35
7.230767122412672486e-41
3.474730417780371784e-49
6.835799550338153105e-68
1.656555344407193753e-20
5.794655388873365896e-38
6.232519932844648269e-46
8.863715014695260775e-43
9.853151616871582018e-38
1.096692360227042584e-20
3.277510399608459901e-22
0.000000000000000000e+00
2.979774180772629189e-40
0.000000000000000000e+00
1.102555166404634917e-18
0.000000000000000000e+00
9.465185836984173321e-14
1.095138128510779485e-30
2.407742940535545272e-19
4.881628769959368650e-38
2.452121574278087832e-28
9.052922688043787492e-47
5.155888502683754409e-28
0.000000000000000000e+00
9.571033553349763254e-22
5.914216723258764220e-37
1.999475092283097345e-55
2.437089761238862668e-36
0.000000000000000000e+00
4.482630447735644853e-30
5.407448646668763072e-37
2.586879032662202306e-45
5.066245083818622378e-64
1.251931881222472816e-16
4.357539776773228904e-34
4.683746359573933109e-42
6.646166357866058520e-39
7.380333278304964657e-34
8.259008987267080986e-17
1.105965086652898480e-17
0.000000000000000000e+00
8.935684639787822441e-36
0.000000000000000000e+00
1.103520916729302600e-18
0.000000000000000000e+00
9.473354248502560903e-14
1.096085668903639566e-30
2.409853257690433346e-19
4.885960893112039791e-38
2.454292899188112834e-28
9.061041094663487129e-47
5.163210360972574218e-28
0.000000000000000000e+00
9.579467290265558671e-22
5.922687241158164954e-37
2.002363309525024028e-55
2.440581518459401825e-36
0.000000000000000000e+00
4.486638347823717711e-30
5.415198125520437311e-37
2.590616543238619415e-45
5.073624569851597478e-64
1.253713385093448754e-16
4.363793548140909801e-34
4.690401825477751292e-42
6.655642241738632099e-39
7.390990271178520925e-34
8.270824039364288673e-17
1.106048663497197181e-17
0.000000000000000000e+00
8.936426815560225698e-36
0.000000000000000000e+00
1.380866347052380672e-17
0.000000000000000000e+00
1.114847614453995508e-35
0.000000000000000000e+00
4.796452856198817768e-23
0.000000000000000000e+00
1.642944858464462953e-18
1.909847766821142041e-35
9.322753474584671072e-24
1.935029904044737162e-42
1.330918508443051427e-32
5.032425676228738677e-51
2.240358516726732526e-31
0.000000000000000000e+00
3.743892772470416737e-26
3.358590805533524108e-40
1.154090160536947295e-58
1.538811146651250987e-39
0.000000000000000000e+00
2.477642547983297846e-34
3.074203820157638869e-40
1.991516655107675170e-48
3.960810569223474893e-67
1.560532695197733868e-20
5.521462302855790960e-38
2.910325659709736734e-46
4.157050737476723156e-43
3.784615473655884616e-37
4.160462045734423237e-20
9.191397106916550096e-22
0.000000000000000000e+00
8.360216854955133424e-40
0.000000000000000000e+00
3.303697409017207740e-22
0.000000000000000000e+00
3.151229630494193622e-17
3.646026042472016980e-34
6.412980732878809764e-23
1.300212603770188472e-41
8.980322597393928096e-32
3.315438416676226514e-50
1.202257156737311214e-31
0.000000000000000000e+00
2.549227366055236878e-25
1.773098752963058449e-40
5.994512661512633066e-59
8.118337661909558882e-40
0.000000000000000000e+00
1.641667263969727262e-33
1.621177218953451299e-40
1.034076658867717787e-48
2.025175184718346562e-67
8.340775967479689254e-21
2.903132769433118011e-38
1.560153463601189553e-46
2.213834097950050660e-43
1.966706251025286462e-37
2.200856385182484581e-20
2.296659656136140799e-21
0.000000000000000000e+00
1.854209997832932174e-39
0.000000000000000000e+00
2.302404409353873888e-20
0.000000000000000000e+00
7.092102947827273808e-16
8.251227921934050220e-33
3.775370018048009248e-21
7.835855764842961499e-40
3.920908354177012748e-30
1.482840182756152509e-48
1.036860097987676808e-28
0.000000000000000000e+00
1.516364544467543659e-23
8.060921756808606218e-38
2.770413643831430921e-56
4.986633761716125494e-37
0.000000000000000000e+00
7.301904426072779635e-32
7.379802760925659733e-38
3.586159396765222045e-46
7.133404604126771180e-65
3.371264442815311049e-17
1.192949194305222239e-34
1.571728534841167874e-42
2.244773119331573041e-39
1.022101875735366996e-34
3.370238165988756630e-17
2.977980407944355211e-19
0.000000000000000000e+00
2.708217617053096376e-37
0.000000000000000000e+00
3.534431296868842108e-20
0.000000000000000000e+00
5.446161290584396535e-16
6.331618346631665806e-33
1.933001252165115462e-20
4.007702702988109761e-39
8.012026543945580746e-30
3.025629819515131504e-48
6.364767271240326164e-28
0.000000000000000000e+00
7.728774124355155781e-23
7.409823853951977076e-37
2.542808824879090236e-55
1.527766058198542589e-36
0.000000000000000000e+00
1.491956874928008853e-31
6.786921398548514130e-37
1.644123784961370874e-45
3.272232372510877127e-64
7.767499349952123162e-17
2.744112908091356986e-34
2.869786862262763155e-42
4.097031966562761852e-39
1.094313645921267566e-33
1.377020979290330386e-16
3.177685034657877462e-18
0.000000000000000000e+00
2.888829269831126030e-36
0.000000000000000000e+00
3.644417897019226822e-20
0.000000000000000000e+00
5.616862875794161457e-16
6.531142875248288048e-33
1.992371026265463177e-20
4.137212738812177936e-39
8.276696898901286184e-30
3.130694169907902064e-48
6.566184459352839003e-28
0.000000000000000000e+00
8.002060133864115180e-23
7.657032437099032109e-37
2.632144792447565219e-55
1.578977978201348434e-36
0.000000000000000000e+00
1.541404846804505740e-31
7.010132334152927712e-37
1.703404593828244865e-45
3.388559356645444879e-64
8.005483116909460505e-17
2.832986523509597165e-34
2.983760184722551630e-42
4.261971585101554873e-39
1.132126094909993194e-33
1.421967961706039190e-16
3.299724706915147273e-18
0.000000000000000000e+00
3.001028338355601081e-36
0.000000000000000000e+00
5.630745873495721806e-22
0.000000000000000000e+00
5.370872585236659624e-17
6.214176813910181414e-34
1.093019750374100757e-22
2.216040698589585834e-41
1.530571028274067448e-31
5.650674760156440613e-50
2.049111539094761214e-31
0.000000000000000000e+00
4.344848369743575563e-25
3.021991845704673506e-40
1.021672307017271381e-58
1.383661620858201205e-39
0.000000000000000000e+00
2.797986626255591433e-33
2.763077865317136852e-40
1.762423776801222091e-48
3.451557635456803918e-67
1.421586969252512187e-20
4.947988119208961493e-38
2.658973609301083261e-46
3.773025296670038549e-43
3.351786253997430535e-37
3.750889634232714448e-20
3.914360767935375226e-21
0.000000000000000000e+00
3.160258658324656683e-39
0.000000000000000000e+00
4.128441237484787508e-21
0.000000000000000000e+00
1.414128785595032443e-16
1.643858824097292351e-33
8.024355886144659814e-22
1.665533103002302216e-40
1.145557984919184771e-30
4.331544029972634336e-49
1.928339553726006262e-29
0.000000000000000000e+00
3.222472793033604428e-24
2.890831641043543064e-38
9.933565869101698318e-57
1.324497065105532189e-37
0.000000000000000000e+00
2.132573495121597600e-32
2.646051515076041705e-38
1.714151973010862776e-46
3.409174244872990821e-65
1.343193854773715986e-18
4.752473584746112204e-36
2.504998351952376943e-44
3.578089039515991371e-41
3.257520578715516303e-35
3.581024299904337493e-18
7.911293496443322321e-20
0.000000000000000000e+00
7.195873965226062653e-38
0.000000000000000000e+00
2.092316301739333291e-19
0.000000000000000000e+00
6.444726905002468216e-15
7.498249627079555927e-32
3.430867563312417891e-20
7.120608389864625988e-39
3.563078044306712424e-29
1.347500983426304873e-47
9.422465151018615837e-28
0.000000000000000000e+00
1.377994067651205707e-22
7.325261830510664897e-37
2.517551235227065408e-55
4.531563032079046084e-36
0.000000000000000000e+00
6.635514890345251963e-31
6.706333819517924199e-37
3.258858030597540238e-45
6.482282998809910967e-64
3.063637774213636064e-16
1.084081286721428139e-33
1.428313467714379215e-41
2.039927869988321392e-38
9.288149250635561764e-34
3.062677925752073836e-16
2.706247762598976179e-18
0.000000000000000000e+00
2.461086629541769047e-36
0.000000000000000000e+00
3.498120592511582561e-19
0.000000000000000000e+00
5.390202236866701573e-15
6.266554011185373028e-32
1.913148269845486933e-19
3.966498145230737996e-38
7.929612098961634184e-29
2.994473114797006267e-47
6.299357688821933108e-27
0.000000000000000000e+00
7.649153448884170201e-22
7.333587616632208999e-36
2.516617056616148160e-54
1.512046160114197004e-35
0.000000000000000000e+00
1.476609019934039607e-30
6.717115588564155787e-36
1.627178524601498193e-44
3.238518057153290527e-63
7.687725865602555370e-16
2.715898086023899129e-33
2.840138011856740389e-41
4.054688990695406251e-38
1.083045960149598335e-32
1.362860145153501284e-15
3.145047303132996524e-17
0.000000000000000000e+00
2.859156661654657690e-35
0.000000000000000000e+00
0.000000000000000000e+00
0.000000000000000000e+00
0.000000000000000000e+00
0.000000000000000000e+00
0.000000000000000000e+00
0.000000000000000000e+00
0.000000000000000000e+00
0.000000000000000000e+00
0.000000000000000000e+00
0.000000000000000000e+00
0.000000000000000000e+00
0.000000000000000000e+00
0.000000000000000000e+00
0.000000000000000000e+00
0.000000000000000000e+00
0.000000000000000000e+00
0.000000000000000000e+00
0.000000000000000000e+00
0.000000000000000000e+00
0.000000000000000000e+00
0.000000000000000000e+00
0.000000000000000000e+00
0.000000000000000000e+00
0.000000000000000000e+00
0.000000000000000000e+00
0.000000000000000000e+00
0.000000000000000000e+00
0.000000000000000000e+00
0.000000000000000000e+00
1.565459414720959508e+00
7.183298594593767142e-05
7.226767406069225075e+00
7.559254911323043302e+01
8.648880529293175023e-02
1.548165075933415791e+00
1.832118423997708945e+01
2.625152104651503129e-02
1.556369554114262499e+01
3.869162192198161598e+00
3.768968480232805475e-11
3.980376469258993133e+00
3.149621969129713573e-10
1.078658651716023943e-11
0.000000000000000000e+00
0.000000000000000000e+00
6.527527633384106594e-13
4.200439371529941616e-03
2.741847011217895290e-17
1.548903901926424176e+01
1.721456952298592114e+03
2.065636367532148743e+00
0.000000000000000000e+00
2.264897714473960377e+01
1.266230975021393146e+00
1.926384160566861237e+00
2.283690971668525874e-02
6.739737420283974101e-02
4.844961433744381907e+02
1.170954401994815299e+02
2.828310239871989324e+02
2.182533673692090946e-11
7.224914730077743208e+00
1.300490712422806894e+02
1.161710835788360043e+02
2.081144245269733162e+01
5.281938568647695575e+01
1.170426747214250712e-13
1.861010150594662212e-11
6.806262868507280611e-10
1.131870754006464984e-09
4.898015102974273560e+01
5.561976125934323522e-09
6.467211973754753984e-01
1.251942655244311087e-01
6.258957954766869447e-02
1.839747385358421923e+02
8.715086020408222529e-14
9.996393989045805938e+03
3.432110879071910148e+00
4.963516386122324708e-01
7.679609295568206040e-01
2.496939504969605395e+01
8.885748211183569500e-02
8.886594699466300318e-01
1.122293908945752605e+01
3.851365042686950013e-01
9.608700401142816760e-02
7.035759700720908838e-02
4.125913182023117187e+00
2.780644357034387504e+00
9.201828127576862706e-03
2.002747675553172257e+02
1.616193810231742134e+01
4.923835051792286449e-02
4.758614605727219948e-01
6.798917258647025896e-01
2.341239069798359829e-01
2.027677625137382478e+01
1.323310997893729331e-13
4.096441019659295256e-11
3.445667617051137768e+02
0.000000000000000000e+00
3.701861865003344576e+01
3.066381701931801729e+01
1.970605779509724584e+02
8.760008340546779348e-02
3.434004494545966346e-01
6.539636093439669651e+01
0.000000000000000000e+00
1.065303245082322010e-11
3.151745232012041242e+01
1.029789791204949617e-10
3.032011962080606304e-01
2.968228133110104406e-11
2.877999582474172744e-04
1.549400928995605872e-02
2.268370369368207240e-01
4.290803699061004889e-17
5.332449809900601662e-02
0.000000000000000000e+00
5.442291512843208112e-01
1.315318967754272039e-01
5.235005277960106618e+00
4.336330269300544771e+00
2.081153381975520844e+01
5.619144549243823182e-15
1.383633726678909553e-14
3.267298330488481360e-11
8.044555676501828446e-11
4.145115489940148786e-14
1.548666838601800606e-03
9.858985662178883572e-04
8.906119647826361884e-04
1.617948308737000573e-01
2.114385087735223042e-03
4.688559758679766709e-02
0.000000000000000000e+00
2.973182696283911902e-14
3.090588823821059811e-13
3.538501351577299603e-04
3.793992761273768105e-14
6.082583326996326312e-13
0.000000000000000000e+00
2.199077599576616190e-12
3.500483978714656608e-02
1.225373088753214880e-04
5.397171372226757099e-04
1.304414631686197162e-04
1.146987064021338796e+02
3.472896069726518764e+00
3.709357633899021400e-01
8.985790075660617049e+00
2.171724829489840580e+00
2.630852071730109376e+00
0.000000000000000000e+00
0.000000000000000000e+00
0.000000000000000000e+00
0.000000000000000000e+00
5.875388974103007911e+01
6.738862522902489616e+01
0.000000000000000000e+00
0.000000000000000000e+00
0.000000000000000000e+00
0.000000000000000000e+00
0.000000000000000000e+00
3.591319297914413559e-03
3.406629163465900098e-03
9.361006134355722081e-05
8.665219647894144631e-04
2.289639852571557187e-03
5.376216566653199691e-03
5.376216566653199691e-03
5.376216566653199691e-03
5.376216566653199691e-03
2.841175799086735621e-02
3.794982358112791161e-06
1.389595742222855985e-02
5.376216566653199691e-03
5.376216566653199691e-03
5.376216566653199691e-03
5.376216566653199691e-03
5.376216566653199691e-03
5.376216566653199691e-03
5.376216566653199691e-03
5.376216566653199691e-03
5.376216566653199691e-03
5.376216566653199691e-03
5.376216566653199691e-03
5.376216566653199691e-03
5.376216566653199691e-03
5.717773419555999964e-04
9.420411206955300182e-03
4.703248135821100177e-03
1.498765032630679922e-02
2.770337121422000162e-04
2.087240296962000101e-04
1.044885639110557617e-03
8.741119295056145200e-04
3.366151337686729660e-03
2.765277641455057486e-03
0.000000000000000000e+00
4.446455322609116703e-03
5.261106570382143195e-03
4.661501840351228027e-03
1.081569972062099757e-03
1.896226184937000597e-03
2.702027041768164176e-02
2.185913810354458715e-03
7.589964716225612816e-06
8.651289817275826383e-03
1.597434375337536058e-02
1.200605322882721329e-02
3.821547681478770775e-02
3.115683495071742016e-03
5.819022600115726564e-05
5.047326536290000238e-04
8.370468570428384047e-03
2.260542008764813461e-03
6.324960666650855309e-04
3.366146869095013820e-03
3.162480333325427655e-04
2.023990590993499574e-05
5.611511430978514611e-03
3.893652018586181707e-01
1.430455201231592768e-02
1.264994119370919446e-06
0.000000000000000000e+00
3.509094183645157603e-03
2.529988238741870656e-06
1.264994119370919446e-06
3.288984710364429312e-05
3.390194170117145759e-04
6.324960666650855309e-04
7.792368740426572522e-04
4.484405642700471303e-03
3.077731188939657539e-03
4.667823335376427673e-04
0.000000000000000000e+00
4.605840113058199022e-03
2.656487650678969017e-05
0.000000000000000000e+00
6.324960666650855309e-04
8.348981048255290499e-04
4.944862012620901241e-03
2.876597123959658345e-03
9.424226049720289041e-04
0.000000000000000000e+00
0.000000000000000000e+00
1.693828615368171871e-03
2.666606114103328533e-03
1.665490810704598618e-02
3.509090708073756611e-03
9.779664075244571403e-03
7.488780081980716923e-04
1.839302939095871069e-03
6.424906125305312327e-03
6.324960666650855309e-04
6.641216644146414293e-03
1.855745876606942424e-03
8.728658027732895874e-05
5.135875628135742020e-03
3.162480333325427655e-04
5.617693569571407250e-19
1.953150423798443672e-03
1.248675645580024120e-02
8.903029108642752584e-03
2.661545641115670938e-03
2.453835940312880035e-02
7.016922380150497976e-03
8.270525594324810645e-03
4.718433030354571354e-04
3.783596914528243246e-03
6.051729384519513935e-03
2.126453625131928798e-03
6.213651114349999678e-03
6.868923033285572952e-04
1.264994119370919446e-06
1.011995295496748093e-05
1.691297534807095423e-02
2.192740061752294564e-02
4.094788943464842956e-03
9.109221164059523590e-03
0.000000000000000000e+00
2.085595457049730511e-02
1.948090943831200239e-03
2.844969788424470819e-03
7.271188680695083242e-03
1.190362445389143899e-03
1.954418396978986009e-03
3.501503722418699942e-03
3.686191374316328487e-03
2.909486474553155913e-05
1.629313418770114361e-03
1.657142296375000074e-04
5.059976477483741313e-06
2.087746145656732902e-02
0.000000000000000000e+00
6.324970596854693582e-06
5.059976477483741313e-06
0.000000000000000000e+00
6.388220302823000409e-04
4.633673459255699921e-03
1.770996732220571823e-04
1.119519299133042798e-03
2.024040242005716297e-05
0.000000000000000000e+00
