1.897392000000000053e+03
1.508412982271355531e+02
1.036090369768814234e+01
1.300837377956030991e+02
7.089264732430161864e+00
3.887531738354535340e-68
2.636116569972367247e-102
1.036442201263225904e+01
1.037109573932552742e+01
1.037150533545747955e+01
1.039487316002771600e+01
1.039578210700876859e+01
1.039769511151813930e+01
1.039795436596689804e+01
1.040118404946091246e+01
1.040188065135340878e+01
1.039664606788047507e+01
1.036983171828182471e+01
1.038442308579605289e+01
1.040020526198969897e+01
1.040715007298786787e+01
1.041030124135343726e+01
1.038972258360191958e+01
1.037857451654947383e+01
1.037027907854000652e+01
1.035317743330516116e+01
1.034618890697173654e+01
1.517724042840277177e-01
6.995477117197513905e+01
1.209280319575370299e+01
5.970937504661303578e-04
1.211570638444402586e-05
0.000000000000000000e+00
0.000000000000000000e+00
4.965346496152373845e+01
1.523367715850300499e+02
0.000000000000000000e+00
8.387537543176456722e+00
1.322197513458544194e+00
7.973744751411521975e+03
3.191252760229119190e+00
3.326720593839047752e-02
1.127571886444148959e+03
7.349596189634824972e-01
1.489516952323169718e+00
1.837410937659192811e+01
3.735832960427090566e+00
2.546622515346139703e-01
8.895745373679813106e-01
2.746701257786493766e+00
1.140885467322546987e+01
1.121903338223827040e+00
1.412890182940062118e+02
4.920872599702182981e+01
1.602248471245427908e+01
5.529828842040740255e+01
4.021642090331346786e+00
1.403972867315767026e+01
5.223403765862912884e+00
1.280029445134268418e+00
2.043377385289390702e+01
5.966506272282322554e-01
1.088067358408221423e+02
1.161169381746216089e+01
4.204397467170970515e+00
4.158370175223281251e+01
3.443733010309042442e+00
3.900661014622521350e+00
6.842005622561112554e-01
7.116750761388715318e+01
7.300647028025035734e-01
9.402910887217114322e+00
2.651894487046280346e+01
1.674039927980130926e+01
8.392348032840829530e-02
1.497720318032879916e-01
8.986791622476759585e+03
1.795628016933189297e+00
2.895181839213336605e+00
3.156841705599015557e-01
3.183650384202776212e-02
3.638527088102407048e-02
2.370188438479469816e-03
0.000000000000000000e+00
4.898472243350789235e+00
0.000000000000000000e+00
0.000000000000000000e+00
5.992436968027476940e-01
0.000000000000000000e+00
1.639186195517901723e+01
0.000000000000000000e+00
6.024425082022707555e-04
2.861846186782649164e-03
5.438506322927470119e-06
9.063404057159465310e+01
8.618735504718285159e-03
9.968863572308829188e-05
5.066338505445381557e+00
1.594385172029810547e-09
3.497312873202400177e-05
5.434967855899500143e-09
1.378644586390709748e+01
8.603040926354125735e-05
3.236407852666756639e+02
1.009426656764799335e-06
4.002886758558624192e-01
6.474045545302010396e+01
1.118088937318786354e-04
2.764668668941259677e-06
3.902766249137913945e+01
3.307725880048229027e-04
1.150300750110876038e+02
1.004601963358122840e-07
1.299788570546232564e-04
1.758115396704049800e-03
5.573358427618682498e+00
3.007033363728958339e-02
9.773479633177630074e-05
1.681660841866337462e-03
3.020437047464209043e-07
5.260041661027200630e-06
2.259969070926378663e+03
2.156356867579004338e-06
2.681905299800833842e-04
1.740686454965065059e+04
2.683986942443523233e-02
2.692664926933479586e-01
1.828155934578775714e+03
2.818857290201679661e-03
2.033060231214793220e-02
1.887899764245348430e-02
5.717580570551531599e-02
1.704898950238497561e-06
3.839216889076233485e-01
4.967253100041141447e-11
9.674463322661703648e-13
1.264602919360753079e-12
8.711508602182930876e-04
8.229442468524256082e-11
2.603092610855083922e-01
6.099743800245799541e+00
2.099510810554092618e-11
7.326091181415214598e-13
4.703920219157354482e-13
2.492397923417155111e-09
8.659883021377035373e-11
5.707072583327881567e-11
5.302823212687236505e-12
1.925634294703549782e-18
6.335351408129321451e-10
9.948599761200088598e-13
1.993856740599423859e-10
2.048845482158994933e-14
3.946726437044494777e-09
3.938843176262912562e-12
5.521199383690895361e-16
6.221343133948817417e-17
6.061004557338189523e-19
1.710238338699023130e-16
4.307352913111432246e-17
6.516039643600783114e-18
0.000000000000000000e+00
3.086616312756334679e+01
5.790031166926001305e+01
2.138760607888726573e-04
4.012500314428982750e-04
4.918315595935920329e-05
2.275884134494717587e-13
4.269219072414694180e-13
0.000000000000000000e+00
1.280414266345863084e+01
2.160542460584274330e-04
2.048686729984124266e+00
2.048129679528691571e-02
1.196846577797278620e-02
9.527128998900615819e-01
6.601461952938847369e-06
1.518078650208891002e-06
7.024624122751760020e-15
4.574301460084799303e-11
1.051910839699642832e-11
4.867520044188386098e-20
1.119339672215535247e-20
5.179534315887441190e-29
1.639455824032375053e-01
4.197094389605229327e-03
1.517255171930145474e+00
2.843053826977862131e-02
3.582590693737308684e-16
6.668424687618850089e-23
3.187081032635872378e-31
1.938913800998636687e-17
3.694272194345508286e-20
1.164686080776096201e-17
3.129998114705123825e-19
0.000000000000000000e+00
9.390751523224461378e-15
7.006627544550956606e-20
7.046785043354332970e-29
1.260743577478291992e-26
1.759113694555433087e-21
3.272862006935823996e-27
0.000000000000000000e+00
1.443932856114213281e-35
6.043569706000507946e-35
0.000000000000000000e+00
8.454327837679546744e-30
1.378968155352409035e-35
6.406085298845627805e-44
2.125961523421765389e-16
8.795185543516503044e-39
1.509122569745125438e-16
3.677231472071703920e-18
0.000000000000000000e+00
2.077830991410126803e-31
1.805874659155637225e-37
3.304971750413386321e-46
8.259277411078903716e-45
6.415601999005597849e-53
1.639802300252856107e-61
7.595697756418463352e-34
6.821846473514651614e-42
1.369819302181163958e-33
2.061230760832597207e-36
0.000000000000000000e+00
5.790702166446001442e+00
4.012491504486130471e-05
4.269701824684101209e-14
3.115069939726406920e-19
0.000000000000000000e+00
9.271154116760774653e-15
2.051401391732755324e-31
6.972762780886713280e-20
1.796858946474378658e-37
7.012761631399244212e-29
3.288792807081633211e-46
1.259566536801068563e-26
0.000000000000000000e+00
1.750283708297227471e-21
1.442404466086385861e-35
6.407861670062603690e-53
6.038272007638694906e-35
0.000000000000000000e+00
8.413497081319876887e-30
1.377567799513799697e-35
6.399997175206045821e-44
1.638167301193287640e-61
2.124457710837413796e-16
7.589683513629431930e-34
6.814688291999412548e-42
8.785441586338160576e-39
1.368088047854072245e-33
1.507420080092745670e-16
3.673932976727286947e-18
0.000000000000000000e+00
2.059321259294861093e-36
0.000000000000000000e+00
4.330107466012125090e-18
0.000000000000000000e+00
2.421574222081012990e-36
0.000000000000000000e+00
2.184486334090639043e-23
0.000000000000000000e+00
6.582555257693507165e-19
1.443664079385235053e-35
4.888512491089993972e-24
1.242206552505329344e-41
4.869853506226861150e-33
2.251369324102977291e-50
8.866878835747668367e-31
0.000000000000000000e+00
1.222805894105812728e-25
1.003874592097089513e-39
4.392003964131501049e-57
4.200774366098217343e-39
0.000000000000000000e+00
5.808688145003255916e-34
9.583513808116084090e-40
4.402924732675152946e-48
1.109477383908149466e-65
1.502108844135665774e-20
5.301712325580634034e-38
4.799137925791757343e-46
6.142063528519763139e-43
9.399270348648263295e-38
1.056022420223972216e-20
2.624548084590972897e-22
0.000000000000000000e+00
1.467522565628493076e-40
0.000000000000000000e+00
1.593805346584294982e-18
0.000000000000000000e+00
1.331858120797379671e-13
2.884879543945303700e-30
3.565482050698345143e-19
8.894956155871886981e-37
3.507818485266694913e-28
1.592469561232295630e-45
5.316903436767736661e-27
0.000000000000000000e+00
8.874211477564557728e-21
5.990910880523945445e-36
2.604711545626029846e-53
2.507126617783421519e-35
0.000000000000000000e+00
4.154631013700027328e-29
5.718674715135939060e-36
2.615886977283305585e-44
6.551254846204914091e-62
9.106549685352388153e-17
3.197461448243831184e-34
2.877527230139965156e-42
3.669423846381965833e-39
5.629724132849208780e-34
6.374487052136926530e-17
8.926574426455697339e-18
0.000000000000000000e+00
4.684128016855435643e-36
0.000000000000000000e+00
1.595211556697103004e-18
0.000000000000000000e+00
1.333007613351733222e-13
2.887396983096596641e-30
3.568628829670131065e-19
8.902940297197240202e-37
3.510949979725536645e-28
1.593915718743298251e-45
5.324523097144764607e-27
0.000000000000000000e+00
8.882078130699668187e-21
5.999567796425611921e-36
2.608517466831371457e-53
2.510750046310438431e-35
0.000000000000000000e+00
4.158365046006474612e-29
5.726940443384395623e-36
2.619698314763191213e-44
6.560908865357821375e-62
9.119497560942947601e-17
3.202047835889840951e-34
2.881650380062702175e-42
3.674711075238004035e-39
5.637897072377921432e-34
6.383612875959386732e-17
8.927162377512264133e-18
0.000000000000000000e+00
4.684452056161589824e-36
0.000000000000000000e+00
1.095415866610865131e-17
0.000000000000000000e+00
5.746197954729336020e-36
0.000000000000000000e+00
1.086055659984985438e-22
0.000000000000000000e+00
3.592573954823607697e-18
7.945513538925691310e-35
2.161065285995719379e-23
5.565315940717972413e-41
2.986977058555510721e-32
1.400180946049945926e-49
3.415089490871044148e-30
0.000000000000000000e+00
5.423882012514625672e-25
5.026201286764375383e-39
2.231779023209574058e-56
2.337863919078518741e-38
0.000000000000000000e+00
3.582516971076424925e-33
4.799933013955760343e-39
2.972280269961200975e-47
7.604124520358282240e-65
1.646061457631468433e-20
5.878670539626167054e-38
2.639117167113615827e-46
3.401829146425754976e-43
4.236143215106575297e-37
4.670583135036016121e-20
8.390841108806518649e-22
0.000000000000000000e+00
4.692822858569863748e-40
0.000000000000000000e+00
5.564411582736280336e-22
0.000000000000000000e+00
5.166458147673829523e-17
1.119083997428707184e-33
1.106501416233335012e-22
2.760435526522893426e-40
1.496825964084972695e-31
6.795285187362664557e-49
1.444563221833106191e-30
0.000000000000000000e+00
2.753997321357987850e-24
2.092728521504437259e-39
9.098756068365317700e-57
9.730968520275268649e-39
0.000000000000000000e+00
1.772837620904570809e-32
1.997642200997014892e-39
1.218372474902131188e-47
3.051305404777106727e-65
7.069090521620913230e-21
2.482075910004578626e-38
1.116807858612120129e-46
1.424153945262272910e-43
1.747979010326584448e-37
1.979220786490920234e-20
2.122816635387483340e-21
0.000000000000000000e+00
1.113561693769355659e-39
0.000000000000000000e+00
5.112594767077361183e-20
0.000000000000000000e+00
1.520729445446643049e-15
3.366286511225621275e-32
8.582527235974067897e-21
2.210120863751896184e-38
8.629342251715781769e-30
4.045891295609430069e-47
1.550138111730940232e-27
0.000000000000000000e+00
2.154320905748950315e-22
1.183088219646363716e-36
5.254242214032563401e-54
7.429940732426262558e-36
0.000000000000000000e+00
1.035318497409850551e-30
1.130030064787271202e-36
5.248823284561017470e-45
1.343066863330592099e-62
3.487037300645358307e-17
1.245452546586818452e-34
1.397804832027103152e-42
1.801623439305159633e-39
1.121915360545547619e-34
3.710119515287274042e-17
2.665718319515181155e-19
0.000000000000000000e+00
1.490624902531499455e-37
0.000000000000000000e+00
7.349244130472457607e-20
0.000000000000000000e+00
1.094630240805870675e-15
2.419474362632700680e-32
4.114703095564591557e-20
1.057972068135527398e-37
1.651192598553903333e-29
7.726978318640847056e-47
8.901781013770775293e-27
0.000000000000000000e+00
1.028342359648301162e-21
1.017415200916986274e-35
4.509317355978369390e-53
2.129803964120908290e-35
0.000000000000000000e+00
1.981406063241596968e-30
9.723309645048667671e-36
2.251610086781046104e-44
5.760949610170170231e-62
7.530280333088329062e-17
2.685069002317259520e-34
2.388128479816788672e-42
3.075555137069617882e-39
1.124304815752207574e-33
1.420268760886258878e-16
2.668317438028701038e-18
0.000000000000000000e+00
1.491658918483822606e-36
0.000000000000000000e+00
7.603858943427522996e-20
0.000000000000000000e+00
1.131615255257576202e-15
2.503587088903544571e-32
4.255715787773776708e-20
1.096458751142034452e-37
1.711566888762008412e-29
8.026276989902835824e-47
9.224156703829694911e-27
0.000000000000000000e+00
1.068200144749722188e-21
1.055980238205610854e-35
4.690804741115847962e-53
2.210623249510570930e-35
0.000000000000000000e+00
2.053506377696529764e-30
1.008631870249081793e-35
2.342664775450570516e-44
5.994970649713859759e-62
7.780038153108597599e-17
2.778951251110804039e-34
2.493406362704569695e-42
3.214174535964214996e-39
1.167657265527069884e-33
1.470802432823440971e-16
2.775145691438969226e-18
0.000000000000000000e+00
1.551920369158635716e-36
0.000000000000000000e+00
8.720802386349815994e-22
0.000000000000000000e+00
8.097145749010282405e-17
1.753870876525990856e-33
1.734170141175121178e-22
4.326242636378663427e-40
2.345870459178572853e-31
1.064967684979008809e-48
2.263984592808854377e-30
0.000000000000000000e+00
4.316200085866914493e-24
3.279759811377946667e-39
1.425958437036449182e-56
1.525062900972233189e-38
0.000000000000000000e+00
2.778444494078554227e-32
3.130756799264287953e-39
1.909443085011759675e-47
4.781951555050276708e-65
1.107912103855206272e-20
3.890016300953327816e-38
1.750226782975247696e-46
2.231872379719933022e-43
2.739327549157557793e-37
3.101777566042532195e-20
3.327019616927035150e-21
0.000000000000000000e+00
1.745253326894363810e-39
0.000000000000000000e+00
8.595921628894106064e-21
0.000000000000000000e+00
2.843454568194643454e-16
6.288719460644433325e-33
1.710441793838197477e-21
4.404836255130381889e-39
2.364133182633537108e-30
1.108214671343523694e-47
2.702977030605685854e-28
0.000000000000000000e+00
4.292897772470760714e-23
3.978138194553794982e-37
1.766407208610620595e-54
1.850372682542128470e-36
0.000000000000000000e+00
2.835489816567438840e-31
3.799050903754057301e-37
2.352499009108627547e-45
6.018504016122825539e-63
1.302826098126394646e-18
4.652852598646909476e-36
2.088809515750599186e-44
2.692480460925262349e-41
3.352821251937454493e-35
3.696675492406146978e-18
6.641194165051502459e-20
0.000000000000000000e+00
3.714282145798805831e-38
0.000000000000000000e+00
4.646007324544075966e-19
0.000000000000000000e+00
1.381901960057562662e-14
3.059046173024218141e-31
7.799240333359073186e-20
2.008343633626352390e-37
7.841681153744569030e-29
3.676550189254220403e-46
1.408655179074986414e-26
0.000000000000000000e+00
1.957704988304789488e-21
1.075091879758692240e-35
4.774547973382053133e-53
6.751748490284079714e-35
0.000000000000000000e+00
9.408188429539797368e-30
1.026882354069528533e-35
4.769669558344828114e-44
1.220442698351234877e-61
3.168812647912676045e-16
1.131780824249718355e-33
1.270231836138570946e-41
1.637177084587198866e-38
1.019498185284111369e-33
3.371497851471942516e-16
2.422466531241399983e-18
0.000000000000000000e+00
1.354595765592743597e-36
0.000000000000000000e+00
7.273614492695828642e-19
0.000000000000000000e+00
1.083371924220624101e-14
2.394574084095482821e-31
4.072370428833092979e-19
1.047072510971515062e-36
1.634179199565756892e-28
7.647250173777786650e-46
8.810081844803393314e-26
0.000000000000000000e+00
1.017731599229153997e-20
1.006922876485699393e-34
4.462743610406785870e-52
2.107839591350528524e-34
0.000000000000000000e+00
1.960992577928771114e-29
9.623073185078431339e-35
2.228351794331402807e-43
5.701434028445434195e-61
7.452862464341914413e-16
2.657431705287780388e-33
2.363401061023879785e-41
3.043689474586764015e-38
1.112705175625028062e-32
1.405644087349741278e-15
2.640882612081805400e-17
0.000000000000000000e+00
1.476321407865271615e-35
0.000000000000000000e+00
0.000000000000000000e+00
0.000000000000000000e+00
0.000000000000000000e+00
0.000000000000000000e+00
0.000000000000000000e+00
0.000000000000000000e+00
0.000000000000000000e+00
0.000000000000000000e+00
0.000000000000000000e+00
0.000000000000000000e+00
0.000000000000000000e+00
0.000000000000000000e+00
0.000000000000000000e+00
0.000000000000000000e+00
0.000000000000000000e+00
0.000000000000000000e+00
0.000000000000000000e+00
0.000000000000000000e+00
0.000000000000000000e+00
0.000000000000000000e+00
0.000000000000000000e+00
0.000000000000000000e+00
0.000000000000000000e+00
0.000000000000000000e+00
0.000000000000000000e+00
0.000000000000000000e+00
0.000000000000000000e+00
0.000000000000000000e+00
0.000000000000000000e+00
1.537047415221763247e+00
7.183297712488501846e-05
5.402004963294186446e+00
7.921743084267455970e+01
1.007729702621772000e-01
1.888619316782099711e+00
2.093344009776058812e+01
3.133858186908994314e-02
1.393067996022562482e+01
4.142620744898513507e+00
1.854586906659062474e-10
4.273646784880040350e+00
3.716362296340885688e-10
4.923961063605477129e-11
0.000000000000000000e+00
0.000000000000000000e+00
1.338745350262322547e-12
4.200439051953106136e-03
5.623316077221376004e-17
1.526800383704079422e+01
1.582962870008624805e+03
1.886969837133442685e+00
0.000000000000000000e+00
2.336113058056164604e+01
1.246332853781096484e+00
1.880762880498750178e+00
3.153535855652776776e-02
8.895405678078445455e-02
4.679808925739593519e+02
1.175249045172974718e+02
2.951137225665471533e+02
1.704702965336801906e-11
7.566294103101137480e+00
1.361938560244148277e+02
1.173376609876587651e+02
2.201338535198550517e+01
5.586693644765226452e+01
1.623514320257541801e-13
1.707353678807593473e-11
1.357607471521793258e-09
2.367130622940929148e-09
2.427100839792769449e+01
5.750485197573671829e-09
6.467211863622418511e-01
2.842330465978938348e-01
1.423734708009815886e-01
3.215952250078518091e+02
1.786954069179208894e-13
9.996269355090607860e+03
3.541352664633747871e+00
4.468849467208159676e-01
7.659452441784183607e-01
2.466371434324883438e+01
1.073388807422765295e-01
1.073464184199687477e+00
1.307973378668147824e+01
4.631533424725448600e-01
1.080169541308048931e-01
1.036747346886056076e-01
2.921423064938748926e+00
2.986907952054171478e+00
1.112350032206953221e-02
1.776923563256255534e+02
1.732922289627914836e+01
2.831412244970726161e-02
5.865128882081607209e-01
9.193261884474575041e-01
1.659529949932340154e-01
2.136888299865952590e+01
2.860265778118841054e-13
8.814565427287173555e-11
3.426260284525334328e+02
0.000000000000000000e+00
3.624790419676864417e+01
3.077489131622689555e+01
2.063696564222165080e+02
1.500572902303842493e-01
6.986983821178744947e-01
6.277780360377354185e+01
0.000000000000000000e+00
1.635406247892971588e-11
2.510299202617289183e+01
3.745956141610221759e-10
6.143699608919303001e-01
2.744574732478996544e-10
3.889267196724030475e-04
1.890571624609328413e-02
2.338210627580130929e-01
8.092158993886812509e-17
4.801708132850882743e-02
0.000000000000000000e+00
6.938123827591978765e-01
1.742383919888710331e-01
5.348615900128689482e+00
4.541038036861626992e+00
2.201350996435914809e+01
8.242207926704763772e-15
2.009707544013322322e-14
6.892923069496677391e-11
1.680373854091834029e-10
8.909000166765594419e-14
1.438706357970236018e-03
1.182499637456583879e-03
1.075455053096623353e-03
1.734047689181916485e-01
3.147990205100057413e-03
6.051721531400395399e-02
0.000000000000000000e+00
2.750116489683455804e-13
1.123690617494873766e-12
7.321798780931485515e-04
1.854339534498022403e-13
4.768190123101604513e-13
0.000000000000000000e+00
2.110268644552911140e-12
4.733771246758147755e-02
2.240767084895807244e-04
9.533050571259187901e-04
2.394052635846275834e-04
1.053323888713595977e+02
6.454752070378734885e+00
3.536290746637901217e-01
8.274544504406614820e+00
2.078001937598772386e+00
4.498262855989930031e+00
0.000000000000000000e+00
0.000000000000000000e+00
0.000000000000000000e+00
0.000000000000000000e+00
6.143369674214081755e+01
6.470881822791427851e+01
0.000000000000000000e+00
0.000000000000000000e+00
0.000000000000000000e+00
0.000000000000000000e+00
0.000000000000000000e+00
2.326327164584242498e-03
2.457885063468272235e-03
6.324960666650855309e-04
2.131514098119585525e-03
2.605887885904099952e-03
5.376216566653199691e-03
5.376216566653199691e-03
5.376216566653199691e-03
5.376216566653199691e-03
2.524927765754192768e-02
3.794982358112791161e-06
1.231471725556584559e-02
5.376216566653199691e-03
5.376216566653199691e-03
5.376216566653199691e-03
5.376216566653199691e-03
5.376216566653199691e-03
5.376216566653199691e-03
5.376216566653199691e-03
5.376216566653199691e-03
5.376216566653199691e-03
5.376216566653199691e-03
5.376216566653199691e-03
5.376216566653199691e-03
5.376216566653199691e-03
5.717773419555999964e-04
9.420411206955300182e-03
4.703248135821100177e-03
1.498765032630679922e-02
2.770337121422000162e-04
2.087240296962000101e-04
1.677381705775643148e-03
1.822856029503242600e-03
3.049903304354186894e-03
4.030269774785227681e-03
1.846891414281000049e-04
6.343943522604372429e-03
4.628610503717057664e-03
5.926493973681399956e-03
2.662810138724813584e-03
2.213736233327799358e-03
2.575527828435146896e-02
3.767153977017172542e-03
7.589964716225612816e-06
5.805057517282941927e-03
1.945307212003334271e-02
8.527324862169243305e-03
4.074546108144805334e-02
5.013171695066999042e-03
3.744382593337000176e-04
1.884846202964572583e-04
1.058420480375618471e-02
3.630538087695571394e-04
9.234506722425720501e-05
1.784906702432298691e-03
1.204276387681829132e-03
3.364879392424777443e-04
3.397775197650715687e-03
4.386998950584948265e-01
1.493704807898101582e-02
1.264994119370919446e-06
0.000000000000000000e+00
2.560350083647528873e-03
2.529988238741870656e-06
1.264994119370919446e-06
0.000000000000000000e+00
6.552674503442572872e-04
3.162480333325427655e-04
1.095484907375200018e-03
6.381893842695727896e-03
3.393979222272200304e-03
4.667823335376427673e-04
8.627264859211575525e-04
2.392103879730400531e-03
0.000000000000000000e+00
3.162480333325427655e-04
3.162480333325427655e-04
1.467394171490614581e-03
6.526102179283617237e-03
3.825341223957285340e-03
3.472406871632370377e-03
0.000000000000000000e+00
0.000000000000000000e+00
4.856308948693599525e-03
1.401613980773157471e-03
1.191118760705784339e-02
9.791064414134144876e-04
6.300935708586600549e-03
1.697622108195701723e-03
4.053039172423670428e-03
5.476162025307685331e-03
0.000000000000000000e+00
7.273712710811499824e-03
9.070017766093143446e-04
1.036030680274957309e-03
4.503379561470657357e-03
4.427472466655599584e-03
9.487440999976297059e-04
9.487440999976297059e-04
1.280300448913278440e-02
1.364674960863089537e-02
1.396553507785499660e-03
2.770083973645422887e-02
5.751930246820326914e-03
7.954277560992267446e-03
1.555952697029139363e-04
2.834852814530614950e-03
4.154241184524257342e-03
1.264992133330171062e-03
9.376131447675425598e-03
2.268132469991271122e-03
1.264994119370919446e-06
1.011995295496748601e-05
1.722922338140349396e-02
1.781617618419988752e-02
6.941021243457727412e-03
7.527980997396809329e-03
9.487440999976282964e-04
1.927471440383459259e-02
1.948090943831200022e-03
6.312335550966714608e-04
9.801172947355425366e-03
4.352842778714571988e-03
3.219410530309157505e-03
3.817751755751242707e-03
3.053695307651242957e-03
2.909486474553155913e-05
1.629313418770115228e-03
3.162480333325427655e-04
5.059976477483741313e-06
1.518499685658155143e-02
3.162480333325427655e-04
6.324970596854693582e-06
5.059976477483741313e-06
0.000000000000000000e+00
3.225739969497572754e-04
4.317425425923156722e-03
0.000000000000000000e+00
4.870232324679572128e-04
3.364884357525999860e-04
0.000000000000000000e+00
