1.897392000000000053e+03
2.120849097201472659e+02
1.051884770510219980e+01
1.545416069838872204e+02
3.622204412999783241e+00
2.312545119814995390e-69
5.102951409666547573e-102
1.053451043176577606e+01
1.055953498714865546e+01
1.056105498083567440e+01
1.065055568566588562e+01
1.065405414791955430e+01
1.066163276811350613e+01
1.066266459125612975e+01
1.067927271453797466e+01
1.069480810367983992e+01
1.070577454197931644e+01
1.055383330259896724e+01
1.059986129356585494e+01
1.064976602369925018e+01
1.067516756828413271e+01
1.070049014675922550e+01
1.070888320513557090e+01
1.070586868464546271e+01
1.070159407086842052e+01
1.068803764225992126e+01
1.068193235235412608e+01
5.267767419398544648e-01
6.462696484323170409e+01
1.346594761832602494e+01
5.143877209726682243e-04
1.252194048033630830e-05
0.000000000000000000e+00
0.000000000000000000e+00
5.174454666996203400e+01
1.524818724549987508e+02
0.000000000000000000e+00
7.508933462149476767e+00
1.520008476638103234e+00
7.966420414047926897e+03
3.553152772825414640e+00
3.607527191885739198e-02
1.129935092212458358e+03
6.755779219899428201e-01
1.534410997742507776e+00
1.989293771182671478e+01
4.066902450778549394e+00
2.549345351025368855e-01
8.898404332260579919e-01
2.747687164269750681e+00
1.140855032173622163e+01
1.121945906976341778e+00
1.412904221816674806e+02
4.928421687658082817e+01
1.602117122609522326e+01
5.529830151226767043e+01
4.023546250638379007e+00
1.404802377840144700e+01
5.196192362057096226e+00
1.273093074434580529e+00
2.042522682551434698e+01
5.922788391494162585e-01
1.088155541863228564e+02
1.155836782459350331e+01
4.204838963269192931e+00
4.143099645415028931e+01
3.443596814795367500e+00
3.900543213750146343e+00
6.841827022926076918e-01
7.116751451364964964e+01
7.300442577186486703e-01
9.402884088661194184e+00
2.651895552265993672e+01
1.674039406344283876e+01
8.390138682239865753e-02
1.497720318032879916e-01
8.997253450626927588e+03
2.007690960047645135e+00
2.898763103414925268e+00
3.478930629434672794e-01
3.187460999582488602e-02
3.623348512930009424e-02
2.372893073600703274e-03
0.000000000000000000e+00
5.093467047770334766e+00
0.000000000000000000e+00
0.000000000000000000e+00
5.504004726304725370e-01
0.000000000000000000e+00
1.653888953765309466e+01
0.000000000000000000e+00
6.296166744274403785e-04
2.861573478110385118e-03
5.680618678993806469e-06
8.260204670953491757e+01
8.211989574777147152e-03
7.914785232825934178e-05
4.855293441491716600e+00
1.213127578344794535e-09
2.503686461693440982e-05
3.925715679072142153e-09
1.654844343946496821e+01
8.198854795859462474e-05
3.273466682818518052e+02
8.106082080513334144e-07
3.840829207939447931e-01
6.628060050162820005e+01
1.195495993430581780e-04
2.658311797483540556e-06
4.271962065888656213e+01
3.479055111219659020e-04
1.135934658862874898e+02
9.538818243297140480e-08
1.119833551712925653e-04
1.503597843054100885e-03
6.101174862446306690e+00
2.814747102293886985e-02
7.148380638023472781e-05
1.334183896701480717e-03
1.615660171377272539e-07
2.997573421961466611e-06
2.259985755137123306e+03
1.153419603545224418e-06
1.190083665768898111e-04
1.734895727964261459e+04
1.187029334625219236e-02
1.187463526312155376e-01
1.833372924993233255e+03
1.254407918021023050e-03
9.137124011634412124e-03
8.313823232335126531e-03
3.071847728839728620e-02
4.033813315533660557e-07
3.343687110833153397e-01
5.870551540593487814e-11
1.031203498370948249e-12
1.226494913440577831e-12
4.009137566516898462e-04
1.058427520608085335e-10
1.444611500766499468e-01
6.088181527530005965e+00
1.927393737383802517e-11
2.145418085976391944e-12
1.135831491865817135e-12
2.513226877068535781e-09
2.825373403973019602e-10
1.490615147566314978e-10
4.706266951883833724e-12
1.687677068253508104e-18
6.269804557261565277e-10
8.902299141917268114e-13
1.786662205956668769e-10
1.451203577896776822e-14
3.620624867795064294e-09
3.645742559451359652e-12
7.214609941150783300e-16
4.880023517315961713e-18
6.097466416117848726e-19
2.625031993301587712e-16
3.322512178991017445e-17
1.311503162325727231e-17
0.000000000000000000e+00
2.842729748573091442e+01
5.376076933608302255e+01
2.131185692988539775e-04
4.031241407061359632e-04
4.946798137852886928e-05
2.280770335601334714e-13
4.313639570328285588e-13
0.000000000000000000e+00
1.347882447915558934e+01
2.160542759311395657e-04
1.978435385844536931e+00
4.115787560894930419e-02
1.248170131245837991e-02
8.080965928833631073e-01
6.058297062929094997e-06
1.406218269726682981e-06
6.483444050339014114e-15
4.541971793171225510e-11
1.054257268931690132e-11
4.860709154226538414e-20
1.128240815103772680e-20
5.201814225423523087e-29
1.816776287062007167e-01
3.914181352577419601e-03
1.640783578446635582e+00
5.113520453408990085e-02
3.707921147913906837e-16
5.505308166432617776e-24
2.550433902254360033e-32
1.946698213036265349e-17
5.669195676645838269e-20
1.072725866687850259e-17
3.038214082814941812e-19
0.000000000000000000e+00
8.527910691865212738e-15
6.806542602725660974e-20
7.192999831583657236e-29
1.047471514323222275e-27
1.329176402183615258e-22
2.720321282003893177e-28
0.000000000000000000e+00
1.205715692827421537e-36
4.849278468161272396e-36
0.000000000000000000e+00
6.163281382379375470e-31
1.117738354843414597e-36
5.161806219181723714e-45
2.244480396857113433e-16
1.863745295927492822e-38
1.468636739617201975e-16
5.978725141088247195e-18
0.000000000000000000e+00
2.353280868314330662e-31
1.446031963481027184e-38
2.865669242955319585e-47
5.431231327631816021e-47
4.168868859362235716e-55
1.042148529536177939e-63
7.904346911492288353e-34
1.606342836841890842e-41
1.120413008161681974e-33
6.094916875140233176e-36
0.000000000000000000e+00
5.377114247614266596e+00
4.031262669821770371e-05
4.314165084201473722e-14
3.017586939214155412e-19
0.000000000000000000e+00
8.371938950173766639e-15
2.310243172505718180e-31
6.759779771277606864e-20
1.435900784970026281e-38
7.143726904699619724e-29
2.845868672717752059e-47
1.046386012095727428e-27
0.000000000000000000e+00
1.319850139377166199e-22
1.204298900850050500e-36
4.163446809741142104e-55
4.844337348951798977e-36
0.000000000000000000e+00
6.121209269580450884e-31
1.116460182268661260e-36
5.156104695026374660e-45
1.040976391029997899e-63
2.242418112866288239e-16
7.896405612484525284e-34
1.604049776341755596e-41
1.861051021480431751e-38
1.119116517909160630e-33
1.466865828047632439e-16
5.971558659962831702e-18
0.000000000000000000e+00
6.086792326478623199e-36
0.000000000000000000e+00
6.872684462742935579e-18
0.000000000000000000e+00
6.930478323789026751e-36
0.000000000000000000e+00
2.118546211227510119e-23
0.000000000000000000e+00
5.939182891533517150e-19
1.618648362094889777e-35
4.741161139613503643e-24
9.960292522583041500e-43
4.967174615887781195e-33
1.954044422815075859e-51
7.443217060103427413e-32
0.000000000000000000e+00
9.278084547224151896e-27
8.467483950892610543e-41
2.891150989920431365e-59
3.405358845622689523e-40
0.000000000000000000e+00
4.251514000884984373e-35
7.836174477864010669e-41
3.583431133307836241e-49
7.149303885628627998e-68
1.584598718608676696e-20
5.512992361409005691e-38
1.108062013541805669e-45
1.285107206155137418e-42
7.895586379414864544e-38
1.036917573889375944e-20
4.207126696470123887e-22
0.000000000000000000e+00
4.239346310559144278e-40
0.000000000000000000e+00
2.212002071051370572e-18
0.000000000000000000e+00
1.713899585411296112e-13
4.594752429224837816e-30
4.945928242483638043e-19
1.024122629993461009e-37
5.121956198971054291e-28
1.982847949977520517e-46
5.958800189511341670e-28
0.000000000000000000e+00
9.702089613330915711e-22
6.745314608413965338e-37
2.291278518421415509e-55
2.712759105626601392e-36
0.000000000000000000e+00
4.377787387728377379e-30
6.238104717118470379e-37
2.841212738971808505e-45
5.641833396242535112e-64
1.276743803549380169e-16
4.418606016596247832e-34
8.760969329911364530e-42
1.016402961024164025e-38
6.354798053236259413e-34
8.351857041984747495e-17
1.450782109712645872e-17
0.000000000000000000e+00
1.213603114589421589e-35
0.000000000000000000e+00
2.213956182877156494e-18
0.000000000000000000e+00
1.715390235106521555e-13
4.598809424184464574e-30
4.950301782499609508e-19
1.025040357022916814e-37
5.126533375764787874e-28
1.984646814170550809e-46
5.967278774958374097e-28
0.000000000000000000e+00
9.710648219768831363e-22
6.754993387956332145e-37
2.294596014880844910e-55
2.716652033926994027e-36
0.000000000000000000e+00
4.381704717283683832e-30
6.247066860011308358e-37
2.845323741897395031e-45
5.650066809960920561e-64
1.278560405776692271e-16
4.424948633523586901e-34
8.773703943373781476e-42
1.017880412358724706e-38
6.363851973185586867e-34
8.363740084900134484e-17
1.450895419624489938e-17
0.000000000000000000e+00
1.213714126864064400e-35
0.000000000000000000e+00
1.765628699669813561e-17
0.000000000000000000e+00
1.475028277810772921e-35
0.000000000000000000e+00
1.159583773016005601e-22
0.000000000000000000e+00
3.575015860397242092e-18
9.859251069491601466e-35
2.309106368538408861e-23
4.901967625309720333e-42
3.353607021840734928e-32
1.335429946838742324e-50
3.128179073963868475e-31
0.000000000000000000e+00
4.508735778488745749e-26
4.626896441411935152e-40
1.598898448902255627e-58
2.067990351867639168e-39
0.000000000000000000e+00
2.873105832842201528e-34
4.288909701021971408e-40
2.640113304295359757e-48
5.328015332602913605e-67
1.915012080280227187e-20
6.741178616023882030e-38
6.842277790094539320e-46
7.938765790135356470e-43
3.822730559652278140e-37
5.010992786363179345e-20
1.467241075447875058e-21
0.000000000000000000e+00
1.479223520470888179e-39
0.000000000000000000e+00
8.512165982404221262e-22
0.000000000000000000e+00
7.328092022097385465e-17
1.964569653641850261e-33
1.691812536794663177e-22
3.503129472009582591e-41
2.409020057398319994e-31
9.326015809371830183e-50
1.784462280463593339e-31
0.000000000000000000e+00
3.318713375746673692e-25
2.597123554701158559e-40
8.822069404055653623e-59
1.160543781369523803e-39
0.000000000000000000e+00
2.059024962254411851e-33
2.401847564441480417e-40
1.458596251085974702e-48
2.896352272079620150e-67
1.092406472049609684e-20
3.780642111476039740e-38
3.747833860186316384e-46
4.348045615332939860e-43
2.174805427258599481e-37
2.858260052559080744e-20
3.771359606236034009e-21
0.000000000000000000e+00
3.150610262512179759e-39
0.000000000000000000e+00
4.937555902564234813e-20
0.000000000000000000e+00
1.368894291302491456e-15
3.778811351358304566e-32
8.294960702862760334e-21
1.760861138925551756e-39
8.763822758389091673e-30
3.490525328878989044e-48
1.284157042432353814e-28
0.000000000000000000e+00
1.619751712343220709e-23
9.850091394984208050e-38
3.404494771261580691e-56
5.944100552023403787e-37
0.000000000000000000e+00
7.510274921833614417e-32
9.132406145753292873e-38
4.216789321745266410e-46
8.511271430538546582e-65
3.669458785150002388e-17
1.291853869906314273e-34
3.278934576310034439e-42
3.803828040018942359e-39
9.154732265747638496e-35
3.600055465777836941e-17
4.216952659072409051e-19
0.000000000000000000e+00
4.251182078868443926e-37
0.000000000000000000e+00
7.834335079412365553e-20
0.000000000000000000e+00
1.086731646668966698e-15
2.994059288466327626e-32
4.389113750380158484e-20
9.306940314725961340e-39
1.851030028497422899e-29
7.360453859081417146e-48
8.152295428246878236e-28
0.000000000000000000e+00
8.540049414463521199e-23
9.364153509284716906e-37
3.231330447807748173e-55
1.883686647631112813e-36
0.000000000000000000e+00
1.587584119227670726e-31
8.685231507334800130e-37
1.999735653645552070e-45
4.038278296965058390e-64
8.746459025294198243e-17
3.074228335070862974e-34
6.167577145584443926e-42
7.154638492643773856e-39
1.016554844337487927e-33
1.523236033249511637e-16
4.650295170090317987e-18
0.000000000000000000e+00
4.680795483046155422e-36
0.000000000000000000e+00
6.310208570130236786e-20
0.000000000000000000e+00
8.753269924244234921e-16
2.415062510020608870e-32
3.534376177766202432e-20
7.506454756095775953e-39
1.493648330618679608e-29
5.950100542921934767e-48
6.565778199867572252e-28
0.000000000000000000e+00
6.901090148391102472e-23
7.554243906024618257e-37
2.611527512155002041e-55
1.519591043121218239e-36
0.000000000000000000e+00
1.279985690587410242e-31
7.003949772360310143e-37
1.617117588136843420e-45
3.264264482448182543e-64
7.035041937137078152e-17
2.476884316177659455e-34
5.026481373184528822e-42
5.831734472602542188e-39
8.185999692186411361e-34
1.226282835948522075e-16
3.772621145273538977e-18
0.000000000000000000e+00
3.803699096573897315e-36
0.000000000000000000e+00
1.446943551644483525e-21
0.000000000000000000e+00
1.245666755745201524e-16
3.339432781244944269e-33
2.875848623096215535e-22
5.954768482462435791e-41
4.094939826435568352e-31
1.585258410066015534e-49
3.033356617121811081e-31
0.000000000000000000e+00
5.641368186386387491e-25
4.414696925128796375e-40
1.499601319997317242e-58
1.972751544104299917e-39
0.000000000000000000e+00
3.500022685189221776e-33
4.082776458846874101e-40
2.479367192940196626e-48
4.923248915549784300e-67
1.856950706995183257e-20
6.426525914158125911e-38
6.370332298978211031e-46
7.390534165376799107e-43
3.696702987393350215e-37
4.858438638263271302e-20
6.410768444151169183e-21
0.000000000000000000e+00
5.355546708158015112e-39
0.000000000000000000e+00
9.954440465817962006e-21
0.000000000000000000e+00
3.068970942268783960e-16
8.463662367592252942e-33
1.982251219666189060e-21
4.208087813078628860e-40
2.878900042159757487e-30
1.146397559380329888e-48
2.685384521798464581e-29
0.000000000000000000e+00
3.870522247179346017e-24
3.971955497533168931e-38
1.372572179764545894e-56
1.775264636517763785e-37
0.000000000000000000e+00
2.466413717878831020e-32
3.681810373579550528e-38
2.266401596495876804e-46
4.573824574167866049e-65
1.643941190234866735e-18
5.786958549685582341e-36
5.873741260594788017e-44
6.815019730134346367e-41
3.281621104909848174e-35
4.301684729644104674e-18
1.259552309771016491e-19
0.000000000000000000e+00
1.269838179131253164e-37
0.000000000000000000e+00
4.486932251373841743e-19
0.000000000000000000e+00
1.243917910549139140e-14
3.433882119383832388e-31
7.537894994258530171e-20
1.600099520653046242e-38
7.963868971992996439e-29
3.171881478627351686e-47
1.166959882366849510e-27
0.000000000000000000e+00
1.471926938742463624e-22
8.951012253421205923e-37
3.093709403328371448e-55
5.401577855063684081e-36
0.000000000000000000e+00
6.824782128408847425e-31
8.298867810734925144e-37
3.831878955095855963e-45
7.734271322042430824e-64
3.334577926870350770e-16
1.173944553443067626e-33
2.979618195794962715e-41
3.456576057791222090e-38
8.319213625150534425e-34
3.271501516455517429e-16
3.832089261002351724e-18
0.000000000000000000e+00
3.863142176053614496e-36
0.000000000000000000e+00
7.753685226627581608e-19
0.000000000000000000e+00
1.075544254720089257e-14
2.963207131320391038e-31
4.343938463290939151e-19
9.211044750799825347e-38
1.831951225994513705e-28
7.284497039671018022e-47
8.068378205161957737e-27
0.000000000000000000e+00
8.451941943073487075e-22
9.267652952940216048e-36
3.197989998730375959e-54
1.864275071484785705e-35
0.000000000000000000e+00
1.571230018417064564e-30
8.595749896116804495e-36
1.979094420395255133e-44
3.996606928851570866e-63
8.656504372136301744e-16
3.042574687633397880e-33
6.103577531503511688e-41
7.080389259587363124e-38
1.006091642056726167e-32
1.507560526049325905e-15
4.602455275320252762e-17
0.000000000000000000e+00
4.632630867152388294e-35
0.000000000000000000e+00
0.000000000000000000e+00
0.000000000000000000e+00
0.000000000000000000e+00
0.000000000000000000e+00
0.000000000000000000e+00
0.000000000000000000e+00
0.000000000000000000e+00
0.000000000000000000e+00
0.000000000000000000e+00
0.000000000000000000e+00
0.000000000000000000e+00
0.000000000000000000e+00
0.000000000000000000e+00
0.000000000000000000e+00
0.000000000000000000e+00
0.000000000000000000e+00
0.000000000000000000e+00
0.000000000000000000e+00
0.000000000000000000e+00
0.000000000000000000e+00
0.000000000000000000e+00
0.000000000000000000e+00
0.000000000000000000e+00
0.000000000000000000e+00
0.000000000000000000e+00
0.000000000000000000e+00
0.000000000000000000e+00
0.000000000000000000e+00
0.000000000000000000e+00
1.526304722675143610e+00
7.183298134777531220e-05
7.845694518795266248e+00
8.420618858323952338e+01
1.110745298859739660e-01
2.099015366566272522e+00
2.086961185922600137e+01
3.234849614718324218e-02
1.488689531345217354e+01
4.559250057585361837e+00
1.127750549133670018e-10
3.661217321661190294e+00
3.074418871209733913e-10
2.739312715905882889e-11
0.000000000000000000e+00
0.000000000000000000e+00
1.211182998791325557e-12
4.200438738345168774e-03
5.087497125679598109e-17
1.687919238300007052e+01
1.716900310131517017e+03
1.839413728748947374e+00
0.000000000000000000e+00
2.175304296769159862e+01
1.151652943358812964e+00
1.908567907315287693e+00
2.339464895874145828e-02
7.254403006877016558e-02
4.959628861601485710e+02
1.202947122971614675e+02
2.915029214780662983e+02
1.057621727377987667e-11
7.628334520582952472e+00
1.373109480869850358e+02
1.116186409580335237e+02
2.111309180913868033e+01
5.357373782508013704e+01
1.120326203311567636e-13
1.450856561298113047e-11
6.968741458204710937e-10
1.207754995107192590e-09
2.149640791160117459e+01
2.560544302112066372e-09
6.467212024159856298e-01
1.377531650908006000e-01
6.892613002867978289e-02
2.002716931389825845e+02
1.617506631615312034e-13
9.996240405146290868e+03
3.586494696695681661e+00
4.273470829780404157e-01
7.664829927017307032e-01
2.368422835400810200e+01
8.281900894867702534e-02
8.282400053800089701e-01
1.035231716842628735e+01
3.712601826250404580e-01
1.195815555622472132e-01
5.745923821843132440e-02
3.694208918686178844e+00
2.081480996494009084e+00
8.585297183091328971e-03
1.987496779883699389e+02
1.495631393643506790e+01
3.284965623960943437e-02
5.588887053848204944e-01
8.124363927711972799e-01
1.834666403522707268e-01
2.133991341010569798e+01
2.584057362681372465e-13
7.890253964868079329e-11
3.411116386294569338e+02
0.000000000000000000e+00
3.726809748696087610e+01
3.141710241384699742e+01
2.080721685764933113e+02
2.298320362930127148e-01
8.346197019466569111e-01
6.214243047372985274e+01
0.000000000000000000e+00
1.057623345246088740e-11
2.902637348221374580e+01
2.409447202426561029e-10
4.128087282627408428e-01
1.025210943888067828e-10
3.825609234451070534e-04
2.101028787096407072e-02
2.178398375729060366e-01
7.940497087110103359e-17
5.174632859205103436e-02
0.000000000000000000e+00
5.996509859173061452e-01
1.454438429776770403e-01
5.431879592651320365e+00
4.579074543973566058e+00
2.111329113989823369e+01
5.455191202959676725e-15
1.398324586280377745e-14
3.393900246047207311e-11
8.698652604079569421e-11
8.013072257797043219e-14
1.393343523765412997e-03
9.485482121241578784e-04
8.296886984752185022e-04
1.496468997551247404e-01
2.314465156805640012e-03
5.814282148025613078e-02
0.000000000000000000e+00
1.028008641089248633e-13
7.228379683450470430e-13
8.652563120493958829e-04
1.135361797152357358e-13
3.020009389923751501e-13
0.000000000000000000e+00
1.809096512080560301e-12
3.807998180457766030e-02
1.449890786932212547e-04
6.537189340874268373e-04
1.585579828350289721e-04
1.093065999178044905e+02
4.497768317745344469e+00
3.641058600583963467e-01
9.029095787605418977e+00
2.189978793578099214e+00
6.897527988004418020e+00
0.000000000000000000e+00
0.000000000000000000e+00
0.000000000000000000e+00
0.000000000000000000e+00
6.026741112335975714e+01
6.587510384670139274e+01
0.000000000000000000e+00
0.000000000000000000e+00
0.000000000000000000e+00
0.000000000000000000e+00
0.000000000000000000e+00
3.275071264581870794e-03
4.039125230130985629e-03
4.098580946760998372e-04
1.182769998121957229e-03
2.605887885904099952e-03
5.376216566653199691e-03
5.376216566653199691e-03
5.376216566653199691e-03
5.376216566653199691e-03
2.145430125755141276e-02
3.794982358112791161e-06
1.263096528889838532e-02
5.376216566653199691e-03
5.376216566653199691e-03
5.376216566653199691e-03
5.376216566653199691e-03
5.376216566653199691e-03
5.376216566653199691e-03
5.376216566653199691e-03
5.376216566653199691e-03
5.376216566653199691e-03
5.376216566653199691e-03
5.376216566653199691e-03
5.376216566653199691e-03
5.376216566653199691e-03
5.717773419555999964e-04
9.420411206955300182e-03
4.703248135821100177e-03
1.498765032630679922e-02
2.770337121422000162e-04
2.087240296962000101e-04
1.361133672443100382e-03
2.455352096168328131e-03
5.579887571014528584e-03
5.295261908115398743e-03
3.162480333325427655e-04
5.711447455939286030e-03
2.098626237056714239e-03
2.447765607023428668e-03
1.397818005394642522e-03
2.212474218269543363e-03
2.986650271767452708e-02
4.399650043682258073e-03
7.589964716225612816e-06
3.591321283955141701e-03
1.629059178670791072e-02
6.629836662173985845e-03
4.169420518144568294e-02
5.645667761732084573e-03
0.000000000000000000e+00
1.884846202964572583e-04
1.216544497041889723e-02
6.793018421020998506e-04
4.085931005567999840e-04
5.199145691021280630e-04
2.785516554344544260e-03
2.023990590993499574e-05
4.979015364313429080e-03
4.080238358252382125e-01
1.240706381232067196e-02
1.264994119370919446e-06
0.000000000000000000e+00
3.509094183645157603e-03
2.529988238741870656e-06
1.264994119370919446e-06
3.288984710364429312e-05
1.920259583674428349e-03
0.000000000000000000e+00
1.411732940707742783e-03
6.698141876028270228e-03
2.761483155607114773e-03
0.000000000000000000e+00
3.162480333325427655e-04
2.075855846397856464e-03
2.656487650678969017e-05
5.059971512381427781e-04
1.264992133330171062e-03
8.348981048255290499e-04
3.996117912623271644e-03
7.936565657280342592e-03
3.156158838299828479e-03
5.059976477483741313e-06
0.000000000000000000e+00
1.693828615368171871e-03
2.350358080770785767e-03
1.728740417371107257e-02
1.611602508078500019e-03
9.463416041912028204e-03
2.962614241525871051e-03
3.736791139091127662e-03
1.085237859196091191e-02
0.000000000000000000e+00
6.957464677478956624e-03
1.855745876606942424e-03
1.352278713607500075e-03
5.452123661468285219e-03
1.897488199995257677e-03
5.617693569571407250e-19
3.850638623793700699e-03
1.217050842246769106e-02
8.270533041977667921e-03
1.080305474452957328e-03
2.675209563645659927e-02
8.914410580145755436e-03
4.159301161001756862e-03
1.555952697029143700e-04
3.467348881195700481e-03
4.470489217856799674e-03
1.493957558466842616e-03
6.213651114349996209e-03
3.706442699960144755e-04
1.264994119370919446e-06
1.011995295496748601e-05
2.323793601472181475e-02
1.591868798420462486e-02
5.992277143460099549e-03
7.211732964064266997e-03
4.288335029768572588e-04
1.579598603717661046e-02
1.315594877166114708e-03
1.263729621761756992e-03
1.454489344734356468e-02
3.720346712049486023e-03
3.219410530309157505e-03
4.133999789083785473e-03
3.369943340983785722e-03
2.909486474553155913e-05
1.945561452102657126e-03
0.000000000000000000e+00
5.059976477483741313e-06
2.214245358989749834e-02
0.000000000000000000e+00
6.324970596854693582e-06
5.059976477483741313e-06
4.933477065546644307e-05
1.271318096947385680e-03
3.684929359258071191e-03
3.162480333325427655e-04
8.032712658005000325e-04
3.364884357525999318e-04
0.000000000000000000e+00
