1.897392000000000053e+03
2.882310717276150172e+02
6.917062147746005252e+00
1.420945937867664668e+02
2.040448314019091658e+00
5.235451994911901179e-76
4.413945673697773646e-102
6.902552282560157515e+00
6.877074059487403801e+00
6.875517320491725926e+00
6.725716418856065637e+00
6.719713724189285919e+00
6.705934753403631099e+00
6.704043341683473933e+00
6.667846635121875032e+00
6.622784506371922397e+00
6.563605280207435833e+00
6.882301266908613435e+00
6.828320790732688828e+00
6.754639614274755566e+00
6.710184888976708173e+00
6.648966615792145873e+00
6.522567884879455491e+00
6.476030028274498029e+00
6.447025760222311774e+00
6.399139189298201025e+00
6.380921675671226367e+00
9.986139001918626912e-01
6.356714464118811492e+01
1.642220028462854842e+01
2.392875490297237851e-04
1.242429405192651716e-05
0.000000000000000000e+00
0.000000000000000000e+00
5.869242918498184736e+01
1.524577187241135618e+02
0.000000000000000000e+00
7.306625902085568391e+00
1.549378696182122761e+00
7.973080779396454091e+03
3.168311085671119631e+00
3.308659070617440967e-02
1.127772665391504916e+03
6.924891199845512046e-01
1.484714216981996682e+00
1.826236812619874073e+01
3.725602673250329122e+00
2.547421408024113099e-01
8.895986103933776201e-01
2.746782623774004506e+00
1.140882084418020881e+01
1.121966423749213293e+00
1.412889193924214055e+02
4.921705631002679127e+01
1.602238350359078467e+01
5.529828954329580171e+01
4.021909386756775007e+00
1.404073864563975960e+01
5.220403218411447277e+00
1.279379738810453970e+00
2.043373613856965676e+01
5.961674056899126661e-01
1.088077145437835753e+02
1.160561632327901016e+01
4.204574556152492981e+00
4.156676786239133747e+01
3.443718274571653915e+00
3.900649571312020836e+00
6.841988713988439441e-01
7.116750810330550792e+01
7.300627563564767719e-01
9.402908313691639819e+00
2.651894593967630342e+01
1.674039879976158929e+01
8.392802238508338675e-02
1.497720318032879916e-01
8.987629779672326549e+03
1.784760406179987324e+00
2.896927691488865531e+00
3.168778339467164251e-01
3.184919436115413865e-02
3.638087854526212556e-02
2.371413962165431696e-03
0.000000000000000000e+00
4.819883659614965232e+00
0.000000000000000000e+00
0.000000000000000000e+00
7.478205048868131755e-01
0.000000000000000000e+00
1.742864265830036530e+01
0.000000000000000000e+00
6.357640935922251497e-04
2.861525135348845592e-03
5.734912240813449222e-06
8.659631346522495221e+01
8.690188599427134397e-03
7.215198913374541777e-05
4.937145042645417092e+00
1.124534565430681523e-09
2.303713561903522787e-05
3.806489422500081080e-09
1.921227721079199924e+01
8.677231185359112972e-05
3.269979682925248881e+02
7.381658909477771586e-07
3.804230979468227747e-01
6.722040954786227474e+01
1.224215289846117011e-04
2.703912030672568170e-06
4.229333378338174043e+01
3.501339276840691878e-04
1.185769382240399210e+02
1.012814177327864894e-07
1.222195566022164011e-04
1.644205414039590085e-03
6.039982138415073365e+00
3.047503136562596665e-02
8.547946098150780748e-05
1.588338713171508296e-03
2.310357948827852010e-07
4.314803042214557245e-06
2.259976332169713714e+03
1.649391472239677099e-06
2.023914517584411558e-04
1.750748399738172884e+04
2.037191713392942638e-02
2.043470408697790341e-01
1.797740356174504541e+03
2.091872299742546584e-03
1.446371525765981561e-02
1.432632811202357373e-02
1.215631522076513898e-01
2.750710139764146770e-06
3.890165535874043901e-01
1.895472339169677137e-10
2.228855380581137855e-12
2.728998162758676839e-12
5.595656676398807041e-04
2.614745394760493113e-10
2.334294367842057460e-01
6.103195807666960349e+00
1.652762310252224936e-11
1.060654584598913157e-12
8.871038684820864164e-13
2.138922504258869110e-09
1.413133340649329801e-10
1.176229192369852180e-10
4.866510812572576309e-12
1.821649332428665928e-18
6.234233081386537470e-10
8.479142472200557842e-13
1.691949353749267454e-10
1.223069244248477647e-14
2.890330917472380324e-09
2.879710322459354977e-12
8.394157934520606552e-16
4.894308318225577211e-18
6.115048110375013216e-19
2.287489859957352451e-16
4.982964824208562218e-17
1.144688834547336274e-17
0.000000000000000000e+00
2.318624607092623435e+01
4.039306931616394536e+01
2.256531754381988560e-04
3.931709240906002966e-04
4.989939906912356965e-05
2.420869951820238337e-13
4.217509844163081477e-13
0.000000000000000000e+00
1.499446442713350081e+01
2.160542760381804338e-04
2.028840611149391293e+00
2.600547188169630500e-02
1.207121097258881393e-02
5.375958913659009131e-01
5.231982868749797962e-06
1.156964747843806830e-06
5.612951054505503756e-15
5.091939848504602416e-11
1.125996596441235698e-11
5.462710764648889005e-20
1.207986329640702125e-20
5.860479461680909564e-29
2.248322319823480575e-01
4.116211383371014450e-03
1.223010208291153811e+00
4.617404214854060190e-02
4.874171196474274595e-16
7.097804316147612242e-24
3.554309991323248071e-32
1.954885789708947853e-17
4.941811833277605210e-20
1.223843208971770319e-17
4.293834310414394315e-19
0.000000000000000000e+00
9.405574167831064362e-15
9.110505265758698234e-20
1.009056437887291842e-28
1.418783510732566536e-27
1.408705649097453566e-22
3.536149206119373348e-28
0.000000000000000000e+00
1.637075775805650471e-36
7.111143093679613617e-36
0.000000000000000000e+00
7.092850398331055544e-31
1.557883725796488840e-36
7.579543608738029176e-45
2.504444715333913940e-16
1.671593787263468032e-38
1.478247878165598773e-16
4.424545486456986168e-18
0.000000000000000000e+00
3.253646605238341422e-31
1.935172476439986842e-38
4.082317012227304035e-47
7.441225498259133541e-47
5.923429774055641007e-55
1.631694196135013572e-63
8.520838663350027517e-34
1.220763479293506248e-41
1.511644574396839111e-33
4.170606437590738808e-36
0.000000000000000000e+00
4.039850233367980437e+00
3.931700086131039552e-05
4.217992319683014655e-14
4.271978762813609189e-19
0.000000000000000000e+00
9.278426886389273341e-15
3.209608208449327271e-31
9.063168360619467765e-20
1.924848933847821544e-38
1.003858445172559138e-28
4.061046461390632624e-47
1.417456302707680705e-27
0.000000000000000000e+00
1.401222840030371220e-22
1.635305074812158874e-36
5.916206709453834544e-55
7.104743786120905499e-36
0.000000000000000000e+00
7.056665587287301741e-31
1.556257599821963966e-36
7.572039372400673237e-45
1.630036928462730463e-63
2.502530923637709784e-16
8.513560086576709817e-34
1.219502816191765947e-41
1.669798009209223609e-38
1.509509865857322355e-33
1.476401398215489578e-16
4.419856768404077733e-18
0.000000000000000000e+00
4.166003610851060284e-36
0.000000000000000000e+00
5.266235965461507037e-18
0.000000000000000000e+00
4.946685772092440188e-36
0.000000000000000000e+00
2.975940053160680504e-23
0.000000000000000000e+00
6.537385196877345178e-19
2.227671278350836976e-35
6.313255151678205832e-24
1.326711628197762854e-42
6.927219534887961840e-33
2.770179037026556177e-51
1.003155758882191298e-31
0.000000000000000000e+00
9.824763494065357068e-27
1.143975304669711203e-40
4.087206045270649689e-59
4.963910692080751529e-40
0.000000000000000000e+00
4.883708100969344946e-35
1.087406379538199011e-40
5.230561504266509935e-49
1.111817869933980034e-67
1.762902020793424398e-20
5.927123310834879665e-38
8.696883400880600019e-46
1.185440888792118774e-42
1.032897702874879823e-37
1.030657813943929403e-20
3.150284805636254074e-22
0.000000000000000000e+00
2.959501715001349083e-40
0.000000000000000000e+00
2.295294986447912918e-18
0.000000000000000000e+00
1.397753402187853007e-13
4.670583122846204395e-30
4.867377434432221955e-19
1.008956649939221512e-37
5.278333190528277981e-28
2.080739800133739164e-46
6.319891438093310991e-28
0.000000000000000000e+00
7.636887715120714195e-22
7.171310617009949639e-37
2.548915843160228615e-55
3.111108649097201541e-36
0.000000000000000000e+00
3.735235695769620101e-30
6.814340228244402668e-37
3.262833451810628653e-45
6.901007766513165019e-64
1.118604091245325285e-16
3.741878769177654380e-34
5.495385567615530786e-42
7.474165000913000895e-39
6.469838571543755504e-34
6.510325708255860347e-17
9.993952300825348186e-18
0.000000000000000000e+00
8.092048147576715163e-36
0.000000000000000000e+00
2.297328719078746697e-18
0.000000000000000000e+00
1.398966565238275072e-13
4.674710770016935323e-30
4.871691170997097478e-19
1.009862238855847071e-37
5.283062990014389766e-28
2.082629940570709534e-46
6.328897101775632813e-28
0.000000000000000000e+00
7.643604619665872978e-22
7.181615992574695054e-37
2.552612110692297935e-55
3.115582730736154470e-36
0.000000000000000000e+00
3.738571123151629363e-30
6.824140220411967199e-37
3.267564572444830083e-45
6.911106003827130448e-64
1.120195857092683846e-16
3.747249226774562139e-34
5.503174429900347044e-42
7.484794456003764861e-39
6.479244647820324534e-34
6.519653728262083481e-17
9.994652706037170804e-18
0.000000000000000000e+00
8.092686301167153978e-36
0.000000000000000000e+00
1.253157840638859822e-17
0.000000000000000000e+00
1.013791454456162229e-35
0.000000000000000000e+00
1.858773365753134421e-22
0.000000000000000000e+00
4.486781869727954043e-18
1.551037102071652168e-34
3.505574960056302720e-23
7.441098712425081042e-42
5.336206824885932844e-32
2.157944628730058298e-50
4.798160073556171836e-31
0.000000000000000000e+00
5.420806346786068593e-26
7.114361843965344979e-40
2.572801403609263421e-58
3.434204587239442479e-39
0.000000000000000000e+00
3.751057417231073997e-34
6.769809553454065735e-40
4.390298576435437104e-48
9.447223599742434314e-67
2.420150109699225349e-20
8.230708245313890463e-38
5.897604747516711958e-46
8.074736288511246314e-43
5.833944885441439473e-37
5.709684042586461449e-20
1.273660736293390150e-21
0.000000000000000000e+00
1.196423361261904124e-39
0.000000000000000000e+00
1.000456944393309264e-21
0.000000000000000000e+00
6.769263722092337336e-17
2.261945394378618249e-33
1.885839169208986907e-22
3.909149058586399485e-41
2.811945877547921285e-31
1.108486194320800489e-49
2.143696161880700654e-31
0.000000000000000000e+00
2.958870620248326411e-25
3.127479431680967424e-40
1.111613433962444965e-58
1.507546993982889735e-39
0.000000000000000000e+00
1.989896068765692107e-33
2.971816598303207945e-40
1.897282197324990449e-48
4.012819744930606449e-67
1.084081554259677310e-20
3.626397157744774843e-38
2.662766744362967834e-46
3.621576609848687754e-43
2.507948942695557857e-37
2.523642238590949591e-20
3.031881448233434646e-21
0.000000000000000000e+00
2.452748156177673247e-39
0.000000000000000000e+00
6.578151167480202171e-20
0.000000000000000000e+00
1.427838308450308837e-15
4.940589542524237968e-32
1.046631565057156558e-20
2.221422440406620733e-39
1.158946624828549366e-29
4.687492528745356782e-48
1.637083413063303933e-28
0.000000000000000000e+00
1.618461167725923414e-23
1.258749840242586897e-37
4.552766539878742255e-56
8.203951486794503280e-37
0.000000000000000000e+00
8.148535117748585834e-32
1.198012315754732600e-37
5.827677789128160453e-46
1.254193242482019177e-64
3.854100904589597245e-17
1.310847952625305988e-34
2.347778891205705313e-42
3.214108876287079396e-39
1.161494050920465060e-34
3.409542326737184749e-17
3.041869533925837245e-19
0.000000000000000000e+00
2.856944537124993523e-37
0.000000000000000000e+00
1.220094038448352860e-19
0.000000000000000000e+00
1.325809125161328269e-15
4.576412866250631252e-32
6.474719525489043188e-20
1.372755467801068012e-38
2.861417276273192110e-29
1.155549794359438425e-47
1.215130149584904101e-27
0.000000000000000000e+00
9.982662509816755321e-23
1.399125199681366014e-36
5.052183301072354686e-55
3.039170657170118927e-36
0.000000000000000000e+00
2.014760276453199775e-31
1.332197280789446537e-36
3.230677236453867920e-45
6.955243203221164582e-64
1.074468944276871991e-16
3.648492346318669902e-34
5.189567423132364782e-42
7.101272433174579627e-39
1.502635193859837688e-33
1.685051682895311739e-16
3.930164968785188667e-18
0.000000000000000000e+00
3.689720539892588006e-36
0.000000000000000000e+00
8.058182476339787192e-20
0.000000000000000000e+00
8.751257907088798282e-16
3.026577177639020311e-32
4.274557634211290790e-20
9.076936337758887022e-39
1.893301818245734514e-29
7.659042506907654386e-48
8.023002440028065704e-28
0.000000000000000000e+00
6.609362210395616332e-23
9.253121691937506051e-37
3.347464948934067278e-55
2.010319294727542581e-36
0.000000000000000000e+00
1.331127299954717035e-31
8.806763229974847379e-37
2.142183708411624519e-45
4.610620088435407472e-64
7.082382490507337123e-17
2.408998553486428869e-34
3.449024499801670424e-42
4.722286678785890352e-39
9.956426101677453713e-34
1.113250436044754086e-16
2.608231716692321219e-18
0.000000000000000000e+00
2.449847802350889913e-36
0.000000000000000000e+00
1.547579904453640377e-21
0.000000000000000000e+00
1.047122457828783144e-16
3.498898593716715929e-33
2.917170994592685495e-22
6.046925372723172007e-41
4.349680138802789934e-31
1.714659942694624055e-49
3.316062669185651706e-31
0.000000000000000000e+00
4.577054673579656973e-25
4.837780172029319609e-40
1.719501134188428412e-58
2.331979421010216448e-39
0.000000000000000000e+00
3.078114313676724257e-33
4.597014142069289756e-40
2.934814575517854264e-48
6.207156150005815695e-67
1.676958459283203321e-20
5.609581388675790584e-38
4.118838443549140901e-46
5.601924352938933785e-43
3.879222009823175344e-37
3.903577215702071850e-20
4.689983204042498172e-21
0.000000000000000000e+00
3.794119230019208037e-39
0.000000000000000000e+00
1.452069753132755380e-20
0.000000000000000000e+00
3.505065755784572808e-16
1.211665997605424636e-32
2.738547957788659679e-21
5.812965745281889354e-40
4.168630317850126351e-30
1.685779479698374026e-48
3.748313897878436623e-29
0.000000000000000000e+00
4.234724022964399704e-24
5.557722901722044856e-38
2.009865123852902802e-56
2.682792434734333884e-37
0.000000000000000000e+00
2.930315804689523963e-32
5.288558574068398825e-38
3.429688465507100496e-46
7.380138691470528308e-65
1.890616603337109121e-18
6.429810099888206762e-36
4.607198663307309158e-44
6.307969398853376649e-41
4.557459813267817968e-35
4.460392378754711586e-18
9.949818871357142937e-20
0.000000000000000000e+00
9.346442271237443061e-38
0.000000000000000000e+00
5.977827803516160696e-19
0.000000000000000000e+00
1.297491923827249082e-14
4.489637926751251137e-31
9.511129142831035068e-20
2.018624889361507179e-38
1.053163998883096059e-28
4.259601787192887469e-47
1.487685845878149720e-27
0.000000000000000000e+00
1.470768753471949246e-22
1.143862816598622565e-36
4.137183118021314318e-55
7.455206157889396692e-36
0.000000000000000000e+00
7.404851440563197952e-31
1.088673569886511600e-36
5.295749966849745115e-45
1.139701355061907995e-63
3.502399184062371095e-16
1.191215051902335100e-33
2.133548994017769260e-41
2.920802683419434877e-38
1.055470108164394147e-33
3.098373714380365849e-16
2.764306690730231435e-18
0.000000000000000000e+00
2.596240409423882285e-36
0.000000000000000000e+00
1.207539008889095334e-18
0.000000000000000000e+00
1.312171671605866825e-14
4.529277805153491591e-31
6.408112201893172177e-19
1.358618650432104101e-37
2.831936175786635663e-28
1.143630480363207854e-46
1.202628899096615654e-26
0.000000000000000000e+00
9.879768911987835887e-22
1.384714701542286458e-35
5.000082917908324925e-54
3.007864889407863767e-35
0.000000000000000000e+00
1.994023043453699436e-30
1.318480053752117250e-35
3.197344089730172430e-44
6.883494064483180085e-63
1.063427201490912122e-15
3.610955652587878858e-33
5.135938375626775312e-41
7.027859055651502872e-38
1.487138765604579506e-32
1.667708440124247487e-15
3.889783471621843454e-17
0.000000000000000000e+00
3.651807053896891959e-35
0.000000000000000000e+00
0.000000000000000000e+00
0.000000000000000000e+00
0.000000000000000000e+00
0.000000000000000000e+00
0.000000000000000000e+00
0.000000000000000000e+00
0.000000000000000000e+00
0.000000000000000000e+00
0.000000000000000000e+00
0.000000000000000000e+00
0.000000000000000000e+00
0.000000000000000000e+00
0.000000000000000000e+00
0.000000000000000000e+00
0.000000000000000000e+00
0.000000000000000000e+00
0.000000000000000000e+00
0.000000000000000000e+00
0.000000000000000000e+00
0.000000000000000000e+00
0.000000000000000000e+00
0.000000000000000000e+00
0.000000000000000000e+00
0.000000000000000000e+00
0.000000000000000000e+00
0.000000000000000000e+00
0.000000000000000000e+00
0.000000000000000000e+00
0.000000000000000000e+00
1.571636242103258807e+00
7.183299078004523228e-05
5.731235763038687203e+00
8.875153105604552195e+01
1.258118077847192873e-01
2.189314072788709264e+00
1.964239351337106854e+01
3.445781524426451414e-02
1.534776985095959034e+01
5.020702181335960468e+00
8.526009056283348786e-11
3.302621185491492195e+00
2.739706772879208738e-10
1.862608111974033005e-11
0.000000000000000000e+00
0.000000000000000000e+00
1.260156508453359702e-12
4.200440056138449521e-03
5.293208746183833413e-17
1.547923225872697017e+01
1.562398012250216652e+03
1.821075104139614265e+00
0.000000000000000000e+00
1.840528328218299947e+01
1.057172411397795164e+00
1.615476691089873240e+00
2.903907159186244757e-02
7.172510104648359419e-02
5.679173831152779712e+02
1.081234665660434047e+02
2.058520458157034341e+02
1.426390811717260078e-11
7.027018365855438375e+00
1.264868389215087490e+02
1.177251385678060558e+02
2.051186460744653672e+01
5.205498749967561167e+01
5.147420195296333051e-14
8.350129629447761735e-12
1.650620941012473912e-09
2.675575111485522816e-09
1.942577288313828987e+01
5.143607760727979462e-09
6.467211976925392181e-01
2.045886395661307144e-01
1.023362718386717357e-01
2.343463226561324575e+02
1.683406312181163410e-13
9.996348791454081947e+03
3.513224624210641522e+00
4.593984938855959488e-01
7.607221576913565375e-01
2.397303693430592730e+01
8.139745985372637271e-02
8.140213411711495484e-01
1.009871660179395114e+01
3.547641980670048212e-01
8.495275343751915176e-02
7.974710048481302438e-02
3.860296515085588354e+00
2.879582380711817713e+00
8.431781621247566583e-03
1.787524656028516574e+02
1.321886589559488812e+01
4.095029311837301150e-02
4.801038967605589236e-01
6.552502508840907236e-01
1.965065668585215808e-01
2.197483304337637833e+01
2.768446099288910685e-13
8.457208883469604140e-11
3.419180447833281846e+02
0.000000000000000000e+00
6.030383752192424396e+01
4.097472736279121364e+01
1.916605897592233418e+02
2.397482869391732163e-01
8.615515340316205473e-01
7.077211472644275148e+01
0.000000000000000000e+00
8.239354832923542473e-12
2.635806542910234995e+01
1.487819686964246068e-10
2.904712291456899020e-01
4.911939699369919885e-11
4.744711508349330493e-04
2.192080433669102088e-02
1.841971336826530858e-01
7.518101906313037117e-17
4.698137859957433882e-02
0.000000000000000000e+00
6.788981755801368756e-01
1.292526849136464984e-01
6.206818401343220160e+00
4.217358089658021392e+00
2.051199470181239803e+01
2.435554920570646405e-15
5.918499185565039352e-15
7.810256086166866577e-11
1.897790451595998988e-10
8.605130544969054569e-14
1.467245358616846339e-03
8.995895325367475647e-04
8.154277804091263982e-04
1.322794672050297271e-01
1.954070351476280398e-03
4.600766470852608869e-02
0.000000000000000000e+00
4.918485564468021222e-14
4.463151871749477655e-13
8.870967271614967932e-04
8.501323669496375726e-14
5.312064024666113460e-13
0.000000000000000000e+00
9.597576677408002820e-13
4.442962233858118587e-02
1.973978207460822161e-04
1.019142178529970763e-03
1.940303411620050158e-04
1.104859025222169606e+02
3.202151302855421378e+00
2.608818984973144683e-01
7.407928453939116586e+00
1.410366474445847063e+00
7.197885018966746706e+00
0.000000000000000000e+00
0.000000000000000000e+00
0.000000000000000000e+00
0.000000000000000000e+00
5.992972227866169987e+01
6.621279269139226642e+01
0.000000000000000000e+00
0.000000000000000000e+00
0.000000000000000000e+00
0.000000000000000000e+00
0.000000000000000000e+00
4.540063397912042290e-03
3.090381130133357333e-03
6.324960666650855309e-04
1.815266064787042759e-03
1.657143785906471656e-03
5.376216566653199691e-03
5.376216566653199691e-03
5.376216566653199691e-03
5.376216566653199691e-03
2.177054929088395596e-02
3.794982358112791161e-06
1.294721332223092852e-02
5.376216566653199691e-03
5.376216566653199691e-03
5.376216566653199691e-03
5.376216566653199691e-03
5.376216566653199691e-03
5.376216566653199691e-03
5.376216566653199691e-03
5.376216566653199691e-03
5.376216566653199691e-03
5.376216566653199691e-03
5.376216566653199691e-03
5.376216566653199691e-03
5.376216566653199691e-03
5.717773419555999964e-04
9.420411206955300182e-03
4.703248135821100177e-03
1.498765032630679922e-02
2.770337121422000162e-04
2.087240296962000101e-04
9.614153911292929312e-05
5.578638961730716462e-04
5.579887571014528584e-03
4.979013874782855543e-03
0.000000000000000000e+00
5.078951389274200499e-03
3.047370337054342536e-03
3.080261673688513765e-03
4.490739053970142802e-04
1.896226184937000597e-03
2.765276648434672815e-02
4.083402010349714874e-03
7.589964716225612816e-06
8.651289817275826383e-03
1.502559965337772752e-02
9.159820928834327969e-03
4.137795714811313974e-02
4.696923661734455843e-03
6.324960666650855309e-04
1.137228720294085555e-03
6.789228403765669786e-03
4.680577543701436034e-05
9.234506722425720501e-05
2.733650802429928289e-03
4.050508687674715322e-03
2.023990590993499574e-05
2.765279130985629288e-03
3.950576664586039621e-01
1.050957561232541450e-02
1.264994119370919446e-06
0.000000000000000000e+00
4.457838283642785900e-03
2.529988238741870656e-06
1.264994119370919446e-06
3.288984710364429312e-05
3.390194170117145759e-04
9.487440999976282964e-04
4.629888407101145410e-04
6.381893842695727896e-03
2.445235122274572008e-03
1.505343002051000019e-04
1.811470585918785849e-03
2.708351913062941995e-03
0.000000000000000000e+00
3.162480333325427655e-04
0.000000000000000000e+00
3.997378438150955837e-03
3.996117912623273379e-03
4.141589257289829407e-03
1.574918671637114435e-03
5.059976477483741313e-06
6.957467656540150319e-05
1.377580582035629105e-03
4.564094314098584258e-03
1.222743564039038659e-02
6.628584080808717222e-04
5.035943575256428620e-03
1.065126041530614458e-03
3.420543105758584897e-03
8.322394325300569787e-03
0.000000000000000000e+00
5.059976477483700032e-03
1.223249809941856893e-03
1.352278713607500075e-03
6.717115794798456281e-03
0.000000000000000000e+00
3.162480333325441749e-04
2.901894523796072402e-03
1.311925252246532586e-02
1.016802124197292538e-02
1.396553507785499660e-03
2.833333580311931527e-02
5.751930246820328649e-03
4.475549194334299194e-03
7.880913363679998467e-04
4.099844947860785578e-03
5.102985284521885205e-03
1.177709525134300068e-03
3.999914881022199886e-03
1.635636403326185592e-03
1.264994119370919446e-06
1.011995295496748601e-05
1.628047928140586437e-02
2.097865651752531951e-02
8.206013376787899341e-03
6.262988864066639134e-03
1.125854696443146424e-04
2.623217113715052909e-02
6.830988105010291772e-04
1.896225688426842523e-03
7.271188680695083242e-03
1.822858512054229430e-03
4.484402663639328566e-03
3.501503722418699942e-03
2.104951207653614660e-03
0.000000000000000000e+00
2.261809485435200759e-03
3.162480333325427655e-04
5.059976477483741313e-06
1.739873308990935036e-02
1.264992133330171062e-03
6.324970596854693582e-06
5.059976477483741313e-06
0.000000000000000000e+00
6.388220302823000409e-04
4.633673459255699921e-03
1.125843773219685397e-03
1.119519299133042798e-03
3.364884357525999318e-04
0.000000000000000000e+00
