1.897392000000000053e+03
1.817770625416050621e+02
8.986542119380802163e+00
1.733716346671017732e+02
4.444054715333187189e-01
3.627745946251417800e-72
2.806601260799828174e-101
8.999460774730959400e+00
9.021539744227128566e+00
9.022886593725491622e+00
9.128618811696375346e+00
9.132817694281708754e+00
9.142249383726255729e+00
9.143540144339088016e+00
9.166623574247047657e+00
9.192428426629033922e+00
9.220297449944956369e+00
9.016865934219527645e+00
9.061666450836762365e+00
9.117793266369831784e+00
9.149466525919031312e+00
9.187640691843006024e+00
9.236382270141248796e+00
9.249960249200055884e+00
9.256678998865030650e+00
9.263060665956713180e+00
9.264805818163850404e+00
2.393638302651229788e-01
5.866401250374834575e+01
1.430273810401075885e+01
3.763180136419118165e-04
1.363945156244962613e-05
0.000000000000000000e+00
0.000000000000000000e+00
5.352080487808581211e+01
1.524712714418895132e+02
0.000000000000000000e+00
7.935091858685719757e+00
2.040060662673605751e+00
7.974052817875173787e+03
2.904936030383546530e+00
3.097646768632650663e-02
1.127627542822502846e+03
6.116372334094775098e-01
1.442403557206385800e+00
1.707728957464808772e+01
3.491108780163802550e+00
2.549977258496382571e-01
8.902148916367539355e-01
2.749156017731007928e+00
1.140885839545913250e+01
1.121676511020670786e+00
1.412949048814502646e+02
4.920599392796175664e+01
1.601917004687195956e+01
5.529828585183398104e+01
4.022171341037631187e+00
1.404065576714057428e+01
5.224157834507614062e+00
1.278819042017844465e+00
2.041017138561665689e+01
5.967722624354372396e-01
1.088066054794616804e+02
1.161341437613252126e+01
4.204829382740297383e+00
4.158656248369905484e+01
3.443735047341069944e+00
3.900679755667503912e+00
6.842035754269241155e-01
7.116750592631447603e+01
7.300681293215518508e-01
9.402915326255421036e+00
2.651894325583090506e+01
1.674040021451085991e+01
8.383643628422057792e-02
1.497720318032879916e-01
8.987577969138805202e+03
1.638579827958839497e+00
2.899131096726091261e+00
2.993225562848965682e-01
3.189909146474217277e-02
3.643208906176683554e-02
2.373274212734896409e-03
0.000000000000000000e+00
4.859719512940609221e+00
0.000000000000000000e+00
0.000000000000000000e+00
1.090611698213169722e+00
0.000000000000000000e+00
1.682962491500008895e+01
0.000000000000000000e+00
6.307799013710670187e-04
2.861566046295364960e-03
5.694019994136697916e-06
8.679238173550881186e+01
8.643514078850066812e-03
8.409994069673504876e-05
4.789406965275804673e+00
1.271553564073502166e-09
2.490868266270017189e-05
3.974268746178232198e-09
1.639411835470419732e+01
8.630572805863916867e-05
3.273689142535924930e+02
8.613947623270040328e-07
3.811271764959359154e-01
6.234297316668372702e+01
1.127486831378988412e-04
2.776162015205641973e-06
3.899423559432701580e+01
3.318115281715257195e-04
1.142959660184807262e+02
1.002338957100535971e-07
1.309788125462335497e-04
1.773255671524301500e-03
5.568669675820161480e+00
3.032035424777092952e-02
9.942546262431216754e-05
1.710494746113760955e-03
3.125835528890885875e-07
5.444991972561549447e-06
2.259965800679830863e+03
2.231591621246620780e-06
2.919351129961011938e-04
1.768178003472450291e+04
2.967768266320061632e-02
2.979358797234848422e-01
1.922907809858530982e+03
3.227470790155657562e-03
2.210007212611514449e-02
2.089611772518475130e-02
9.072328961130554648e-02
2.994282553581433477e-06
4.304391004338922189e-01
7.172974577700411662e-11
1.097613732581009072e-12
1.366410709266085331e-12
8.321352434589449672e-04
1.100193778722548417e-10
2.948017450166288134e-01
6.103275135504424576e+00
1.838414053342014000e-11
1.839458747683235534e-12
1.493708542199914293e-12
2.185127944884151419e-09
2.026612598333702606e-10
1.797735262019546438e-10
5.309295339570092729e-12
1.915656422742996798e-18
6.294284540748447145e-10
9.567130721561928659e-13
1.911991392934008051e-10
1.462774775358730070e-14
3.325981852474250133e-09
3.312755247284778222e-12
6.800895464310210517e-16
4.893153553928770821e-18
6.113408449713902174e-19
2.305439517042080873e-16
4.128561772773954115e-17
1.315032355912613262e-17
0.000000000000000000e+00
2.843756463543568813e+01
5.123457589240427268e+01
2.199645182999115987e-04
3.963715842455610731e-04
4.938731185515238557e-05
2.360919688471154490e-13
4.253787516032112682e-13
0.000000000000000000e+00
1.610596728588838644e+01
2.160543847886885172e-04
1.975942275537824200e+00
3.019189375850038146e-02
1.191647124289644394e-02
8.086792514472149751e-01
6.255144192438340238e-06
1.404431159536769125e-06
6.713683110028184519e-15
4.838435204220922070e-11
1.086345726853371416e-11
5.193121006287200333e-20
1.165981267917825787e-20
5.573807367739224632e-29
2.593999713537252227e-01
3.904326361605570204e-03
1.338725811484134720e+00
7.664156406520598874e-02
3.879574200765581306e-16
5.808696714842264329e-24
2.821010522551634053e-32
1.949729140607478377e-17
4.979455916276827146e-20
1.099834793435444897e-17
3.334991921076472893e-19
0.000000000000000000e+00
9.138534937352694536e-15
7.247531546183544720e-20
7.842428030672766812e-29
1.138206953469115416e-27
1.416059399596071083e-22
2.866068146965288147e-28
0.000000000000000000e+00
1.314323940194959784e-36
5.523057281401643354e-36
0.000000000000000000e+00
6.895896996018723201e-31
1.233136573929624928e-36
5.897507202685912006e-45
2.679481435989159143e-16
1.530230419340303026e-38
1.362014498430825839e-16
1.806575704284890754e-18
0.000000000000000000e+00
2.440523013533716167e-31
1.530917694446162907e-38
3.110201682265226584e-47
5.795409354651333183e-47
4.613104905373511146e-55
1.210027323225659580e-63
8.891378603984048684e-34
1.239296063957475695e-41
1.209062823310611409e-33
9.907012730104038839e-37
0.000000000000000000e+00
5.124289203936040593e+00
3.963686266517054449e-05
4.254252332786224955e-14
3.317803440090044550e-19
0.000000000000000000e+00
9.012945296096483439e-15
2.406967832633123571e-31
7.209570568849808812e-20
1.522677221074567538e-38
7.801541086148026073e-29
3.093789822050584583e-47
1.137190674444145017e-27
0.000000000000000000e+00
1.408477500299521766e-22
1.312966997813381116e-36
4.607803720123053656e-55
5.518208843708976085e-36
0.000000000000000000e+00
6.860208638941165074e-31
1.231918375267209574e-36
5.891840866514964724e-45
1.208842244243439055e-63
2.677369431257904842e-16
8.883600169327578577e-34
1.237790359211125304e-41
1.528381555303257744e-38
1.207574572398408508e-33
1.360405707492366031e-16
1.800631654319956150e-18
0.000000000000000000e+00
9.856298683494778396e-37
0.000000000000000000e+00
8.723558646930195187e-18
0.000000000000000000e+00
4.597460603006607792e-36
0.000000000000000000e+00
2.320228504795621487e-23
0.000000000000000000e+00
6.368262559659987807e-19
1.676215512335230488e-35
5.041623651382521571e-24
1.053200666137464404e-42
5.406445022066996539e-33
2.117447939058799180e-51
8.082691483468245613e-32
0.000000000000000000e+00
9.898749507650926815e-27
9.224080821658687707e-41
3.199121856898942540e-59
3.873137186503627549e-40
0.000000000000000000e+00
4.759050779084184852e-35
8.648823779522434109e-41
4.088608045917821570e-49
8.294642412718269272e-68
1.886385795460837436e-20
6.188897577532426712e-38
8.632346124739242777e-46
1.068864526325847839e-42
8.380151272520092804e-38
9.558651339272777534e-21
1.222385461924107495e-22
0.000000000000000000e+00
6.445038847493796284e-41
0.000000000000000000e+00
1.806068376515532566e-18
0.000000000000000000e+00
1.373403314356466004e-13
3.545608007023153058e-30
3.923744974528123904e-19
8.083130921624271869e-38
4.158053344376973885e-28
1.604417843600240224e-46
5.132438514430363806e-28
0.000000000000000000e+00
7.757830856163494677e-22
5.828491549331492310e-37
2.011473140159424975e-55
2.446988536784968038e-36
0.000000000000000000e+00
3.670133953964001695e-30
5.463828661978638135e-37
2.571167234838121543e-45
5.192367221837447888e-64
1.205057931984741379e-16
3.934723849800147125e-34
5.443941833084067485e-42
6.746269333992948879e-39
5.316159491744695911e-34
6.095416352317454598e-17
1.463502961392452647e-18
0.000000000000000000e+00
5.070933802145366452e-37
0.000000000000000000e+00
1.807670592818056441e-18
0.000000000000000000e+00
1.374598004185694828e-13
3.548747321681654373e-30
3.927226246745850235e-19
8.090396491944450695e-38
4.161782944351137986e-28
1.605877882127991944e-46
5.139750876877537303e-28
0.000000000000000000e+00
7.764671311754913603e-22
5.836865734215746816e-37
2.014388108428711690e-55
2.450506228307196754e-36
0.000000000000000000e+00
3.673419435984441761e-30
5.471682502248399290e-37
2.574893894182868086e-45
5.199954931699785999e-64
1.206777017020378982e-16
3.940383056263301502e-34
5.451800896987565148e-42
6.755990504841708769e-39
5.323829214334375136e-34
6.104131603161567803e-17
1.463696375028697895e-18
0.000000000000000000e+00
5.071807703834816549e-37
0.000000000000000000e+00
7.474279107569558195e-18
0.000000000000000000e+00
2.579583518654730375e-36
0.000000000000000000e+00
1.415635919659992817e-22
0.000000000000000000e+00
4.273798737709952091e-18
1.140556919220782114e-34
2.734608656337630807e-23
5.772070583614385746e-42
4.066617960611292185e-32
1.611987972026914042e-50
3.775004882813283437e-31
0.000000000000000000e+00
5.343066119287909792e-26
5.601418553455123160e-40
1.965017782380491423e-58
2.615676703231517519e-39
0.000000000000000000e+00
3.575635357405498548e-34
5.255218377136710922e-40
3.349867209940984327e-48
6.870429393050135667e-67
2.538732197608578956e-20
8.420865294339379131e-38
5.864974542114129496e-46
7.242876559913507433e-43
4.577891642024242415e-37
5.159486634956788015e-20
2.068280722799367562e-21
0.000000000000000000e+00
1.088671954569902588e-39
0.000000000000000000e+00
7.718138626156777553e-22
0.000000000000000000e+00
6.521199848850682287e-17
1.683526569925917671e-33
1.490489790359424451e-22
3.070490258718171768e-41
2.171793432042218161e-31
8.380080202540520702e-50
1.706852867196988987e-31
0.000000000000000000e+00
2.946921703648265759e-25
2.492128728385859446e-40
8.600640106153886895e-59
1.162535135808786777e-39
0.000000000000000000e+00
1.916958730288440835e-33
2.336219989804776620e-40
1.465836719441743782e-48
2.960196515848139494e-67
1.145017680155902410e-20
3.738680895021911430e-38
2.586223633486528170e-46
3.204913438152543998e-43
2.020415065967594571e-37
2.316573641341032528e-20
1.772911920007447099e-21
0.000000000000000000e+00
6.118590504635469871e-40
0.000000000000000000e+00
6.390079130228048997e-20
0.000000000000000000e+00
1.734751428510319776e-15
4.634144413840178607e-32
1.041368442098128380e-20
2.197961720801453644e-39
1.126558972586464524e-29
4.466511208895461972e-48
1.642781661430005279e-28
0.000000000000000000e+00
2.034740660434134758e-23
1.264096098033037429e-37
4.435279423551487646e-56
7.970028779335290306e-37
0.000000000000000000e+00
9.907895710654285908e-32
1.186187793000126686e-37
5.671799699272769712e-46
1.163426360440413051e-64
5.156966639473586385e-17
1.710708831296544174e-34
2.978977138416449585e-42
3.678146894681144445e-39
1.162420602884130831e-34
3.929692000814398302e-17
6.301140503252685166e-19
0.000000000000000000e+00
3.317831422606817438e-37
0.000000000000000000e+00
8.429649330387240330e-20
0.000000000000000000e+00
1.145396503604811209e-15
3.052657347270954289e-32
4.581899257908010089e-20
9.659898388369062146e-39
1.978337927561355056e-29
7.830560919445878216e-48
8.673114292602047820e-28
0.000000000000000000e+00
8.923855582272019796e-23
9.994044842061085960e-37
3.501306735107282033e-55
2.100146503068739166e-36
0.000000000000000000e+00
1.741917001762896295e-31
9.383075780324418474e-37
2.236542439855767866e-45
4.590369872909991707e-64
1.021922685758098616e-16
3.384667755712556850e-34
4.666146942503983287e-42
5.763764672673807186e-39
1.071055952029537111e-33
1.381694486661429129e-16
5.781631262104384068e-18
0.000000000000000000e+00
3.027096299266334283e-36
0.000000000000000000e+00
8.741167063534196497e-20
0.000000000000000000e+00
1.187306302270257509e-15
3.170113092580073468e-32
4.749321843813334596e-20
1.002903305527007277e-38
2.055132315051144350e-29
8.149554465103814273e-48
8.990309351470396268e-28
0.000000000000000000e+00
9.278994666305950481e-23
1.037665930511075241e-36
3.641561790925394597e-55
2.180871328509971446e-36
0.000000000000000000e+00
1.807407358699536421e-31
9.737229853623945919e-37
2.328146118435184546e-45
4.775928046039304995e-64
1.058257159498265982e-16
3.510750071342562106e-34
4.887666764894763536e-42
6.035327390831458639e-39
1.112641888588822054e-33
1.432782739970895255e-16
6.033665982237107432e-18
0.000000000000000000e+00
3.177909439003143106e-36
0.000000000000000000e+00
1.281806903205957655e-21
0.000000000000000000e+00
1.083025136328648995e-16
2.795917305406013927e-33
2.475378643330314553e-22
5.099356324733852765e-41
3.606818766116407672e-31
1.391717263887630945e-49
2.834728736405530820e-31
0.000000000000000000e+00
4.894221149945320504e-25
4.138834601287580571e-40
1.428353449398946285e-58
1.930705320632470013e-39
0.000000000000000000e+00
3.183625494854625355e-33
3.879928294780068866e-40
2.434391425208657909e-48
4.916094610224573530e-67
1.901633542389616048e-20
6.209090616338254149e-38
4.294891786053987432e-46
5.322352074047554661e-43
3.355267434892665666e-37
3.847141912727584140e-20
2.944387733519492141e-21
0.000000000000000000e+00
1.016119358711861125e-39
0.000000000000000000e+00
1.187319133938249446e-20
0.000000000000000000e+00
3.584512481763420841e-16
9.566047465950295735e-33
2.293565421853828466e-21
4.841134826383211883e-40
3.410742732825146839e-30
1.352001281409355750e-48
3.166165443623650869e-29
0.000000000000000000e+00
4.481326436122827527e-24
4.698008866249439960e-38
1.648094178603650620e-56
2.193814203413391313e-37
0.000000000000000000e+00
2.998946727571051346e-32
4.407644073703920929e-38
2.809590842231997663e-46
5.762343169734606530e-65
2.129280183176787102e-18
7.062727102551791463e-36
4.919054878636894492e-44
6.074726265743533597e-41
3.839556924575165266e-35
4.327353557956838946e-18
1.734704523559192240e-19
0.000000000000000000e+00
9.130871691633338871e-38
0.000000000000000000e+00
5.806889082008052492e-19
0.000000000000000000e+00
1.576376461956859204e-14
4.211137952924868385e-31
9.463252434485826907e-20
1.997294916934245293e-38
1.023727393981580102e-28
4.058768821369150745e-47
1.492857052182106166e-27
0.000000000000000000e+00
1.849047841299864719e-22
1.148715734595741764e-36
4.030405504453462619e-55
7.242599917740096931e-36
0.000000000000000000e+00
9.003579615576557545e-31
1.077923876484501130e-36
5.154076531307878040e-45
1.057217242804015830e-63
4.686329928715512559e-16
1.554569313673821754e-33
2.707070258479380342e-41
3.342413377740046601e-38
1.056316383592058423e-33
3.571040530493390534e-16
5.726089778824918062e-18
0.000000000000000000e+00
3.014916465474262446e-36
0.000000000000000000e+00
8.342876894099181518e-19
0.000000000000000000e+00
1.133608914985335956e-14
3.021202950030437446e-31
4.534747906127569205e-19
9.560381936600386452e-38
1.957948729569255585e-28
7.749757607874436674e-47
8.583859245710188202e-27
0.000000000000000000e+00
8.831827056686513931e-22
9.891079817418856210e-36
3.465192858733604929e-54
2.078507582959121174e-35
0.000000000000000000e+00
1.723978693653665902e-30
9.286439423689727484e-36
2.213460321818861177e-44
4.543011643872092470e-63
1.011412903088351071e-15
3.349820209004404090e-33
4.617785175339462377e-41
5.704040599440658990e-38
1.060017317083767438e-32
1.367471503730843142e-15
5.722181364698265661e-17
0.000000000000000000e+00
2.995944698662423372e-35
0.000000000000000000e+00
0.000000000000000000e+00
0.000000000000000000e+00
0.000000000000000000e+00
0.000000000000000000e+00
0.000000000000000000e+00
0.000000000000000000e+00
0.000000000000000000e+00
0.000000000000000000e+00
0.000000000000000000e+00
0.000000000000000000e+00
0.000000000000000000e+00
0.000000000000000000e+00
0.000000000000000000e+00
0.000000000000000000e+00
0.000000000000000000e+00
0.000000000000000000e+00
0.000000000000000000e+00
0.000000000000000000e+00
0.000000000000000000e+00
0.000000000000000000e+00
0.000000000000000000e+00
0.000000000000000000e+00
0.000000000000000000e+00
0.000000000000000000e+00
0.000000000000000000e+00
0.000000000000000000e+00
0.000000000000000000e+00
0.000000000000000000e+00
0.000000000000000000e+00
6.411245976106154210e+00
7.183297033765348861e-05
5.823415385750235984e+00
6.641881302748349469e+01
1.233501202715864276e-01
2.220542372144364229e+00
2.456777661865679718e+01
3.521702491812379182e-02
1.359731216658787645e+01
4.464563710902380578e+00
1.348307288157284987e-10
4.612875397385042042e+00
3.755097975896869612e-10
3.345327083709252284e-11
0.000000000000000000e+00
0.000000000000000000e+00
1.533353597457337656e-12
4.200440465373907542e-03
6.440756519666281659e-17
1.601449210953163060e+01
1.677437538734317513e+03
1.912569614647680494e+00
0.000000000000000000e+00
2.096677294596603858e+01
1.164635909543043413e+00
1.840555686249262690e+00
2.409075567066987222e-02
6.971948157012289315e-02
5.013699553780525093e+02
1.140830024065801780e+02
2.595680150101402432e+02
1.276205861949738440e-11
7.267594769666195553e+00
1.308170395794587648e+02
1.166387033530200057e+02
2.101772746176009576e+01
5.333733307792337541e+01
1.356137256815846264e-13
1.940645612284982101e-11
8.995622349012476348e-10
1.505788331059306965e-09
2.625692775757003972e+01
3.958269667164584712e-09
6.467211957137620759e-01
1.615690720394619695e-01
8.090228305136165643e-02
1.937746350408812361e+02
2.048430872991171422e-13
9.996286929060854163e+03
3.548185957401904123e+00
4.438946096834314736e-01
7.739416888226922087e-01
2.428298222647991977e+01
8.751770443052178661e-02
8.752468779492554862e-01
1.063330235863206497e+01
3.772511730498976923e-01
9.702309015424644134e-02
7.376909391335843835e-02
3.730891384315905057e+00
2.711677585301388582e+00
9.071249125082957859e-03
1.821518260840342691e+02
1.448128074457011216e+01
3.506557551474283330e-02
5.233214944871720231e-01
7.471716373333852079e-01
1.834509743322535191e-01
2.082106164306266649e+01
3.191742674741771336e-13
9.697096389277825407e-11
3.402849708843376106e+02
0.000000000000000000e+00
4.269895855632086779e+01
3.360504780267349645e+01
1.982167380725437624e+02
1.919579799463662362e-01
7.292240149306731256e-01
6.701766338648091903e+01
0.000000000000000000e+00
1.194564048202108910e-11
2.779061904190079701e+01
2.816697910888616453e-10
2.771417506819105481e-01
8.398905692124717508e-11
5.360275018504252666e-04
2.222712834616864808e-02
2.098621740474548025e-01
9.821569275692375868e-17
5.104802159701298664e-02
0.000000000000000000e+00
5.825867279896039808e-01
1.325633055290607321e-01
5.541633915873029892e+00
4.361392744252242437e+00
2.101787291598289187e+01
6.574044825082393906e-15
1.612578296312801193e-14
4.360921667866106216e-11
1.069576755647168442e-10
9.873469399344740568e-14
1.431836770752661697e-03
9.732340620574212809e-04
8.769839080504263171e-04
1.449332787881604523e-01
2.290166932287460069e-03
5.186411731389584806e-02
0.000000000000000000e+00
8.428425531312690646e-14
8.451681765053227860e-13
7.636759906016630985e-04
1.357732339451589169e-13
3.897932198096769179e-13
0.000000000000000000e+00
2.306155770968778830e-12
3.791423912710256000e-02
1.437433374715226463e-04
6.551686236278611835e-04
1.490787638224165014e-04
1.102046269242186867e+02
3.043396313318146085e+00
3.386534342512916851e-01
8.489487722768808808e+00
1.931721107346904942e+00
5.753739862025509133e+00
0.000000000000000000e+00
0.000000000000000000e+00
0.000000000000000000e+00
0.000000000000000000e+00
6.000981913969526715e+01
6.613269583036046129e+01
0.000000000000000000e+00
0.000000000000000000e+00
0.000000000000000000e+00
0.000000000000000000e+00
0.000000000000000000e+00
2.958823231249328028e-03
3.722877196798442864e-03
0.000000000000000000e+00
1.499018031454499994e-03
3.238383952569185483e-03
5.376216566653199691e-03
5.376216566653199691e-03
5.376216566653199691e-03
5.376216566653199691e-03
1.924056502422361384e-02
3.794982358112791161e-06
1.168222118890075920e-02
5.376216566653199691e-03
5.376216566653199691e-03
5.376216566653199691e-03
5.376216566653199691e-03
5.376216566653199691e-03
5.376216566653199691e-03
5.376216566653199691e-03
5.376216566653199691e-03
5.376216566653199691e-03
5.376216566653199691e-03
5.376216566653199691e-03
5.376216566653199691e-03
5.376216566653199691e-03
5.717773419555999964e-04
9.420411206955300182e-03
4.703248135821100177e-03
1.498765032630679922e-02
2.770337121422000162e-04
2.087240296962000101e-04
2.309877772440728678e-03
8.741119295056145200e-04
7.477375771009785177e-03
3.397773708120143017e-03
1.846891414280999236e-04
5.711447455939286898e-03
3.996114437051972133e-03
1.499021507025799938e-03
4.490739053970144428e-04
3.161218318267171659e-03
2.891775861767689748e-02
3.450905943684629777e-03
7.589964716225612816e-06
5.805057517282941060e-03
1.787183195337062325e-02
7.578580762171614575e-03
5.466037454807993329e-02
7.226907928394800569e-03
6.324960666650855309e-04
6.324960666650855309e-04
7.737972503763298517e-03
2.260542008764813461e-03
4.085931005567999840e-04
2.417402769097384222e-03
3.734260654342171255e-03
2.023990590993499574e-05
4.346519297648343549e-03
4.187762689585446396e-01
1.809952841230644260e-02
1.264994119370919446e-06
0.000000000000000000e+00
5.090334350307872298e-03
2.529988238741870656e-06
1.264994119370919446e-06
3.162480333325427655e-04
1.287763517009342818e-03
0.000000000000000000e+00
1.411732940707742783e-03
3.535661542702843007e-03
5.291467422267456464e-03
0.000000000000000000e+00
1.495222552586243083e-03
2.075855846397857765e-03
2.656487650678970711e-05
6.324960666650855309e-04
3.162480333325427655e-04
8.348981048255290499e-04
9.056086445943958493e-03
2.244101057294573247e-03
3.788654904964913143e-03
5.059976477483741313e-06
3.162480333325427655e-04
2.642572715365800167e-03
1.717862014105700236e-03
1.412492384038564232e-02
2.244098574743585549e-03
6.300935708586601416e-03
1.381374074863157223e-03
4.053039172423670428e-03
9.587386458630740849e-03
0.000000000000000000e+00
8.222456810809127686e-03
2.488241943272028172e-03
2.301022813605128371e-03
3.554635461473029060e-03
1.264992133330172146e-03
5.617693569571407250e-19
1.897488199995255292e-03
1.122176432247006146e-02
8.586781075310211120e-03
1.080305474452956677e-03
2.232462316980100142e-02
7.649418446815584374e-03
6.373037394329555787e-03
1.555952697029143700e-04
2.834852814530614950e-03
4.786737251189342873e-03
5.452134584692143199e-04
7.162395214347627541e-03
1.635636403326185592e-03
1.264994119370919446e-06
1.011995295496748601e-05
1.533173518140823477e-02
1.939741635086260352e-02
4.727285010129928487e-03
7.211732964064268732e-03
1.061329569641942952e-03
1.579598603717661046e-02
1.315594877166114708e-03
1.896225688426842523e-03
7.271188680695083242e-03
2.771602612051857293e-03
3.535658563641700270e-03
2.552759622421071645e-03
1.156207107655986364e-03
2.909486474553155913e-05
9.968173521050288297e-04
1.657142296375000074e-04
5.059976477483741313e-06
1.486874882324900997e-02
3.162480333325427655e-04
6.324970596854675794e-06
5.059976477483741313e-06
4.933477065546644307e-05
6.388220302823000409e-04
3.368681325925528425e-03
0.000000000000000000e+00
4.870232324679572128e-04
3.364884357525999318e-04
0.000000000000000000e+00
