1.897392000000000053e+03
4.773446873264633723e+02
1.019646109816014246e+01
6.265047469842182437e+01
1.612279418197347380e-01
1.716650441345187964e-68
5.821486270227778459e-102
1.016546725360332459e+01
1.011179288029960510e+01
1.010851614333023996e+01
9.819972657918773606e+00
9.808452493798244021e+00
9.782227774939658005e+00
9.778632082470618769e+00
9.711241418956817029e+00
9.629277184272403645e+00
9.524064683691857880e+00
1.012307140215525436e+01
1.001300371976891412e+01
9.870094046706043400e+00
9.786404781177230561e+00
9.675217764718574642e+00
9.452800716681339921e+00
9.371344127016797643e+00
9.320610643494660508e+00
9.236359288205349571e+00
9.204203914278181742e+00
5.982537514061803119e-01
6.435684953745627013e+01
1.228973922154593801e+01
5.670778946640213933e-04
1.259669014408165467e-05
0.000000000000000000e+00
0.000000000000000000e+00
5.690362884495201712e+01
1.525113227906520876e+02
0.000000000000000000e+00
6.490634047896135073e+00
1.673296386213448228e+00
7.961717733276811487e+03
4.319309029152035073e+00
4.144396954593253246e-02
1.130998794526541360e+03
8.165244814403971318e-01
1.618657952627143626e+00
2.290344776137860094e+01
4.673381528669004581e+00
2.543820140819892384e-01
8.883905699289867952e-01
2.742091328018879004e+00
1.140836396218708515e+01
1.122683630397000476e+00
1.412758515968679092e+02
4.933444214466673827e+01
1.602875623801229921e+01
5.529831427448942804e+01
4.023431880461860288e+00
1.405058363144101641e+01
5.178553083081826713e+00
1.272328125490374662e+00
2.048135157906661874e+01
5.894573423445507165e-01
1.088210014105419958e+02
1.152256940319883682e+01
4.204340631340576451e+00
4.133509188672972101e+01
3.443514214350756220e+00
3.900435846151142361e+00
6.841661183618571451e-01
7.116752181997048865e+01
7.300253121162411096e-01
9.402859343626747801e+00
2.651896509968420901e+01
1.674038912471662499e+01
8.412270349502315447e-02
1.497720318032879916e-01
9.000352389540901640e+03
2.438507630136814708e+00
2.894816298431710511e+00
3.945078291476429300e-01
3.177113578282237533e-02
3.606906712276977678e-02
2.369641834040427456e-03
0.000000000000000000e+00
5.063587850923545020e+00
0.000000000000000000e+00
0.000000000000000000e+00
4.479295269774209443e-01
0.000000000000000000e+00
1.607267270126598291e+01
0.000000000000000000e+00
6.142433560453489051e-04
2.861725017070497652e-03
5.543192489398826201e-06
8.572296071087802716e+01
8.315275000617997417e-03
6.818776249008344514e-05
4.798471349952531106e+00
1.032896700762706023e-09
1.913574240279223234e-05
2.915843591763833410e-09
1.945209138985991260e+01
8.302919712268760596e-05
3.301604482001040992e+02
7.043541614191825603e-07
3.728065340772692138e-01
6.431042778845372254e+01
1.131649453678317766e-04
2.553925726749600184e-06
4.261750429752380143e+01
3.335871161054409519e-04
1.132073084304736881e+02
9.133100964572163622e-08
1.084665422546531954e-04
1.457894701983727384e-03
6.086588680334963364e+00
2.723505311511808039e-02
6.720437154734862188e-05
1.252600314499239349e-03
1.428012286951225273e-07
2.649592371883477780e-06
2.259987070250876059e+03
1.019458861748986656e-06
1.060666404083424286e-04
1.751024405649411347e+04
1.067780135812754737e-02
1.068304379099688922e-01
1.877427910763016598e+03
1.144861825548409420e-03
7.922715533775147659e-03
7.480017856250713824e-03
1.782957227812567436e-01
2.106422429744597238e-06
3.727468971744796189e-01
1.334357233122272319e-10
1.794938311365428145e-12
2.181674799816707880e-12
3.077652928833903836e-04
2.148001831440216376e-10
1.300452873160154454e-01
6.093752427694841600e+00
2.042822381375018752e-11
7.327492744231379212e-13
9.431962804867297262e-13
2.660579512504411745e-09
9.134719672700314356e-11
1.236449218050225276e-10
4.282326464518508474e-12
1.530391010460826507e-18
5.554317947822516804e-10
7.576884344359319501e-13
1.512788607039310707e-10
1.813054458440541318e-14
3.602329413200795198e-09
3.614449785303689355e-12
4.186592291877663527e-16
1.807253275644196424e-18
6.185029355151355720e-19
1.898149583404474698e-16
7.826216483089453126e-17
1.330333904664472301e-17
0.000000000000000000e+00
4.250674811924623242e+01
7.519263052934668679e+01
2.210560461367307129e-04
3.911265934933583492e-04
4.840096036477810332e-05
2.401860669527750420e-13
4.249198086143223175e-13
0.000000000000000000e+00
1.475778199869832719e+01
2.160542764560294574e-04
2.063476890799766483e+00
2.089798870948239573e-02
6.995032296245624372e-03
1.806780650942479971e+00
9.396203827422779068e-06
2.057329005115700734e-06
1.020922391293937220e-14
4.886591174836343158e-11
1.069934831624873637e-11
5.309410521411314848e-20
1.162512485502571361e-20
5.768814922341975736e-29
2.177905703830604334e-01
4.257893901248350696e-03
1.338657032684289705e+00
7.126959030378793303e-02
2.547238345562404236e-16
1.733714126741122330e-24
8.334088683404169005e-33
1.996984673418376847e-17
4.100231310227114019e-20
2.264467077747966706e-17
2.327741486853729317e-19
0.000000000000000000e+00
9.074056135881655086e-15
4.970306220075443833e-20
5.309333611396644581e-29
3.492732072739198405e-28
6.511976320767380973e-23
8.396314624955699929e-29
0.000000000000000000e+00
4.089597860487855134e-37
1.666750660062538825e-36
0.000000000000000000e+00
3.116875151521108968e-31
3.651518891198446735e-37
1.803296364951259924e-45
2.523030743841194946e-16
1.132626589853394193e-38
3.066682341489642177e-16
5.824504418121919738e-18
0.000000000000000000e+00
1.420677554135805632e-31
3.984784414809878385e-39
8.099933931984002570e-48
6.061351141625323004e-48
5.114267402208023590e-56
1.310682127613861017e-64
8.777390901466406114e-34
8.403661342927156144e-42
5.279065585041815312e-33
6.285879419012066370e-36
0.000000000000000000e+00
7.520833787680218485e+00
3.911266875807765714e-05
4.249699429912682913e-14
2.316313085879530285e-19
0.000000000000000000e+00
8.954430421679334751e-15
1.401976387857425138e-31
4.945614436615146920e-20
3.964948470622642266e-39
5.282967380157067353e-29
8.059815912239915134e-48
3.490417099804818097e-28
0.000000000000000000e+00
6.479427425197383466e-23
4.086349400559994049e-37
5.110223636722593666e-56
1.665549423677502361e-36
0.000000000000000000e+00
3.101617326078958183e-31
3.648706865805426107e-37
1.801846778217768181e-45
1.309695876968741337e-64
2.521190492586501815e-16
8.770315945892592154e-34
8.394991978502858866e-42
1.131421186436383234e-38
5.273330824445748768e-33
3.063344078941396442e-16
5.818596963191260122e-18
0.000000000000000000e+00
6.278657403560218270e-36
0.000000000000000000e+00
6.869818005701988222e-18
0.000000000000000000e+00
7.336214575944935848e-36
0.000000000000000000e+00
1.627124080039507983e-23
0.000000000000000000e+00
6.322899232694751444e-19
9.828535665317590644e-36
3.472714400499743310e-24
2.788439088464524742e-43
3.675163310281810335e-33
5.615121851602422504e-52
2.521899687257411149e-32
0.000000000000000000e+00
4.610665024883581939e-27
2.917500425842655600e-41
3.644945725509517078e-60
1.187633333283310871e-40
0.000000000000000000e+00
2.177781729352067462e-35
2.599451783495014327e-41
1.269850222374467077e-49
9.230316826672427696e-69
1.779118075340614823e-20
6.117488459066996895e-38
5.919561384130500221e-46
7.945628337639924895e-43
3.670123861175102461e-37
2.148181183977640563e-20
4.111620327234179315e-22
0.000000000000000000e+00
4.381816740295757210e-40
0.000000000000000000e+00
1.229526005053054793e-18
0.000000000000000000e+00
1.313199476335886742e-13
2.018454978578115832e-30
2.623458453964351404e-19
2.109818815768157207e-38
2.740991575468894178e-28
4.193129596514516756e-47
1.568294171327523403e-28
0.000000000000000000e+00
3.545162860219570363e-22
1.804952513891339800e-37
2.254125277097195667e-56
7.343758556644950710e-37
0.000000000000000000e+00
1.645388614264165613e-30
1.606808221599199606e-37
7.813580069972303328e-46
5.679814318042809419e-65
1.105499872536096072e-16
3.782634941371470944e-34
3.642853138888253938e-42
4.880131924625229995e-39
2.265792126875286403e-33
1.330395519862052980e-16
1.171143422537768957e-17
0.000000000000000000e+00
1.022333373233448698e-35
0.000000000000000000e+00
1.230609004125837927e-18
0.000000000000000000e+00
1.314340893228151515e-13
2.020226322317086827e-30
2.625770060982597256e-19
2.111674853868396297e-38
2.743434655385878737e-28
4.196861692276596148e-47
1.570500186411462906e-28
0.000000000000000000e+00
3.548237459746300124e-22
1.807513292199644913e-37
2.257325525195304162e-56
7.354186849124391204e-37
0.000000000000000000e+00
1.646838364017071877e-30
1.609091346347843055e-37
7.824769488516673200e-46
5.687947783014459222e-65
1.107073937338398680e-16
3.788066264042895881e-34
3.648068157469833682e-42
4.887139668313721299e-39
2.269051716345156352e-33
1.332299017585707769e-16
1.171233161099684595e-17
0.000000000000000000e+00
1.022426114210217394e-35
0.000000000000000000e+00
1.449508997296339280e-17
0.000000000000000000e+00
1.263568933520089372e-35
0.000000000000000000e+00
7.202003395989782376e-23
0.000000000000000000e+00
3.093657100914892395e-18
4.841597000485570735e-35
1.366958800897537436e-23
1.095712311332967766e-42
2.006714055469873732e-32
3.061646662831165836e-51
8.446566190033534803e-32
0.000000000000000000e+00
1.791618593470645299e-26
1.270863744526812248e-40
1.589235764892872986e-59
5.755205357361842993e-40
0.000000000000000000e+00
1.178342093621077851e-34
1.134610974989960573e-40
7.468132563718409500e-49
5.428352280832721072e-68
1.741905772702507451e-20
6.057478312805740772e-38
2.899263203327338984e-46
3.907248355312274100e-43
1.456714312464068866e-36
8.464453647169539171e-20
1.186709504866962175e-21
0.000000000000000000e+00
1.266942613821250832e-39
0.000000000000000000e+00
3.828310404004504244e-22
0.000000000000000000e+00
4.543087574053570118e-17
6.982957684797354712e-34
7.260949960801624084e-23
5.839348896796808107e-42
1.043103064013118770e-31
1.595732785030481661e-50
3.800064399011360944e-32
0.000000000000000000e+00
9.811955051672784625e-26
5.623040736920493820e-41
7.022404523231999760e-60
2.542047564188013044e-40
0.000000000000000000e+00
6.261673794679633581e-34
5.005780821616966074e-41
3.245611253005392424e-49
2.359285899223663579e-68
7.653391767195379691e-21
2.618723124296960514e-38
1.260914116232282502e-46
1.689177824800573139e-43
6.274134705917355180e-37
3.683957493564803898e-20
2.505156244124604899e-21
0.000000000000000000e+00
2.183777366734405967e-39
0.000000000000000000e+00
3.453110172782108320e-20
0.000000000000000000e+00
1.333904693926421429e-15
2.089413830492952411e-32
5.529292486641522744e-21
4.431147234789608412e-40
5.904831100095094874e-30
9.009128023056964493e-49
3.903753558397110655e-29
0.000000000000000000e+00
7.246415234109962632e-24
3.045927347999915906e-38
3.809074763756914443e-57
1.862412139591594921e-37
0.000000000000000000e+00
3.467824411364328005e-32
2.719917505252393842e-38
1.342898537078971672e-46
9.761031162531951941e-66
3.758564394702157902e-17
1.307166522355591344e-34
1.564060324064932167e-42
2.107588007569367234e-39
3.928983480176356211e-34
6.848387671205007875e-17
3.840474824314531798e-19
0.000000000000000000e+00
4.099942961668741972e-37
0.000000000000000000e+00
5.215525450291624417e-20
0.000000000000000000e+00
1.007738606647819534e-15
1.576532653973622846e-32
2.785296442649850609e-20
2.233561737584388191e-39
1.187200588310375361e-29
1.811866817858980825e-48
2.363462882379510245e-28
0.000000000000000000e+00
3.642728961077847883e-23
2.761498216587540517e-37
3.453354890102130690e-56
5.627560766997395054e-37
0.000000000000000000e+00
6.987940389001782099e-32
2.466760902848198474e-37
6.072168381452797901e-46
4.423201850205386688e-65
8.524007692287522051e-17
2.959726850178534215e-34
2.807423135024369567e-42
3.781617414782939997e-39
4.144062656938464020e-33
2.754506638460476588e-16
4.031821619032328141e-18
0.000000000000000000e+00
4.297018227746485762e-36
0.000000000000000000e+00
4.779799232804724454e-20
0.000000000000000000e+00
9.238422832766154401e-16
1.446299500641322425e-32
2.551724090727289307e-20
2.045789891299243733e-39
1.090008362948519538e-29
1.663222221758635624e-48
2.161649163872377559e-28
0.000000000000000000e+00
3.343733924620174462e-23
2.529911030755174339e-37
3.164230691901490130e-56
5.156494251925297818e-37
0.000000000000000000e+00
6.401018727319526789e-32
2.259172632576042856e-37
5.577523972564966406e-46
4.054110530349039228e-65
7.804812974123455248e-17
2.714556326325716606e-34
2.596620436673621768e-42
3.499385105307133505e-39
3.805499163340923594e-33
2.526745694854462829e-16
3.721303646339677753e-18
0.000000000000000000e+00
3.973216464658741015e-36
0.000000000000000000e+00
6.292350834782409884e-22
0.000000000000000000e+00
7.467160298503846978e-17
1.147731153381561120e-33
1.193443176519672944e-22
9.597836230433229605e-42
1.714464502462106823e-31
2.622796732430782892e-50
6.246075133738757154e-32
0.000000000000000000e+00
1.612760259374094514e-25
9.242290604675909719e-41
1.154240900470228470e-59
4.178247510959901901e-40
0.000000000000000000e+00
1.029197575294649170e-33
8.227766157257472887e-41
5.334599500725848283e-49
3.877804534835140596e-68
1.257948292717230965e-20
4.304208145756511450e-38
2.072382352287441393e-46
2.776245440455645537e-43
1.031181689538603734e-36
6.054793452852389941e-20
4.117566456595335047e-21
0.000000000000000000e+00
3.589308874694957635e-39
0.000000000000000000e+00
5.978093379135804025e-21
0.000000000000000000e+00
2.567920540189541410e-16
4.018812580992811566e-33
1.134657649004053440e-21
9.095065713812443131e-41
1.665691449738785538e-30
2.541348145865368679e-49
7.011162149885956027e-30
0.000000000000000000e+00
1.487151622948304444e-24
1.054893289725736920e-38
1.319161122307272122e-57
4.777166016081159474e-38
0.000000000000000000e+00
9.780939440696428448e-33
9.417951096715882825e-39
6.198994235264256881e-47
4.505855328238747670e-66
1.445885792891905051e-18
5.028066117397073859e-36
2.406560590734760281e-44
3.243247876774200097e-41
1.209159073673372139e-34
7.026000225336047795e-18
9.850398893886267234e-20
0.000000000000000000e+00
1.051637744630913963e-37
0.000000000000000000e+00
3.137968874987145438e-19
0.000000000000000000e+00
1.212122447441754865e-14
1.898700701383931352e-31
5.024655916843526166e-20
4.026652588930885493e-39
5.365852183375936425e-29
8.186818849204954417e-48
3.547531920116222004e-28
0.000000000000000000e+00
6.585161237520931450e-23
2.767945458985621418e-37
3.461442526969453752e-56
1.692450011835761787e-36
0.000000000000000000e+00
3.151337187264279615e-31
2.471697430268976792e-37
1.220333638917701300e-45
8.870152070348497305e-65
3.415546340544166924e-16
1.187857868825269653e-33
1.421311645524777037e-41
1.915217115517103846e-38
3.570354038698434540e-33
6.223332028665624744e-16
3.489979046584212613e-18
0.000000000000000000e+00
3.725713328036355637e-36
0.000000000000000000e+00
5.161837146880957838e-19
0.000000000000000000e+00
9.973627625204201328e-15
1.560292702238305677e-31
2.756631834305072997e-19
2.210578799234415030e-38
1.174964507040669460e-28
1.793195144606349021e-47
2.339166977292284108e-27
0.000000000000000000e+00
3.605191006154434856e-22
2.733078238844812354e-36
3.417811491238982286e-55
5.569638809016065434e-36
0.000000000000000000e+00
6.916030610514517548e-31
2.441379671967576085e-36
6.009566804458166551e-45
4.377667017809876700e-64
8.436315656891490626e-16
2.929243705131268498e-33
2.778343377780322316e-41
3.742433774981641964e-38
4.101345834073697377e-32
2.726133965044765945e-15
3.990340754382683933e-17
0.000000000000000000e+00
4.252798077691215635e-35
0.000000000000000000e+00
0.000000000000000000e+00
0.000000000000000000e+00
0.000000000000000000e+00
0.000000000000000000e+00
0.000000000000000000e+00
0.000000000000000000e+00
0.000000000000000000e+00
0.000000000000000000e+00
0.000000000000000000e+00
0.000000000000000000e+00
0.000000000000000000e+00
0.000000000000000000e+00
0.000000000000000000e+00
0.000000000000000000e+00
0.000000000000000000e+00
0.000000000000000000e+00
0.000000000000000000e+00
0.000000000000000000e+00
0.000000000000000000e+00
0.000000000000000000e+00
0.000000000000000000e+00
0.000000000000000000e+00
0.000000000000000000e+00
0.000000000000000000e+00
0.000000000000000000e+00
0.000000000000000000e+00
0.000000000000000000e+00
0.000000000000000000e+00
0.000000000000000000e+00
1.552052655681096960e+00
7.183296930516671621e-05
5.593122392566802326e+00
6.940441246280329324e+01
8.987331624153431509e-02
1.588128828501033984e+00
1.901283110159611667e+01
2.481683354057892185e-02
1.697261290997416339e+01
3.952986930470916427e+00
4.517343176809496637e-11
3.612702363703110819e+00
3.803282041424520211e-10
1.270329102155964544e-11
0.000000000000000000e+00
0.000000000000000000e+00
1.209859464584906461e-12
4.200440490341053081e-03
5.081940056887074936e-17
1.607830711674309754e+01
1.660121000275687265e+03
1.876620490804974839e+00
0.000000000000000000e+00
2.003609361908134190e+01
1.133685559537866983e+00
1.798239971653555980e+00
3.039381321142148665e-02
8.453392191863208505e-02
5.075993331583822510e+02
1.178770527284105754e+02
2.735888243042075487e+02
2.000582692273469282e-11
7.135681508086815228e+00
1.284429683573601721e+02
1.316282291890391889e+02
2.328944757573244217e+01
5.909583190031558075e+01
1.174053491294278656e-13
1.916882857683895175e-11
1.167563155406445266e-09
1.990182616503969877e-09
1.751866275151777685e+01
3.489102189220002093e-09
6.467211973226056898e-01
1.268427742251419521e-01
6.356137401060292513e-02
1.252802956087549973e+02
1.615650757677046620e-13
9.996226572059635146e+03
3.590829682597327821e+00
4.255171118552647513e-01
7.957347513867621958e-01
2.488291290540837863e+01
9.762110217523382871e-02
9.762900636663012222e-01
1.133550471605414245e+01
4.070067432668633134e-01
1.023926696576790696e-01
1.252784997079873508e-01
2.674174455813773665e+00
2.866021546888426919e+00
1.012234451487279731e-02
1.689463415661002728e+02
1.498520821459422514e+01
4.456102727462486063e-02
5.291040680367750104e-01
7.726001874363784827e-01
2.356388532312370110e-01
2.181514360771026872e+01
2.638720849360311177e-13
8.122228132333619999e-11
3.435719125953895059e+02
0.000000000000000000e+00
3.854831113480590687e+01
3.131039367934721795e+01
1.946296657233106089e+02
1.882934808851494946e-01
8.065510632760839460e-01
6.480897720703308096e+01
0.000000000000000000e+00
1.879374183112026865e-11
2.430314039246089663e+01
9.352634560147714697e-11
3.572999190187673979e-01
4.110645644484684137e-11
4.404904931690667609e-04
1.590164545072567104e-02
2.005877986157731385e-01
7.669523918482808194e-17
5.028810481360470458e-02
0.000000000000000000e+00
7.151540603535907481e-01
1.660762689120008628e-01
5.273189484576317199e+00
4.283076741389570508e+00
2.328966819280575962e+01
6.306335025014005383e-15
1.370781130565171225e-14
6.271293053936829540e-11
1.363046783973627897e-10
8.241599905001260589e-14
1.389053941737706382e-03
1.079564088200628096e-03
9.781980294185145010e-04
1.499451734759355004e-01
2.582784654354834935e-03
5.148791109072054645e-02
0.000000000000000000e+00
4.126244741914675883e-14
2.806627983523648058e-13
8.355862904293284059e-04
4.564955643307691651e-14
5.693115601683710349e-13
0.000000000000000000e+00
2.237125112286963618e-12
4.710245118226214639e-02
2.218275768459995853e-04
1.023629875317200958e-03
2.377119634255567683e-04
1.146319787878478706e+02
4.082195300482347022e+00
3.232616605392495401e-01
8.204331707140896768e+00
1.905244301109856764e+00
5.650797441561539181e+00
0.000000000000000000e+00
0.000000000000000000e+00
0.000000000000000000e+00
0.000000000000000000e+00
5.877199327357613612e+01
6.737052169648195843e+01
0.000000000000000000e+00
0.000000000000000000e+00
0.000000000000000000e+00
0.000000000000000000e+00
0.000000000000000000e+00
6.121303564574756551e-03
1.509140963470643939e-03
0.000000000000000000e+00
1.182769998121957229e-03
2.922135919236642718e-03
5.376216566653199691e-03
5.376216566653199691e-03
5.376216566653199691e-03
5.376216566653199691e-03
2.841175799086735621e-02
3.794982358112791161e-06
1.136597315556821773e-02
5.376216566653199691e-03
5.376216566653199691e-03
5.376216566653199691e-03
5.376216566653199691e-03
5.376216566653199691e-03
5.376216566653199691e-03
5.376216566653199691e-03
5.376216566653199691e-03
5.376216566653199691e-03
5.376216566653199691e-03
5.376216566653199691e-03
5.376216566653199691e-03
5.376216566653199691e-03
5.717773419555999964e-04
9.420411206955300182e-03
4.703248135821100177e-03
1.498765032630679922e-02
2.770337121422000162e-04
2.087240296962000101e-04
1.361133672443100382e-03
6.324960666650855309e-04
3.049903304354187328e-03
3.081525674787599818e-03
0.000000000000000000e+00
8.557679755932171353e-03
1.782378203724171474e-03
3.080261673688514199e-03
7.653219387295572083e-04
1.579978151604456314e-03
2.796901451767927135e-02
4.083402010349714874e-03
7.589964716225612816e-06
5.488809483950398728e-03
1.407685555338008924e-02
6.313588628841443513e-03
4.137795714811313974e-02
4.064427595069372914e-03
6.906862926662428372e-04
1.884846202964572583e-04
1.121670087042126937e-02
6.793018421020998506e-04
3.162480333325427655e-04
2.101154735764842758e-03
8.880283543492863661e-04
0.000000000000000000e+00
7.825247664306311801e-03
3.998013869585920754e-01
1.145831971232304583e-02
1.264994119370919446e-06
0.000000000000000000e+00
4.141590250310243568e-03
2.529988238741870656e-06
1.264994119370919446e-06
3.288984710364429312e-05
6.552674503442572872e-04
3.162480333325427655e-04
1.095484907375200018e-03
5.116901709365556834e-03
2.128987088942029243e-03
1.505343002051000019e-04
5.464784525886147871e-04
3.162480333325427655e-03
0.000000000000000000e+00
3.162480333325427655e-04
4.882877300770994793e-04
2.099890238155700112e-03
8.423590379278866891e-03
4.457837290622371738e-03
2.839910804967285714e-03
5.059976477483741313e-06
6.957467656540143543e-05
2.642572715365798866e-03
2.034110047438243002e-03
1.412492384038564232e-02
1.295354474745957253e-03
6.617183741919144616e-03
3.595110308190957015e-03
3.104295072426042131e-03
1.021988252529582725e-02
3.162480333325427655e-04
6.008720577481328762e-03
2.488241943272028172e-03
2.301022813605128371e-03
4.819627594803199688e-03
3.162480333325433076e-04
0.000000000000000000e+00
1.320654357133358575e-03
2.039295728911380556e-02
7.005540908647495991e-03
7.640574411204146708e-04
3.434204843643762911e-02
7.333170413483041175e-03
5.108045260999384725e-03
2.053083469698170800e-03
2.202356747865529419e-03
2.889249051194086280e-03
1.493957558466843267e-03
7.794891281012713072e-03
1.951884436658728357e-03
1.264994119370919446e-06
1.011995295496748601e-05
2.197294388139163848e-02
1.623493601753717153e-02
5.992277143460099549e-03
7.211732964064274803e-03
4.288335029768574214e-04
1.959096243716712191e-02
1.948090943831200022e-03
9.474815884292144431e-04
8.536180814025254304e-03
3.404098678716942824e-03
3.219410530309157071e-03
3.501503722418699942e-03
1.788703174321072328e-03
2.909486474553155913e-05
5.740537852093170745e-03
1.657142296375000887e-04
5.059976477483741313e-06
1.739873308990935383e-02
0.000000000000000000e+00
6.324970596854693582e-06
5.059976477483741313e-06
4.933477065546644307e-05
3.225739969497572754e-04
4.317425425923156722e-03
6.324960666650855309e-04
8.032712658005000325e-04
2.024040242005716297e-05
0.000000000000000000e+00
