1.897392000000000053e+03
3.267574425550027399e+02
6.460506787558883524e+00
1.655466024982250985e+02
4.564442850351769221e-01
2.404891207072632772e-76
3.496343962942354813e-103
6.450320549391199698e+00
6.432928259277516325e+00
6.431867363470483490e+00
6.337458178070243697e+00
6.333686692627789050e+00
6.325086132715074250e+00
6.323906608374256777e+00
6.301710655963915109e+00
6.274780329825135006e+00
6.241030806520218022e+00
6.436591926151329801e+00
6.400756212803760725e+00
6.353225671874326075e+00
6.325035300487795276e+00
6.287558404369195664e+00
6.218479136477016667e+00
6.194262464111570665e+00
6.179654222996632917e+00
6.156830340935561807e+00
6.148334226506959155e+00
8.512749489313911067e-01
7.003607841872378970e+01
1.850787414616442916e+01
2.310435810699327337e-04
1.094743050795753201e-05
0.000000000000000000e+00
0.000000000000000000e+00
3.229977288031544447e+01
1.524626378444386035e+02
0.000000000000000000e+00
7.429623105227325830e+00
1.765025308470371312e+00
7.964277947655716162e+03
3.995282521982457702e+00
3.921426202091973789e-02
1.130114318808224425e+03
7.315093645606981498e-01
1.584837367713334944e+00
2.165888615576277942e+01
4.435373302614111779e+00
2.544842489015078923e-01
8.883875907033722541e-01
2.742065298500480086e+00
1.140844586662972482e+01
1.122778180327466568e+00
1.412753781932531467e+02
4.931330712050561260e+01
1.602880212060407672e+01
5.529830892582246804e+01
4.023231450584298763e+00
1.404900120273035924e+01
5.186100287126829578e+00
1.274346713904255690e+00
2.048264756517144392e+01
5.906634067375481356e-01
1.088186174986857253e+02
1.153659297793960370e+01
4.204531903373966095e+00
4.137670979174958319e+01
3.443553433524140672e+00
3.900480625643633736e+00
6.841730715078765401e-01
7.116751877403629578e+01
7.300332521657496576e-01
9.402869709353820937e+00
2.651896108167819222e+01
1.674039118979352381e+01
8.413442005297058768e-02
1.497720318032879916e-01
8.996225294901181769e+03
2.256686329742173758e+00
2.897155303753596201e+00
3.768640472979888356e-01
3.178990434094430828e-02
3.614593174686819843e-02
2.371416292378808119e-03
0.000000000000000000e+00
5.256720657828593879e+00
0.000000000000000000e+00
0.000000000000000000e+00
6.257839606071189387e-01
0.000000000000000000e+00
1.537813681757863016e+01
0.000000000000000000e+00
6.034668262661275519e-04
2.861836125043106058e-03
5.446615723531534397e-06
8.496735116163294776e+01
8.098689736178650220e-03
9.056303447682320445e-05
4.969933774569482487e+00
1.420867856160806474e-09
2.781604919192192800e-05
4.055371693203544065e-09
1.426014722579628824e+01
8.084151064390086936e-05
3.268737188011832018e+02
9.261799562999351591e-07
3.909285436624524435e-01
6.295307146577248858e+01
1.089577876074110195e-04
2.729209915291236742e-06
3.943291144242495960e+01
3.302199358694914177e-04
1.188218564089205387e+02
1.024389478897659990e-07
1.166069494705217782e-04
1.563097486140997087e-03
5.632294174915688068e+00
2.696746406013485198e-02
7.725171044863007050e-05
1.314636928388416594e-03
1.886743447837831869e-07
3.125475471154048229e-06
2.259988156936251926e+03
1.346886049761222237e-06
9.622265477898179543e-05
1.759355814293779986e+04
9.732546221153607485e-03
9.662946942813137319e-02
1.831109549598115791e+03
1.012948148698937772e-03
6.970892572588208852e-03
6.739846969981973940e-03
8.016424516740791595e-02
8.533527254776537241e-07
3.176160893995119694e-01
7.094503739297852513e-11
1.369738881240559052e-12
1.678697720525567421e-12
2.682095281909772770e-04
1.213211777345047977e-10
8.246121956893287530e-02
6.085810142565725833e+00
1.525709504060413545e-11
2.103905369473767305e-12
1.268546373323726980e-12
1.848626691258107792e-09
2.516097042408388129e-10
1.571615428874785394e-10
5.324503862341940637e-12
1.997207898483409100e-18
6.463937274201148125e-10
1.004775253621589553e-12
2.006064440914884068e-10
1.183241946067716608e-14
2.861176738779933612e-09
2.879127800246240131e-12
6.770003251612139780e-16
4.902239456423972224e-18
6.124697963999214259e-19
2.981111347291365414e-16
3.985344199445102492e-17
3.956625157136058870e-17
0.000000000000000000e+00
2.775524111780039860e+01
5.236750356771010928e+01
2.135305912725841135e-04
4.029547395844521843e-04
4.951940996443830387e-05
2.295487460647671993e-13
4.331272341552300788e-13
0.000000000000000000e+00
1.710233306309613965e+01
2.160543184834900164e-04
2.031740424142957302e+00
2.930441456145546630e-02
2.686754389438781535e-03
7.703386233563775942e-01
5.926490333482803177e-06
1.374400198100744619e-06
6.370995617648627692e-15
4.559529884979038882e-11
1.057391208726573877e-11
4.901508865343852685e-20
1.136698851508014341e-20
5.269137337930402365e-29
2.924880349881169295e-01
4.127940654477975368e-03
1.428003189867302458e+00
8.063257820016668173e-03
3.748109362584743378e-16
6.079512491741908563e-24
2.802584467952966255e-32
1.993269191452049864e-17
6.438494906308221676e-20
1.013294491585598265e-17
3.143910865192290130e-19
0.000000000000000000e+00
8.562726584372823266e-15
7.124906840542931785e-20
7.360044316955445453e-29
1.160388110823821414e-27
1.450784123425656381e-22
3.006925239340853792e-28
0.000000000000000000e+00
1.345053034359015646e-36
5.337492642368664212e-36
0.000000000000000000e+00
6.682092344895544160e-31
1.233559991025034738e-36
5.712264937803999698e-45
2.917513964848974874e-16
2.598343160596104578e-38
1.254286929746191622e-16
1.609136262055019942e-17
0.000000000000000000e+00
2.267105541796114403e-31
1.522219796011027111e-38
2.966133689272886005e-47
6.140686838254413831e-47
4.702185339393140536e-55
1.179652351331555033e-63
9.595096381382261912e-34
2.071993572692662682e-41
1.036715869814773730e-33
4.935249642935953476e-35
0.000000000000000000e+00
5.237609516906799101e+00
4.029522985209004501e-05
4.331754414020675952e-14
3.126510914336873048e-19
0.000000000000000000e+00
8.435784223351770603e-15
2.233477211536883111e-31
7.085029773521553066e-20
1.513495062799498319e-38
7.318863822172783003e-29
2.949363732904806868e-47
1.159353641975167333e-27
0.000000000000000000e+00
1.442509706300719584e-22
1.343692157651897978e-36
4.696920646631183745e-55
5.332735796190911794e-36
0.000000000000000000e+00
6.644972456156691956e-31
1.232356274483811115e-36
5.706755844970019100e-45
1.178489619575140505e-63
2.915188956834579985e-16
9.586654502646246813e-34
2.069491260765213189e-41
2.595193932132540424e-38
1.035273810701768222e-33
1.252720468741147635e-16
1.607271727598297091e-17
0.000000000000000000e+00
4.928672919992945326e-35
0.000000000000000000e+00
1.867877461020807822e-17
0.000000000000000000e+00
5.649340880380909037e-35
0.000000000000000000e+00
2.183626016132007593e-23
0.000000000000000000e+00
5.942022508757913586e-19
1.549288540215203947e-35
4.950010288377772214e-24
1.045492647640370465e-42
5.058426607791277400e-33
2.013105640782005267e-51
8.230712621566298509e-32
0.000000000000000000e+00
1.011860392163478853e-26
9.428311543195660838e-41
3.256543359492871439e-59
3.737517860892981735e-40
0.000000000000000000e+00
4.600708125411025181e-35
8.640251293220090821e-41
3.953946511531259005e-49
8.070540666309779543e-68
2.054061326712459333e-20
6.675618990278453596e-38
1.436533333786838478e-45
1.804014704437073492e-42
7.035551713997188506e-38
8.715997209197696323e-21
1.120493972087030484e-21
0.000000000000000000e+00
3.379296870829628966e-39
0.000000000000000000e+00
1.848922347178168072e-18
0.000000000000000000e+00
1.390105800624065989e-13
3.552813142030930295e-30
4.192028610756850967e-19
8.723721363234140093e-38
4.226130102778630813e-28
1.655434963860278855e-46
5.571421868426992223e-28
0.000000000000000000e+00
8.609435078725907552e-22
6.350316368727667899e-37
2.182466425930852527e-55
2.516658880266715271e-36
0.000000000000000000e+00
3.851359144193162203e-30
5.817917245358790224e-37
2.649800931494188849e-45
5.383328657092560820e-64
1.398703925003273243e-16
4.522969248286618598e-34
9.641575612154233817e-42
1.210620755701687573e-38
4.716144943777248315e-34
5.900990261006040840e-17
2.583031098217283093e-17
0.000000000000000000e+00
5.776829951404849238e-35
0.000000000000000000e+00
1.850556649698203595e-18
0.000000000000000000e+00
1.391314502032694249e-13
3.555959839803360505e-30
4.195733063838112227e-19
8.731536167430500526e-38
4.229912326075449500e-28
1.656938826481897538e-46
5.579344134179225507e-28
0.000000000000000000e+00
8.617009091586487228e-22
6.359423021193238148e-37
2.185623452368987605e-55
2.520270522346954721e-36
0.000000000000000000e+00
3.854799249967291157e-30
5.826264975129192580e-37
2.653635365682832913e-45
5.391184653707429041e-64
1.400694184681096346e-16
4.529460345724272941e-34
9.655503730755173819e-42
1.212368461506180473e-38
4.723036295179696920e-34
5.909465656175203860e-17
2.583282349376836271e-17
0.000000000000000000e+00
5.777564032386312605e-35
0.000000000000000000e+00
3.169698631858841380e-17
0.000000000000000000e+00
7.067984377417865642e-35
0.000000000000000000e+00
1.157703533214755557e-22
0.000000000000000000e+00
3.471166964525473209e-18
9.183734560426286147e-35
2.332230789484749146e-23
4.979068027616878217e-42
3.310680654592539269e-32
1.333590990710711384e-50
3.340018038239070603e-31
0.000000000000000000e+00
4.748925946294486925e-26
4.975013749396113103e-40
1.738337716671635996e-58
2.193724649241590137e-39
0.000000000000000000e+00
3.005704463660410356e-34
4.562396886267215576e-40
2.815874491206849997e-48
5.812739841537675416e-67
2.399122417723439186e-20
7.886877008456406386e-38
8.509275867577835688e-46
1.067184601552749446e-42
3.403917160921781199e-37
4.122149627049248633e-20
3.841873502701547078e-21
0.000000000000000000e+00
1.161499286961610152e-38
0.000000000000000000e+00
6.856944870411121706e-22
0.000000000000000000e+00
5.728103363858393796e-17
1.463980361767184853e-33
1.381930013865336696e-22
2.875832034876490380e-41
1.915600545776662520e-31
7.503717410256205502e-50
1.607947717738514205e-31
0.000000000000000000e+00
2.838157502050920440e-25
2.356368899645732117e-40
8.098372559945136657e-59
1.037605111909824086e-39
0.000000000000000000e+00
1.745735589248243175e-33
2.158826796681811015e-40
1.310998402218049519e-48
2.663420421103481768e-67
1.153356643576197674e-20
3.729592473738439611e-38
3.974975004851219316e-46
4.991079786671269469e-43
1.555476338130542481e-37
1.946262127097259612e-20
6.524773344853179860e-21
0.000000000000000000e+00
1.454894690593609491e-38
0.000000000000000000e+00
5.973280125695672860e-20
0.000000000000000000e+00
1.610547183608576788e-15
4.265289560614966891e-32
1.015170471540307111e-20
2.167169191156654748e-39
1.048342359438781109e-29
4.223689169497352853e-48
1.661377786250433688e-28
0.000000000000000000e+00
2.067167917991925135e-23
1.283309467058935565e-37
4.484798220509064357e-56
7.640371371183950197e-37
0.000000000000000000e+00
9.519914789149690713e-32
1.177094590842519691e-37
5.449554067027823750e-46
1.125100697283394138e-64
5.570257744184935479e-17
1.831349650965036941e-34
4.940408045468865615e-42
6.194906032095429060e-39
9.881841113779653477e-35
3.589029957947037784e-17
1.338059029183994715e-18
0.000000000000000000e+00
4.045333520927092577e-36
0.000000000000000000e+00
6.991479576632644654e-20
0.000000000000000000e+00
9.431946423118422784e-16
2.491728901433296742e-32
3.963402210299549021e-20
8.451108206196383164e-39
1.633131529931282775e-29
6.568838954948107894e-48
7.783470543331998228e-28
0.000000000000000000e+00
8.044000576678942184e-23
9.003231361232689966e-37
3.141531352525437926e-55
1.786448843030468076e-36
0.000000000000000000e+00
1.484966807923002326e-31
8.262252647307812803e-37
1.906767368960897097e-45
3.938628498474148627e-64
9.797517946927156204e-17
3.215837314231960161e-34
6.863954532345189849e-42
8.609073218518850253e-39
8.057746371883920587e-34
1.118503615337646244e-16
1.087647535732862839e-17
0.000000000000000000e+00
3.280756539034999957e-35
0.000000000000000000e+00
4.739971097972009120e-20
0.000000000000000000e+00
6.394463916078926108e-16
1.692628301053492666e-32
2.685742741761209364e-20
5.736285603758406506e-39
1.109409298714696638e-29
4.470541998490388804e-48
5.274246655940544802e-28
0.000000000000000000e+00
5.468486050707219013e-23
6.110915420219273998e-37
2.136031958349296018e-55
1.212782114823748777e-36
0.000000000000000000e+00
1.007413489165699413e-31
5.605201501816858267e-37
1.297623528188768723e-45
2.679231070661098721e-64
6.630783393041572555e-17
2.180164393655996288e-34
4.702209501609329268e-42
5.896772967264929193e-39
5.487508808024365266e-34
7.591305942173770498e-17
7.432992916823719486e-18
0.000000000000000000e+00
2.247538761493592191e-35
0.000000000000000000e+00
1.122612395403420398e-21
0.000000000000000000e+00
9.377990695996752710e-17
2.396774864269979058e-33
2.262496787501633408e-22
4.708257720229057672e-41
3.136168443981048507e-31
1.228479037354354876e-49
2.632548053017738171e-31
0.000000000000000000e+00
4.646651650635222253e-25
3.857800952409608244e-40
1.325841354245390309e-58
1.698755333658406721e-39
0.000000000000000000e+00
2.858092566210323601e-33
3.534407691789020318e-40
2.146326292358944848e-48
4.360417152669168641e-67
1.888285168227177911e-20
6.106046260641204981e-38
6.507406036627964648e-46
8.170872290403832504e-43
2.546418375686808185e-37
3.186239473757612863e-20
1.068211230083307905e-20
0.000000000000000000e+00
2.381842832226653808e-38
0.000000000000000000e+00
9.571935435273130809e-21
0.000000000000000000e+00
2.869974201205218244e-16
7.593138549351286355e-33
1.928297304684067640e-21
4.116708529120699236e-40
2.737280849689060514e-30
1.102616378266619992e-48
2.761540581738576558e-29
0.000000000000000000e+00
3.926430726105568809e-24
4.113359057095517956e-38
1.437262902552766434e-56
1.813779198938540102e-37
0.000000000000000000e+00
2.485125404988245491e-32
3.772205434146683744e-38
2.328173279805894160e-46
4.805987424673598005e-65
1.983603667031106016e-18
6.520896884453197655e-36
7.035494089163203760e-44
8.823514687892942459e-41
2.814366663755414649e-35
3.408207168212509517e-18
3.176474357545487580e-19
0.000000000000000000e+00
9.603310512000042874e-37
0.000000000000000000e+00
5.428137351007871086e-19
0.000000000000000000e+00
1.463510616719968300e-14
3.875945960602876842e-31
9.225201650656384192e-20
1.969317056757743975e-38
9.526506209103824152e-29
3.838114852167615552e-47
1.509759679862360919e-27
0.000000000000000000e+00
1.878518670502377493e-22
1.166178139728168406e-36
4.075412396797599803e-55
6.943044832654932587e-36
0.000000000000000000e+00
8.651022130183684996e-31
1.069662924564267545e-36
4.952127294587880942e-45
1.022391753970565570e-63
5.061924237501121217e-16
1.664205003661298812e-33
4.489469152797638358e-41
5.629438752868290961e-38
8.979697093198308561e-34
3.261452327247136898e-16
1.215935399995130123e-17
0.000000000000000000e+00
3.676051675460680132e-35
0.000000000000000000e+00
6.919531745778065304e-19
0.000000000000000000e+00
9.334884880952367167e-15
2.466052908262131530e-31
3.922629602400483419e-19
8.364071685538277728e-38
1.616302684834098179e-28
6.501065751068803148e-47
7.703401020534427665e-27
0.000000000000000000e+00
7.961069325713913038e-22
8.910508710008727831e-36
3.109139471165806725e-54
1.768048362936741315e-35
0.000000000000000000e+00
1.469678568197854296e-30
8.177189724317594909e-36
1.887095163452749709e-44
3.898005231218601245e-63
9.696812757603157548e-16
3.182744426457588416e-33
6.792818782968042822e-41
8.519861238606222553e-38
7.974572482738278790e-33
1.106984842195586672e-15
1.076463721495156289e-16
0.000000000000000000e+00
3.247010708502287795e-34
0.000000000000000000e+00
0.000000000000000000e+00
0.000000000000000000e+00
0.000000000000000000e+00
0.000000000000000000e+00
0.000000000000000000e+00
0.000000000000000000e+00
0.000000000000000000e+00
0.000000000000000000e+00
0.000000000000000000e+00
0.000000000000000000e+00
0.000000000000000000e+00
0.000000000000000000e+00
0.000000000000000000e+00
0.000000000000000000e+00
0.000000000000000000e+00
0.000000000000000000e+00
0.000000000000000000e+00
0.000000000000000000e+00
0.000000000000000000e+00
0.000000000000000000e+00
0.000000000000000000e+00
0.000000000000000000e+00
0.000000000000000000e+00
0.000000000000000000e+00
0.000000000000000000e+00
0.000000000000000000e+00
0.000000000000000000e+00
0.000000000000000000e+00
0.000000000000000000e+00
1.541918996622143823e+00
7.183297634321089524e-05
6.297996019581606042e+00
6.245786361493916417e+01
1.070463077971202936e-01
2.018647897579332273e+00
2.437073097800520571e+01
2.788784343904566337e-02
1.457859033720785646e+01
3.928877743593831351e+00
1.537722310578476915e-10
2.654469392233865133e+00
5.362172165752085569e-10
4.446112629151979109e-11
0.000000000000000000e+00
0.000000000000000000e+00
1.429751235281046758e-12
4.200440861880638636e-03
6.005581378535348980e-17
1.694038100262530122e+01
1.653609149214617219e+03
1.741208887736481081e+00
0.000000000000000000e+00
2.364137694842777648e+01
1.253854835437339776e+00
2.095012027999013871e+00
2.278588164576481404e-02
7.972595252289359224e-02
4.278648631847780734e+02
1.223400733514804841e+02
3.497617759557907107e+02
1.648137390292161072e-11
7.610869410428533932e+00
1.369960550841114184e+02
1.239884259771695412e+02
2.339753152966216376e+01
5.937228531113795071e+01
7.606040979566395519e-14
1.274316706483336184e-11
1.471189853450525524e-09
2.627346799958740483e-09
1.286222333132478823e+01
3.426868049720194551e-09
6.467212016347818615e-01
1.956048849778590226e-01
9.780617755666146107e-02
2.474723145044255830e+02
1.910656719161117835e-13
9.996307594133035309e+03
3.562907397449320168e+00
4.375847261495895979e-01
7.227333259809857191e-01
2.268176610205504318e+01
8.530567900175049789e-02
8.531016973991486507e-01
1.095798910980608909e+01
3.903954612766823984e-01
8.688412964038390307e-02
1.077450062469356012e-01
3.067666032870202120e+00
2.950484767826003107e+00
8.840071608603363579e-03
1.862942795281347514e+02
1.444197125459125886e+01
3.363167849830284162e-02
5.553407867534725373e-01
8.127563220110135545e-01
1.867147544643130430e-01
2.090223116082838573e+01
2.987541397893890331e-13
9.177193535984483644e-11
3.450352761905617740e+02
0.000000000000000000e+00
2.799640620796429147e+01
2.611800918215133294e+01
2.075808447223260487e+02
1.708898893229727767e-01
6.401088082992456574e-01
7.570981475760446244e+01
0.000000000000000000e+00
2.532845040322615485e-11
2.351679912389857918e+01
3.165048473723957867e-10
3.886829822260929879e-01
1.561905158341107567e-10
4.124596939362686391e-04
2.020056543459987711e-02
2.366129560958078193e-01
9.027850039640350080e-17
4.916120852465245827e-02
0.000000000000000000e+00
5.685316466197974927e-01
1.625611482443486966e-01
4.896029765977998771e+00
4.567534557281475394e+00
2.339773428315592341e+01
4.104581756621529436e-15
9.471833604369925818e-15
7.938388678517419257e-11
1.831713453788868680e-10
9.370766017836399147e-14
1.417339743969606072e-03
9.405056512135546607e-04
8.545006178518067255e-04
1.444794291048116797e-01
2.368802908752135755e-03
5.763732185350738807e-02
0.000000000000000000e+00
1.571017690278521773e-13
9.505259952163920034e-13
6.626653881450649160e-04
1.587949480710388210e-13
3.912389367970134575e-13
0.000000000000000000e+00
1.586197196004455962e-12
3.807895392320605199e-02
1.449991522704342838e-04
5.640002967749620753e-04
1.612654921455979919e-04
1.119994565111798721e+02
4.339777786198356857e+00
4.387753153809254569e-01
9.386777407800723338e+00
2.683976041204192864e+00
5.126985671193313721e+00
0.000000000000000000e+00
0.000000000000000000e+00
0.000000000000000000e+00
0.000000000000000000e+00
5.950187856225875294e+01
6.664063640780049980e+01
0.000000000000000000e+00
0.000000000000000000e+00
0.000000000000000000e+00
0.000000000000000000e+00
0.000000000000000000e+00
5.488807497909671020e-03
3.090381130133357333e-03
9.361006134355707173e-05
1.815266064787042759e-03
2.605887885904099952e-03
5.376216566653199691e-03
5.376216566653199691e-03
5.376216566653199691e-03
5.376216566653199691e-03
2.493302962420938448e-02
3.794982358112791161e-06
1.136597315556821773e-02
5.376216566653199691e-03
5.376216566653199691e-03
5.376216566653199691e-03
5.376216566653199691e-03
5.376216566653199691e-03
5.376216566653199691e-03
5.376216566653199691e-03
5.376216566653199691e-03
5.376216566653199691e-03
5.376216566653199691e-03
5.376216566653199691e-03
5.376216566653199691e-03
5.376216566653199691e-03
5.717773419555999964e-04
9.420411206955300182e-03
4.703248135821100177e-03
1.498765032630679922e-02
2.770337121422000162e-04
2.087240296962000101e-04
2.309877772440728678e-03
2.455352096168327697e-03
4.314895437684357522e-03
4.662765841450313212e-03
0.000000000000000000e+00
3.813959255944029438e-03
1.149882137059087678e-03
2.764013640355971000e-03
1.714066038727185288e-03
1.896226184936998863e-03
2.607152631768401216e-02
2.502161843687001914e-03
7.589964716225612816e-06
5.172561450617856396e-03
6.803150786731625155e-03
7.894828795504156907e-03
5.402787848141484689e-02
5.329419728399542242e-03
0.000000000000000000e+00
0.000000000000000000e+00
7.737972503763298517e-03
9.955498754346426161e-04
9.234506722425720501e-05
1.784906702432298691e-03
3.734260654342171689e-03
2.023990590993499574e-05
4.346519297648343549e-03
4.842396118583809916e-01
1.240706381232067369e-02
1.264994119370919446e-06
0.000000000000000000e+00
4.457838283642785900e-03
2.529988238741870656e-06
1.264994119370919446e-06
3.288984710364431345e-05
1.920259583674428349e-03
0.000000000000000000e+00
4.629888407101145410e-04
2.586917442705214711e-03
3.710227255604743070e-03
4.667823335376427673e-04
1.495222552586242867e-03
2.075855846397856464e-03
2.656487650678970711e-05
0.000000000000000000e+00
0.000000000000000000e+00
2.732386304820785643e-03
4.312365945955813976e-03
4.141589257289828539e-03
1.891166704969657201e-03
5.059976477483741313e-06
3.858227098979440518e-04
2.958820748698341632e-03
1.717862014105700236e-03
1.444117187371818552e-02
9.791064414134144876e-04
6.933431775251686080e-03
1.065126041530614675e-03
3.736791139091128096e-03
7.057402191970397858e-03
0.000000000000000000e+00
5.692472544148785563e-03
1.223249809941857110e-03
3.249766913602756668e-03
3.238387428140486295e-03
3.162480333325433076e-04
1.404423392392851812e-18
5.566222380318747262e-05
9.324276122474802267e-03
9.535525175307838983e-03
7.640574411204146708e-04
2.011088693647320250e-02
5.119434180155243118e-03
4.475549194334299194e-03
1.420587403033085052e-03
3.151100847863157715e-03
3.521745117859171811e-03
5.452134584692145368e-04
7.478643247680168138e-03
1.635636403326185592e-03
1.264994119370919446e-06
1.011995295496748601e-05
2.197294388139163848e-02
1.908116831753006032e-02
4.727285010129928487e-03
8.792973130726980391e-03
4.288335029768574214e-04
2.781341130381324855e-02
3.845579143826456398e-03
1.263729621761757209e-03
7.271188680695083242e-03
3.404098678716943258e-03
2.270666430311528775e-03
9.715194557583577096e-04
1.788703174321071895e-03
2.909486474553155913e-05
2.578057518767742657e-03
3.162480333325427655e-04
5.059976477483741313e-06
2.119370948989986528e-02
0.000000000000000000e+00
6.324970596854693582e-06
5.059976477483741313e-06
4.933477065546647018e-05
6.388220302823000409e-04
4.949921492588242253e-03
8.095957398871426319e-04
8.032712658005000325e-04
2.024040242005723073e-05
0.000000000000000000e+00
