1.897392000000000053e+03
3.404392701566748087e+02
9.520137193679000021e+00
1.435317777830839532e+02
6.552363795154882986e+00
9.045513863539650605e-67
3.503243843714551291e-102
9.524268095167570891e+00
9.531004877236723516e+00
9.531414546221681050e+00
9.556982057089079774e+00
9.557985079862509892e+00
9.560178537080499694e+00
9.560477589532116127e+00
9.565559557755547004e+00
9.571115884767280590e+00
9.577438716062813384e+00
9.529455618457001620e+00
9.541563377728762063e+00
9.554510126631054590e+00
9.561278266432859496e+00
9.569259081922258048e+00
9.581751694660338714e+00
9.585810330486820519e+00
9.588117821080416547e+00
9.591199272969326728e+00
9.592256421645485531e+00
1.799355318866399656e-01
6.618576712496347625e+01
1.413345485437902127e+01
6.976753366023288319e-04
1.227770068076440078e-05
0.000000000000000000e+00
0.000000000000000000e+00
5.582595851040239410e+01
1.526217343079620719e+02
0.000000000000000000e+00
6.335203651811762704e+00
1.512403832098667911e+00
7.969321461875822024e+03
3.513417572993647209e+00
3.576015377339188117e-02
1.128916802628353025e+03
8.084062292817284501e-01
1.534115031725589384e+00
1.975638645881900501e+01
4.008920110475501453e+00
2.546959174447914753e-01
8.895682531437830720e-01
2.746660861712259205e+00
1.140867329922503437e+01
1.121947881917519707e+00
1.412884081610710609e+02
4.925402654252498991e+01
1.602254468720848735e+01
5.529829673627272513e+01
4.022651939928999276e+00
1.404452571338041444e+01
5.207122457354066647e+00
1.276162086464977641e+00
2.043379277586078402e+01
5.940319902146392606e-01
1.088119956948545024e+02
1.157961414710822723e+01
4.204357727559771440e+00
4.149257549750650043e+01
3.443651913085881144e+00
3.900587656127314506e+00
6.841893963416757485e-01
7.116751211504256958e+01
7.300519304610399995e-01
9.402894166559571332e+00
2.651895146344999077e+01
1.674039600020332941e+01
8.392817265666377424e-02
1.497720318032879916e-01
8.992465211254140740e+03
1.977024511580963484e+00
2.895400248152999900e+00
3.388894547807744795e-01
3.183915986682162719e-02
3.627753869581042123e-02
2.370508812089411679e-03
0.000000000000000000e+00
4.683729688761383514e+00
0.000000000000000000e+00
0.000000000000000000e+00
8.248769485074457508e-01
0.000000000000000000e+00
1.555904572367969507e+01
0.000000000000000000e+00
6.069510513522231431e-04
2.861794583008127422e-03
5.481032272144253822e-06
8.620331005499407695e+01
8.263147960905919270e-03
1.210843832388872342e-04
4.856487155541587164e+00
1.856354909031183794e-09
3.167757610400601424e-05
4.672657506672615264e-09
1.087645123682664483e+01
8.243924470478510935e-05
3.237540479952336909e+02
1.226495346661510375e-06
3.910430419025962556e-01
6.476270148106777924e+01
1.126027589597946053e-04
2.867778747660167714e-06
3.741468420457278654e+01
3.288223812252747541e-04
1.124538246282571805e+02
1.018730701970342673e-07
1.328188290001945963e-04
1.797961532433853347e-03
5.343043671077920997e+00
2.946523419329076868e-02
1.022149684460934682e-04
1.682874438503112295e-03
3.303662080817858703e-07
5.490242958390344701e-06
2.259968945095169602e+03
2.358545398759434165e-06
2.665371691823765089e-04
1.754226014646768454e+04
2.688170837643568886e-02
2.692937696904226796e-01
1.895267746477981063e+03
2.904300731302747376e-03
2.095832883674107056e-02
1.886721518437436268e-02
9.331366653321568339e-02
2.780783934822396650e-06
3.420026656548036392e-01
1.099256925016247056e-10
1.818081444740292803e-12
2.219713352283156982e-12
9.006083551463380183e-04
1.209927140984625298e-10
2.111563747400179436e-01
6.091932704267483345e+00
1.730995540410648287e-11
1.760238623866363101e-12
1.067328255578709470e-12
1.974569655617139137e-09
1.940809667511700996e-10
1.160328930049182819e-10
3.196961748996208190e-12
1.134901950259908479e-18
3.606036910195802622e-10
5.989370927460473050e-13
1.194497211804610043e-10
1.606228215976674563e-14
3.251909710326706918e-09
3.242980236787153395e-12
3.515280166768894924e-16
4.918434045299596694e-18
3.816114456691809888e-19
2.486380655476509423e-16
5.235937265727842576e-17
1.321826221607666565e-17
0.000000000000000000e+00
3.490678171916380990e+01
6.538627051421541125e+01
2.137330696757647728e-04
4.004250233545315679e-04
4.895685392073143092e-05
2.306391972637210238e-13
4.320430455171237897e-13
0.000000000000000000e+00
1.531085711892736256e+01
2.160542762189630959e-04
2.058463150802186448e+00
4.634428930225963084e-02
7.628056110433937415e-03
1.218466176331679529e+00
7.460631643686661547e-06
1.708902026031221423e-06
8.050667635907295704e-15
4.568191452646671740e-11
1.046371406806170715e-11
4.929474182903893977e-20
1.129125363741239575e-20
5.319329536677369630e-29
2.344203551556709730e-01
4.237246029480216079e-03
1.532010158379377707e+00
2.803646465522747350e-02
2.087975372740687432e-16
4.503875362632054357e-24
2.180728970059893009e-32
1.267816159592253593e-17
5.370369523144744569e-20
1.290029482440454061e-17
1.832264724077263160e-19
0.000000000000000000e+00
6.082746751164035539e-15
4.075091869813729967e-20
4.148561184031205594e-29
8.555768905943434071e-28
1.335926637218478302e-22
2.202381081124873253e-28
0.000000000000000000e+00
9.905636720831540540e-37
4.144788034239790472e-36
0.000000000000000000e+00
6.500189903954528839e-31
9.422693466992199136e-37
4.449869146333122202e-45
1.669376077538554332e-16
1.730847811078057535e-38
1.582548252177913089e-16
5.385278242695466548e-18
0.000000000000000000e+00
8.250449125575185317e-32
8.335182525835725642e-39
1.548973948365680405e-47
4.283573777247054455e-47
3.423288165997908632e-55
8.746055967685308236e-64
3.609235162413208301e-34
1.441496513375549333e-41
1.744729655743656116e-33
5.473977159366348881e-36
0.000000000000000000e+00
6.539645226464815941e+00
4.004248083993804363e-05
4.320935059253706327e-14
1.821495381559992500e-19
0.000000000000000000e+00
5.986346805079084609e-15
8.120005051046019891e-32
4.050877782544618261e-20
8.284468569341503577e-39
4.123851038092421740e-29
1.539666819077462157e-47
8.547139006481136256e-28
0.000000000000000000e+00
1.327668965652311536e-22
9.894142187328027145e-37
3.418874790069293195e-55
4.140743572827340036e-36
0.000000000000000000e+00
6.461441686320770484e-31
9.412143635377510601e-37
4.445110638299229022e-45
8.736541173868582788e-64
1.668059812127983813e-16
3.606396628431844997e-34
1.439595673302789579e-41
1.728551737973320763e-38
1.742364918331916561e-33
1.580435990978111823e-16
5.378521325146254609e-18
0.000000000000000000e+00
5.466408139226402333e-36
0.000000000000000000e+00
6.182304026408010318e-18
0.000000000000000000e+00
6.218871190330525984e-36
0.000000000000000000e+00
1.288918589411536667e-23
0.000000000000000000e+00
4.272657167458942098e-19
5.777318283897284526e-36
2.864814632460708056e-24
5.797221555532297891e-43
2.885866677266391112e-33
1.066335979455994054e-51
6.084261739675337521e-32
0.000000000000000000e+00
9.343704280113857309e-27
6.961635837912093062e-41
2.377382451325216665e-59
2.910199819482461039e-40
0.000000000000000000e+00
4.490204878382104753e-35
6.614659484889978897e-41
3.088317486097513061e-49
6.000890507479818419e-68
1.188758552198782680e-20
2.571206568357642907e-38
1.005781889243322328e-45
1.208438847156517680e-42
1.207913021164109132e-37
1.108601946018071893e-20
3.791271885235184874e-22
0.000000000000000000e+00
3.814102237652543261e-40
0.000000000000000000e+00
1.171722110369467562e-18
0.000000000000000000e+00
1.071596334217653200e-13
1.442412510910790028e-30
2.602059601446853394e-19
5.192817549764862311e-38
2.586680446091860571e-28
9.430991882284094108e-47
4.326561088467236904e-28
0.000000000000000000e+00
8.430498003335332289e-22
4.926201507498747592e-37
1.674146614207508404e-55
2.058956400025366490e-36
0.000000000000000000e+00
3.989133727408020659e-30
4.678680320231560477e-37
2.174734099615762794e-45
4.207028390200006024e-64
8.533711906401817347e-17
1.846322233111111474e-34
7.093369313006705082e-42
8.526787093279527625e-39
8.554239004754884753e-34
7.898458006646748940e-17
1.185285645972251398e-17
0.000000000000000000e+00
9.962791844520870595e-36
0.000000000000000000e+00
1.172750662429795254e-18
0.000000000000000000e+00
1.072522949537284682e-13
1.443664731426596427e-30
2.604345430273133973e-19
5.197437448509904323e-38
2.588980891420057506e-28
9.439484162602166195e-47
4.332725056782949385e-28
0.000000000000000000e+00
8.437948110041444089e-22
4.933279059971334538e-37
1.676572485425765821e-55
2.061916503544616082e-36
0.000000000000000000e+00
3.992710977596273621e-30
4.685407794427870031e-37
2.177886762930734377e-45
4.213177414815921300e-64
8.545803413582974501e-17
1.848937372955082843e-34
7.103615031030961730e-42
8.539096106610396935e-39
8.566616130158646359e-34
7.909782717721591886e-17
1.185378264777660244e-17
0.000000000000000000e+00
9.963698069127429498e-36
0.000000000000000000e+00
1.452424901054893236e-17
0.000000000000000000e+00
1.219275109778071817e-35
0.000000000000000000e+00
5.284857179350594822e-23
0.000000000000000000e+00
1.930130594290821812e-18
2.617162013082440604e-35
1.044803080406815605e-23
2.135360281743281520e-42
1.461540324698266788e-32
5.454700355529422497e-51
1.928659458068032200e-31
0.000000000000000000e+00
3.423598646350819874e-26
2.869164816651390321e-40
9.909895574461076107e-59
1.334121289434560273e-39
0.000000000000000000e+00
2.289145883888353077e-34
2.729089154284296633e-40
1.717791204926157847e-48
3.374752463519372781e-67
1.075564377964080156e-20
2.325560297687276042e-38
4.636651314975601603e-46
5.567763004736534376e-43
4.489892866265676513e-37
4.074063924350144731e-20
9.962363371478886403e-22
0.000000000000000000e+00
1.001918993777367539e-39
0.000000000000000000e+00
3.403662715525548240e-22
0.000000000000000000e+00
3.458629571134394440e-17
4.655455530405109755e-34
6.718759906958898878e-23
1.340832489926494567e-41
9.183630777295360208e-32
3.348352132525867453e-50
9.780446190020135444e-32
0.000000000000000000e+00
2.176832009139901109e-25
1.431757538334400862e-40
4.865784449988736728e-59
6.649124225974743238e-40
0.000000000000000000e+00
1.416290978017044590e-33
1.359825464967726207e-40
8.427606573882014383e-49
1.630320843436384377e-67
5.511706134824247640e-21
1.192492334002255285e-38
2.290587021279647643e-46
2.753465724879468242e-43
2.209863740389551704e-37
2.040454548085730046e-20
2.341850760704624391e-21
0.000000000000000000e+00
1.965907696655420236e-39
0.000000000000000000e+00
3.067453680590127292e-20
0.000000000000000000e+00
1.007412129008729561e-15
1.367191963938403573e-32
5.116039858014038524e-21
1.045614019195587167e-39
5.206599449820051747e-30
1.943577826293199721e-48
1.079368877117786389e-28
0.000000000000000000e+00
1.676696826829537798e-23
8.327355291036903529e-38
2.876809751367899248e-56
5.228084551460707805e-37
0.000000000000000000e+00
8.157991344722082208e-32
7.922415710405957922e-38
3.740710996607710364e-46
7.350321813836252926e-65
2.809296965315212023e-17
6.073822312339629309e-35
3.028860573595597759e-42
3.636477097602667083e-39
1.466241149658138152e-34
3.990761590764495084e-17
3.903466520079154103e-19
0.000000000000000000e+00
3.925521782246795097e-37
0.000000000000000000e+00
5.232901656228985780e-20
0.000000000000000000e+00
8.598973918376736720e-16
1.166106683903894454e-32
2.910764602095440716e-20
5.942751560962338354e-39
1.182073478445451182e-29
4.406629495063709496e-48
7.358738696468697393e-28
0.000000000000000000e+00
9.496202237945305994e-23
8.501742790428863474e-37
2.932591807258817378e-55
1.778962377607064520e-36
0.000000000000000000e+00
1.852283280444680868e-31
8.091995151334155763e-37
1.904756883798985775e-45
3.744711283527193886e-64
7.199783476978716011e-17
1.556678416314008896e-34
6.127899323542607392e-42
7.358288004115543723e-39
1.744849651805452722e-33
1.811513353999987519e-16
4.623070711228476154e-18
0.000000000000000000e+00
4.642851413681575401e-36
0.000000000000000000e+00
4.337859555203549547e-20
0.000000000000000000e+00
7.128079031818334081e-16
9.668228954591975476e-33
2.412107597592448284e-20
4.932245058653192529e-39
9.819264982446645190e-30
3.666070544470468452e-48
6.106951140864220658e-28
0.000000000000000000e+00
7.905063413521310259e-23
7.067149837054625670e-37
2.441957220092610826e-55
1.479014926537535929e-36
0.000000000000000000e+00
1.538564416590897041e-31
6.723582665039905749e-37
1.587462713028766338e-45
3.119510162543451569e-64
5.959739514482703302e-17
1.288517821190394221e-34
5.137703362592955798e-42
6.168972256654806092e-39
1.450953212647174474e-33
1.504323523678953623e-16
3.864382300804510276e-18
0.000000000000000000e+00
3.886653131254248723e-36
0.000000000000000000e+00
6.204021057835762138e-22
0.000000000000000000e+00
6.304200365943740628e-17
8.485680228203397250e-34
1.224667611642895452e-22
2.443986589652813234e-41
1.673925799033566097e-31
6.103104090020744107e-50
1.782735119759954498e-31
0.000000000000000000e+00
3.967818264007758213e-25
2.609695331569395310e-40
8.868916231916629661e-59
1.211956446615737568e-39
0.000000000000000000e+00
2.581509567937570809e-33
2.478595391217306163e-40
1.536107667973093578e-48
2.971565826710318233e-67
1.004656381862937561e-20
2.173638442524569494e-38
4.174892726830161401e-46
5.018553524533164491e-43
4.027754100718136824e-37
3.719032867614885338e-20
4.268585803246953318e-21
0.000000000000000000e+00
3.583316269475885304e-39
0.000000000000000000e+00
4.864760882508104989e-21
0.000000000000000000e+00
1.776703778054491285e-16
2.409121632290059913e-33
9.617511875866991329e-22
1.965617707849152061e-40
1.345360579571577549e-30
5.021096440859889083e-49
1.775349067860521846e-29
0.000000000000000000e+00
3.151454227777926012e-24
2.641091342666035839e-38
9.122139993105117545e-57
1.228070253888931912e-37
0.000000000000000000e+00
2.107177568845369410e-32
2.512150064615060249e-38
1.581240675972693828e-46
3.106485039346622847e-65
9.900672518581513044e-19
2.140700602842739392e-36
4.268075884652617416e-44
5.125172470217228747e-41
4.132984093848070795e-35
3.750211921799296910e-18
9.170445890421029433e-20
0.000000000000000000e+00
9.222752583021675936e-38
0.000000000000000000e+00
2.787526647292871565e-19
0.000000000000000000e+00
9.154459046937791289e-15
1.242415276085787128e-31
4.649148741136642520e-20
9.501609958387970121e-39
4.731376584601042850e-29
1.766166705437584870e-47
9.808616822763237283e-28
0.000000000000000000e+00
1.523678239876650038e-22
7.567267358361681461e-37
2.614197078413113338e-55
4.750908931786131659e-36
0.000000000000000000e+00
7.413390057790255678e-31
7.199321007789229737e-37
3.399253823097135732e-45
6.679300180305274239e-64
2.552937413881299584e-16
5.519563350804297033e-34
2.752402098641622965e-41
3.304542828390556479e-38
1.332405087551472594e-33
3.626527017474637163e-16
3.547216230971661974e-18
0.000000000000000000e+00
3.567214475569682967e-36
0.000000000000000000e+00
5.179055252874743889e-19
0.000000000000000000e+00
8.510491734328100791e-15
1.154106071297421594e-31
2.880820007936805521e-19
5.881551777906923922e-38
1.169892899427051368e-28
4.361175692639242941e-47
7.282960964344939931e-27
0.000000000000000000e+00
9.398210405865026545e-22
8.414096028998407590e-36
2.902323989792527179e-54
1.760620849942316491e-35
0.000000000000000000e+00
1.833197364185221753e-30
8.008597442385106133e-36
1.885085976396479828e-44
3.706050469630187365e-63
7.125769911841328595e-16
1.540676204994738571e-33
6.064357190590646263e-41
7.281990104464723403e-38
1.726857107772615614e-32
1.792850659379217560e-15
4.575509201670475380e-17
0.000000000000000000e+00
4.595076772497148082e-35
0.000000000000000000e+00
0.000000000000000000e+00
0.000000000000000000e+00
0.000000000000000000e+00
0.000000000000000000e+00
0.000000000000000000e+00
0.000000000000000000e+00
0.000000000000000000e+00
0.000000000000000000e+00
0.000000000000000000e+00
0.000000000000000000e+00
0.000000000000000000e+00
0.000000000000000000e+00
0.000000000000000000e+00
0.000000000000000000e+00
0.000000000000000000e+00
0.000000000000000000e+00
0.000000000000000000e+00
0.000000000000000000e+00
0.000000000000000000e+00
0.000000000000000000e+00
0.000000000000000000e+00
0.000000000000000000e+00
0.000000000000000000e+00
0.000000000000000000e+00
0.000000000000000000e+00
0.000000000000000000e+00
0.000000000000000000e+00
0.000000000000000000e+00
0.000000000000000000e+00
1.536853355121893916e+00
7.183296365103600169e-05
6.773924946336522979e+00
8.085924677809377670e+01
8.384608201179527542e-02
1.569405811380073734e+00
2.147530877743658095e+01
4.249641723831166368e-02
1.304462280575032196e+01
5.041846650267904906e+00
4.266845743894146709e-11
4.168901060835250583e+00
3.206189853054718572e-10
9.455441421833528342e-12
0.000000000000000000e+00
0.000000000000000000e+00
9.044783944440040098e-13
4.200439732201295510e-03
3.799205579017465625e-17
1.733719486555404998e+01
1.841019725472327991e+03
1.947115791661744311e+00
0.000000000000000000e+00
2.049442723274517775e+01
1.094999889134128157e+00
1.873822787949918300e+00
2.703418806586712492e-02
8.618937889794363316e-02
4.496634804156298060e+02
1.112863276630884428e+02
2.753302473704442264e+02
1.287926865287682869e-11
7.555700053947223438e+00
1.360032591726624105e+02
1.231881590860715505e+02
2.307882324489067472e+01
5.856307148487766767e+01
8.984731897027232596e-14
1.421888323230514333e-11
1.900796622624646286e-09
3.348641114651054512e-09
1.687795254714530913e+01
5.485318015085849130e-09
6.467211892366507842e-01
9.150168249139116472e-02
4.579958218722434554e-02
1.395262782605849168e+02
1.206856022198108637e-13
9.996244717989686251e+03
3.550383218412889175e+00
4.428901346687496021e-01
8.261807078081684352e-01
2.614961152265401267e+01
1.020646415094407927e-01
1.020721428702614952e+00
1.161430213322363514e+01
4.123170536186034352e-01
1.137194349008922856e-01
7.255688729158087102e-02
3.771116321962552309e+00
2.697909013535078060e+00
1.057855579985604762e-02
2.042618588918476519e+02
1.893985629911044910e+01
5.112187594519120720e-02
4.761765778886837830e-01
7.329980967187297303e-01
2.433403344207724639e-01
2.126460998608011010e+01
1.923108667605240103e-13
5.986588926504097996e-11
3.447538426738610724e+02
0.000000000000000000e+00
4.040479893886929830e+01
3.294199891722513485e+01
2.060834951715036709e+02
1.865781303919362699e-01
8.234622358856318325e-01
7.300903904259033084e+01
0.000000000000000000e+00
1.072375323092728432e-11
2.610470529854630684e+01
7.475863904629196587e-11
3.798909696829416704e-01
3.256005888037868807e-11
2.902907219673425861e-04
1.570831897417485426e-02
2.051449047567445449e-01
6.358473790794446549e-17
5.626250625137524386e-02
0.000000000000000000e+00
6.459360554922688458e-01
1.598613771077818102e-01
5.562323323386862306e+00
4.534954481839359453e+00
2.307902798146508161e+01
4.782663821320392621e-15
1.110778647911386982e-14
1.011867145567594810e-10
2.349899126511892860e-10
6.027214739145275194e-14
1.429481419348704006e-03
1.135493954923436771e-03
1.022681692276071214e-03
1.895391363335744705e-01
2.430206187480256439e-03
4.906390810350343135e-02
0.000000000000000000e+00
3.265479375388309678e-14
2.243915784337392499e-13
8.656430623759853778e-04
4.333754200950799749e-14
3.855900231249037202e-13
0.000000000000000000e+00
1.756868916006562145e-12
4.603856253000345594e-02
2.119458705043728269e-04
8.664023996425500133e-04
2.144241745755794213e-04
1.124693963754622104e+02
4.262897448093135644e+00
3.510125065318919768e-01
7.891835324711721000e+00
1.953132448006961397e+00
5.589982900073387384e+00
0.000000000000000000e+00
0.000000000000000000e+00
0.000000000000000000e+00
0.000000000000000000e+00
5.937022234056325942e+01
6.677229262949370536e+01
0.000000000000000000e+00
0.000000000000000000e+00
0.000000000000000000e+00
0.000000000000000000e+00
0.000000000000000000e+00
5.172559464577127820e-03
2.774133096800814567e-03
7.261061280086426569e-04
8.665219647894144631e-04
1.657143785906471656e-03
5.376216566653199691e-03
5.376216566653199691e-03
5.376216566653199691e-03
5.376216566653199691e-03
2.493302962420938448e-02
3.794982358112791161e-06
1.484470152222618598e-02
5.376216566653199691e-03
5.376216566653199691e-03
5.376216566653199691e-03
5.376216566653199691e-03
5.376216566653199691e-03
5.376216566653199691e-03
5.376216566653199691e-03
5.376216566653199691e-03
5.376216566653199691e-03
5.376216566653199691e-03
5.376216566653199691e-03
5.376216566653199691e-03
5.376216566653199691e-03
5.717773419555999964e-04
9.420411206955300182e-03
4.703248135821100177e-03
1.498765032630679922e-02
2.770337121422000162e-04
2.087240296962000101e-04
2.626125805773271444e-03
1.506607996170699834e-03
5.579887571014528584e-03
2.132781574789971955e-03
8.171852080931854816e-04
2.548967122613858376e-03
3.047370337054342536e-03
4.029005773686142496e-03
4.490739053970142802e-04
1.263730118271915066e-03
2.828526255101181108e-02
6.297138243677514666e-03
7.589964716225612816e-06
4.223817350620227666e-03
1.882057605336824938e-02
5.364844528843815651e-03
4.359169338144093520e-02
7.226907928394798834e-03
3.162480333325427655e-04
5.047326536290000238e-04
7.421724470430755317e-03
1.311797908767185382e-03
9.487440999976282964e-04
1.784906702432299775e-03
2.555322876842008352e-04
2.023990590993499574e-05
4.979015364313429080e-03
4.054938515585778669e-01
1.177456774565558903e-02
1.264994119370919446e-06
0.000000000000000000e+00
4.774086316975329099e-03
0.000000000000000000e+00
1.264994119370919446e-06
3.288984710364429312e-05
1.287763517009342818e-03
3.162480333325427655e-04
2.044229007372828314e-03
4.484405642700471303e-03
2.761483155607114773e-03
1.505343002051000019e-04
1.178974519253700101e-03
2.708351913062942429e-03
2.656487650678970711e-05
1.138493217903228417e-03
6.324960666650855309e-04
1.151146138158071815e-03
6.842350212616156099e-03
2.244101057294571513e-03
2.839910804967285714e-03
5.059976477483741313e-06
0.000000000000000000e+00
2.010076648700714636e-03
3.299102180768414064e-03
1.728740417371107257e-02
9.791064414134144876e-04
6.300935708586599682e-03
1.697622108195699989e-03
3.420543105758584897e-03
5.159913991975142132e-03
9.487440999976282964e-04
4.427480410818615368e-03
9.070017766093141278e-04
2.301022813605128371e-03
6.400867761465913082e-03
6.324960666650860730e-04
2.213736233327800659e-03
3.850638623793700699e-03
1.058926825580498374e-02
7.638036975312581522e-03
7.640574411204140203e-04
3.465829646977017231e-02
7.965666480148125839e-03
5.740541327664470256e-03
1.555952697029139363e-04
1.569860681200444105e-03
5.102985284521885205e-03
8.614614918017576275e-04
9.059883414342884134e-03
1.319388369993642826e-03
1.264994119370919446e-06
1.011995295496748601e-05
1.596423124807332117e-02
1.781617618419988752e-02
6.941021243457727412e-03
5.314244764069016476e-03
1.377577602974485718e-03
2.496717900382035282e-02
1.315594877166114708e-03
2.528721755091928054e-03
9.801172947355425366e-03
2.455354578719314961e-03
2.270666430311528775e-03
4.133999789083785473e-03
2.737447274318700191e-03
2.909486474553155913e-05
1.629313418770115228e-03
0.000000000000000000e+00
5.059976477483741313e-06
1.708248505657681063e-02
0.000000000000000000e+00
6.324970596854693582e-06
5.059976477483741313e-06
4.933477065546644307e-05
1.587566130279928446e-03
5.266169525920785452e-03
1.770996732220571823e-04
4.870232324679572128e-04
2.024040242005716297e-05
0.000000000000000000e+00
