1.897392000000000053e+03
1.989366281077721794e+02
5.602852137690155665e+00
2.359588910885034352e+02
7.535889800922568327e-01
2.714811540804437487e-66
1.265979437431308689e-102
5.604916206806258572e+00
5.609251235539153946e+00
5.609518690691514209e+00
5.656880001711572348e+00
5.658811819213672045e+00
5.663425573391729806e+00
5.664062270007139688e+00
5.677436387368689275e+00
5.695703556112221122e+00
5.721799145476666126e+00
5.608566604433028679e+00
5.620619085031534290e+00
5.642965590402433840e+00
5.658482680056179603e+00
5.683037034573780844e+00
5.740900120074510227e+00
5.762893717575796160e+00
5.776805913404487569e+00
5.800116510080203902e+00
5.809023943291221848e+00
4.146194018437686646e-01
6.630054544640647407e+01
1.689766901558909495e+01
7.327382398560406589e-04
1.166915715260574080e-05
0.000000000000000000e+00
0.000000000000000000e+00
6.443623360450798998e+01
1.525615471728853834e+02
0.000000000000000000e+00
7.187284889974854707e+00
1.353561513598856347e+00
7.965730536193526859e+03
4.289643062979320298e+00
4.117503230563660660e-02
1.129379951697648949e+03
8.307434346973824324e-01
1.616199870463992383e+00
2.278700688980298850e+01
4.657520487864807990e+00
2.539392976366299237e-01
8.872078229975944863e-01
2.737542878280512681e+00
1.140851105220402317e+01
1.123287505714613443e+00
1.412644238345025371e+02
4.930021600262240611e+01
1.603492556356902199e+01
5.529830980334020296e+01
4.021974646037988599e+00
1.404560844862471392e+01
5.191237676887362262e+00
1.278322768373608920e+00
2.052793831211068465e+01
5.914850362455965627e-01
1.088167652707241473e+02
1.154598591809632246e+01
4.204014590826894882e+00
4.140774176777107130e+01
3.443582442286762024e+00
3.900477508355333800e+00
6.841723670025762205e-01
7.116751957901391279e+01
7.300324670645110814e-01
9.402868730336791714e+00
2.651896131746725871e+01
1.674039092650244243e+01
8.430541059363122480e-02
1.497720318032879916e-01
8.992044128562169135e+03
2.417545655523239301e+00
2.892906761292943774e+00
3.907313879236734011e-01
3.169706085156485942e-02
3.613428673756876458e-02
2.367864812272437586e-03
0.000000000000000000e+00
4.920071466437444307e+00
0.000000000000000000e+00
0.000000000000000000e+00
8.232456893155233324e-01
0.000000000000000000e+00
1.561085008647171080e+01
0.000000000000000000e+00
6.069275081803999399e-04
2.861794435023005002e-03
5.481037649732185661e-06
8.653371341370070979e+01
8.293725505365499504e-03
1.325365494740147294e-04
4.824796547314415207e+00
2.018688360798639903e-09
3.891666927438080034e-05
5.759617944160632387e-09
9.973072739701704492e+00
8.274131701931594933e-05
3.227458921436456762e+02
1.338329699727646208e-06
4.129903007833485296e-01
6.314887848709333440e+01
1.098477175360847825e-04
2.797322645802314872e-06
3.758983572339086976e+01
3.222974163894679164e-04
1.165325268012598201e+02
1.029741138966312848e-07
1.407670933131936275e-04
1.912479461030000116e-03
5.368166463668861077e+00
3.156084844400409983e-02
1.156509780444864831e-04
1.918519458681174029e-03
4.229304467727855521e-07
7.090245492940328290e-06
2.259948954729869456e+03
3.019358926655093721e-06
4.470980328382722973e-04
1.751989855284522127e+04
4.503552783204830406e-02
4.528732803086312764e-01
1.773802572598990764e+03
4.559625149410072298e-03
3.542582377459560505e-02
3.178945967434054082e-02
3.968514532680979950e-02
1.992605403687898750e-06
4.024017941628157402e-01
3.963330783427874548e-11
7.068206632644821902e-13
8.683762451894961477e-13
1.762337883185848128e-03
4.279011611832895317e-11
3.818367577474163221e-01
6.092625890523133414e+00
1.917804137056413060e-11
1.269708537505958500e-12
2.013796126129631799e-12
2.191551466605044880e-09
1.433873708943379871e-10
2.347912469023505277e-10
6.618768900264805888e-12
2.434896318993986953e-18
7.679958727794655575e-10
1.325841937058608509e-12
2.656319658948431674e-10
1.684613382961388016e-14
3.828878503405731767e-09
3.841602940004367447e-12
5.683832121744211218e-16
4.958891783437402929e-18
6.195932100421359292e-19
3.338203666265066474e-16
3.401209778400330099e-17
1.332699242031324632e-17
0.000000000000000000e+00
2.561605892054176792e+01
5.130533127881555089e+01
2.052764425133165216e-04
4.111968268014164055e-04
4.965295827341866994e-05
2.232328881700622644e-13
4.471079269806047261e-13
0.000000000000000000e+00
1.462440208490575877e+01
2.160543891578191170e-04
2.063827858993429576e+00
3.356391961400723156e-02
2.070486268972952099e-02
6.561768901266659126e-01
5.258317582069832521e-06
1.271898431725673005e-06
5.718217936684147464e-15
4.213851946503384542e-11
1.019259791476572607e-11
4.582401766954517473e-20
1.108405783780414064e-20
4.983185508971900408e-29
2.138728729912285909e-01
4.259359607338491019e-03
1.631236408990204279e+00
7.909353906288814351e-02
3.669779992926630026e-16
6.774530075520769659e-24
3.115535781568250764e-32
1.999922259919825393e-17
7.210733843500076863e-20
1.252331758109202156e-17
3.106250532267086123e-19
0.000000000000000000e+00
7.982280813566789482e-15
7.253498809699205026e-20
7.092206478109663083e-29
1.236126850182357681e-27
1.496029474184735493e-22
3.358392430829481614e-28
0.000000000000000000e+00
1.448574622677326597e-36
5.689659275835917837e-36
0.000000000000000000e+00
6.905813239327605903e-31
1.366186135499170786e-36
6.155874248324633250e-45
2.504096391046328897e-16
3.364493753872539130e-38
1.886693537359543661e-16
6.457513064507721874e-18
0.000000000000000000e+00
1.889998211013921209e-31
1.526157334420018585e-38
2.790263925262321573e-47
7.074330320875565437e-47
5.254218540008376902e-55
1.322196671888021350e-63
8.741594748235294510e-34
2.598959173982832330e-41
1.505702789312230208e-33
6.795554060104177121e-36
0.000000000000000000e+00
5.131208384884016205e+00
4.111973467824698057e-05
4.471617687125718531e-14
3.091822381622018378e-19
0.000000000000000000e+00
7.883254311486813154e-15
1.866578647841814383e-31
7.219291144641501618e-20
1.518758908514766433e-38
7.058846550913604931e-29
2.776988677748232853e-47
1.235064084987800613e-27
0.000000000000000000e+00
1.488767376727986133e-22
1.447145256184291151e-36
5.248407186184105141e-55
5.684947943931222416e-36
0.000000000000000000e+00
6.873456965144894512e-31
1.364889875956515115e-36
6.150306040921922777e-45
1.320964446024672071e-63
2.502335231829795334e-16
8.734636627644191787e-34
2.596228623510809919e-41
3.360815744086227809e-38
1.504382478704655873e-33
1.884943393108800937e-16
6.450320073448784043e-18
0.000000000000000000e+00
6.787006446474975843e-36
0.000000000000000000e+00
7.663776993653251619e-18
0.000000000000000000e+00
7.974880000609224395e-36
0.000000000000000000e+00
2.168717012663998247e-23
0.000000000000000000e+00
5.592063986995706492e-19
1.311232971638024559e-35
5.055335338417285165e-24
1.052131957332847468e-42
4.904257803511500809e-33
1.907308944946975825e-51
8.745460250045916905e-32
0.000000000000000000e+00
1.044353659857653846e-26
1.012643070560786239e-40
3.626138094645452410e-59
3.978512680505965092e-40
0.000000000000000000e+00
4.765444555134284437e-35
9.540199077751376629e-41
4.254419812708961948e-49
9.022147148771827611e-68
1.768024649930894503e-20
6.091167914960807500e-38
1.823479906950758231e-45
2.353447614134520488e-42
1.065039124008309485e-37
1.336514887240126214e-20
4.526907879382968947e-22
0.000000000000000000e+00
4.703014747931451193e-40
0.000000000000000000e+00
1.544898132655527916e-18
0.000000000000000000e+00
1.102252246166463117e-13
2.549924609779803046e-30
3.595517308283957617e-19
7.378452414009749524e-38
3.449759920907077464e-28
1.322295733782135482e-46
5.156955430420442227e-28
0.000000000000000000e+00
7.445495058068236253e-22
5.941257749047149012e-37
2.116238122453293472e-55
2.334481373396806558e-36
0.000000000000000000e+00
3.345335441797532358e-30
5.594603417376064164e-37
2.484438744995149623e-45
5.242009550512579865e-64
1.050962872317392701e-16
3.600457594624614728e-34
1.070204396838654161e-41
1.381034593487865376e-38
6.336012273773951680e-34
7.955392624047625635e-17
1.171721175595715514e-17
0.000000000000000000e+00
1.011038640238731785e-35
0.000000000000000000e+00
1.546258876865935548e-18
0.000000000000000000e+00
1.103203298425794435e-13
2.552151367640877239e-30
3.598689594211605915e-19
7.385046964764433125e-38
3.452833595394137492e-28
1.323490072096330580e-46
5.164310501985416987e-28
0.000000000000000000e+00
7.452050098231951617e-22
5.949804576188853762e-37
2.119310756988276625e-55
2.337839268811102529e-36
0.000000000000000000e+00
3.348322506391596002e-30
5.602658161818582781e-37
2.488042561267953073e-45
5.249683660570207836e-64
1.052457207093685907e-16
3.605625894734335915e-34
1.071740785696673188e-41
1.383020392567440458e-38
6.345008359367206763e-34
7.966676084030439833e-17
1.171815548718527732e-17
0.000000000000000000e+00
1.011134159416310059e-35
0.000000000000000000e+00
1.470726822960768138e-17
0.000000000000000000e+00
1.267296991650404211e-35
0.000000000000000000e+00
1.136273269345947598e-22
0.000000000000000000e+00
3.219961334128227866e-18
7.620332738249941169e-35
2.358419011040482832e-23
4.958724275432070675e-42
3.169273486268573064e-32
1.246356283181785730e-50
3.530345410682143110e-31
0.000000000000000000e+00
4.863638107651256734e-26
5.316254632397952588e-40
1.927277343976789234e-58
2.320503880101025641e-39
0.000000000000000000e+00
3.085473984298429513e-34
5.013664185190404562e-40
3.011270420712566733e-48
6.464981870144807059e-67
2.043637094148367231e-20
7.130921203797252408e-38
1.059747699276016488e-45
1.371745104682881096e-42
4.914776327282971784e-37
6.158441281624074797e-20
1.564438168276293451e-21
0.000000000000000000e+00
1.627514404066898890e-39
0.000000000000000000e+00
5.686515235002283360e-22
0.000000000000000000e+00
4.507942294951937957e-17
1.042856935300041232e-33
1.176406753015413595e-22
2.414134414649429584e-41
1.551977581399569687e-31
5.948774349307659224e-50
1.477180385762936111e-31
0.000000000000000000e+00
2.436069633129322664e-25
2.188067803571698057e-40
7.793799766742181417e-59
9.552841417991770175e-40
0.000000000000000000e+00
1.505007045969541584e-33
2.060411548715948120e-40
1.219977260368937363e-48
2.574075585575367431e-67
8.601208375182283924e-21
2.946658734819972026e-38
4.379132464320666134e-46
5.651007933776230876e-43
2.074088554822279528e-37
2.604191387907581079e-20
3.004838483063353311e-21
0.000000000000000000e+00
2.589185707978977507e-39
0.000000000000000000e+00
5.552542361746865078e-20
0.000000000000000000e+00
1.414881603108786379e-15
3.351452347034719495e-32
9.722890141313920489e-21
2.044132863250911078e-39
9.504433431520545983e-30
3.738352034174159834e-48
1.663346413314332999e-28
0.000000000000000000e+00
2.005227581970627275e-23
1.298921662292036403e-37
4.709666500526181930e-56
7.655003378368668155e-37
0.000000000000000000e+00
9.255717545624718896e-32
1.225214374939218449e-37
5.519780210296417067e-46
1.185225825172579074e-64
4.494098345053074783e-17
1.568295468494366124e-34
5.826716732966440717e-42
7.541310635864799413e-39
1.350727361226598775e-34
5.077532560709806493e-17
5.160428148242593307e-19
0.000000000000000000e+00
5.368213865111795200e-37
0.000000000000000000e+00
7.281553700186295069e-20
0.000000000000000000e+00
9.290156251534646612e-16
2.196958736503878950e-32
4.251614705331101706e-20
8.928805818133807113e-39
1.659141095529137734e-29
6.515949307057488576e-48
8.719604966244686108e-28
0.000000000000000000e+00
8.736384227200802211e-23
1.019644575838984428e-36
3.690987461998493152e-55
2.003198576777742750e-36
0.000000000000000000e+00
1.616858945477480198e-31
9.622675934599596864e-37
2.161489941489228706e-45
4.642853981872479304e-64
8.851663534988584003e-17
3.083335705337333616e-34
9.078613215710989095e-42
1.174435359004977011e-38
1.239924288140648134e-33
1.775948197926611367e-16
4.699364917056279336e-18
0.000000000000000000e+00
4.880184910564552280e-36
0.000000000000000000e+00
5.954282024653103042e-20
0.000000000000000000e+00
7.591258931043178631e-16
1.797191458011954113e-32
3.476172228848778377e-20
7.311831422748139702e-39
1.359211979316260735e-29
5.347097618577772153e-48
7.136291771990241025e-28
0.000000000000000000e+00
7.168727316080004218e-23
8.359034094468687113e-37
3.031482016099901391e-55
1.642130964177665304e-36
0.000000000000000000e+00
1.323633204197292370e-31
7.884790856405480702e-37
1.776249288078392901e-45
3.814316989139699488e-64
7.229641338749767313e-17
2.523092605614018750e-34
7.494138555910650185e-42
9.700578066055688184e-39
1.013434144928253463e-33
1.451232235555739796e-16
3.873923240281472138e-18
0.000000000000000000e+00
4.030419067338680935e-36
0.000000000000000000e+00
8.963418079765752205e-22
0.000000000000000000e+00
7.105703773944115678e-17
1.643800074518474014e-33
1.854329731050439289e-22
3.805274304016398171e-41
2.446293218616859746e-31
9.376655137312789262e-50
2.328428988945556339e-31
0.000000000000000000e+00
3.839900417417581917e-25
3.448913482992628231e-40
1.228478791577536820e-58
1.505763654964928007e-39
0.000000000000000000e+00
2.372266202084038919e-33
3.247712967471370847e-40
1.922962198311429485e-48
4.057275902543304389e-67
1.355784965578748031e-20
4.644675150135835786e-38
6.902276898534399036e-46
8.906954272293332859e-43
3.269176523138205800e-37
4.104730200914395360e-20
4.736383578606041433e-21
0.000000000000000000e+00
4.081179339298688126e-39
0.000000000000000000e+00
9.045149890649954508e-21
0.000000000000000000e+00
2.563207875024429031e-16
6.066060735775151787e-33
1.877387665485648774e-21
3.947322005988544577e-40
2.522855541381214020e-30
9.921437840475990683e-49
2.810283809862669567e-29
0.000000000000000000e+00
3.871633673615364140e-24
4.231929954810237818e-38
1.534181085470306379e-56
1.847204595182673747e-37
0.000000000000000000e+00
2.456147384511390228e-32
3.991056511443149410e-38
2.397077976795402427e-46
5.146351307145519579e-65
1.626809711398853386e-18
5.676470210868058123e-36
8.435973428823335592e-44
1.091958392492160259e-40
3.912341849636965508e-35
4.902345167950764028e-18
1.245349502496339921e-19
0.000000000000000000e+00
1.295559923717496637e-37
0.000000000000000000e+00
5.045778185515091059e-19
0.000000000000000000e+00
1.285709324107888665e-14
3.045544550359612427e-31
8.835469614587421667e-20
1.857503072083467457e-38
8.636852020802491636e-29
3.397076853231456830e-47
1.511529440654872931e-27
0.000000000000000000e+00
1.822215375829364992e-22
1.180350172816412759e-36
4.279696093281882436e-55
6.956263116291368569e-36
0.000000000000000000e+00
8.410879876943792068e-31
1.113376577925020390e-36
5.015886267538052782e-45
1.077014859207764319e-63
4.083942308578901230e-16
1.425147036658634059e-33
5.294891226577482931e-41
6.852927286935781761e-38
1.227449849321682979e-33
4.614131012682267015e-16
4.689417567119380970e-18
0.000000000000000000e+00
4.878165710220562734e-36
0.000000000000000000e+00
7.206598242469917954e-19
0.000000000000000000e+00
9.194571160341001319e-15
2.174337605024823370e-31
4.207853654592917173e-19
8.836805284393238992e-38
1.642040846776697705e-28
6.448715340291673023e-47
8.629795831940214370e-27
0.000000000000000000e+00
8.646243331187428360e-22
1.009130452058119192e-35
3.652880407955776390e-54
1.982543522619819783e-35
0.000000000000000000e+00
1.600202490190419408e-30
9.523484123457755972e-36
2.139165665400349744e-44
4.594910572233918370e-63
8.760618232597314744e-16
3.051581035129407064e-33
8.984559973383731224e-41
1.162263320580439523e-37
1.227164701554140113e-32
1.757675257495103207e-15
4.651010228504941469e-17
0.000000000000000000e+00
4.829956988444995888e-35
0.000000000000000000e+00
0.000000000000000000e+00
0.000000000000000000e+00
0.000000000000000000e+00
0.000000000000000000e+00
0.000000000000000000e+00
0.000000000000000000e+00
0.000000000000000000e+00
0.000000000000000000e+00
0.000000000000000000e+00
0.000000000000000000e+00
0.000000000000000000e+00
0.000000000000000000e+00
0.000000000000000000e+00
0.000000000000000000e+00
0.000000000000000000e+00
0.000000000000000000e+00
0.000000000000000000e+00
0.000000000000000000e+00
0.000000000000000000e+00
0.000000000000000000e+00
0.000000000000000000e+00
0.000000000000000000e+00
0.000000000000000000e+00
0.000000000000000000e+00
0.000000000000000000e+00
0.000000000000000000e+00
0.000000000000000000e+00
0.000000000000000000e+00
0.000000000000000000e+00
1.574615621721308978e+00
7.183297117844284082e-05
5.252998018139466652e+00
7.880362094848916854e+01
1.062452282088038047e-01
2.124504437457876094e+00
2.290625310061163589e+01
2.902089823940363564e-02
1.496869011291457063e+01
4.134655920342920510e+00
6.139591665376917373e-11
3.371473727472038107e+00
3.885058990946726586e-10
1.651299216914053602e-11
0.000000000000000000e+00
0.000000000000000000e+00
1.269721393888507680e-12
4.200439064109554727e-03
5.333384943727984664e-17
1.556806616728195891e+01
1.592074813207821762e+03
1.852826630860826773e+00
0.000000000000000000e+00
2.533969882683858899e+01
1.266576901610963146e+00
1.943779011431008286e+00
3.068456511730767444e-02
9.112734919513935938e-02
4.339089832046236666e+02
1.149613020561982353e+02
3.044693886431783767e+02
2.306755058622436888e-11
8.078542129923308224e+00
1.454145277091459434e+02
1.145325135190127810e+02
2.294232274122510518e+01
5.822374616383097390e+01
1.052669775938919989e-13
1.692567240616397492e-11
1.564514169200886425e-09
2.895290994369043818e-09
1.575651494909252470e+01
4.581919985762123342e-09
6.467211989560610608e-01
1.779183717830617462e-01
8.899971439441947685e-02
1.862567940870965231e+02
1.695097220246820201e-13
9.996227928868882373e+03
3.572435601258990179e+00
4.333571449068447934e-01
7.801455559568080123e-01
2.454713973327844911e+01
9.661719883554742427e-02
9.662614553335407974e-01
1.162461393691094891e+01
4.152330527663303239e-01
1.123474032699621067e-01
5.863059151740557945e-02
4.481877873092589226e+00
2.585626218542706134e+00
1.001802035375882159e-02
1.725854675464111097e+02
1.514765907921622556e+01
4.775718563685245333e-02
4.640437135164718896e-01
7.349166856020280525e-01
2.214811469835013258e-01
2.097572818841818076e+01
2.662850624381487577e-13
8.109654593828534003e-11
3.392736398339324069e+02
0.000000000000000000e+00
3.685222830168751074e+01
3.185097527052425193e+01
2.203460250299012273e+02
1.569806690748243583e-01
6.620837690835772449e-01
6.941252515283214564e+01
0.000000000000000000e+00
1.150632387227179921e-11
2.735617127092193357e+01
1.368420978978544376e-10
3.636366809444504522e-01
5.441429788757530017e-11
6.318604616454725391e-04
2.128212948214791914e-02
2.537109490456071481e-01
7.719094880358600712e-17
4.807485005099607772e-02
0.000000000000000000e+00
6.590153729369689906e-01
1.746016707394184853e-01
5.610179284983780157e+00
4.848811936183707871e+00
2.294245947259688023e+01
5.570554459772174359e-15
1.391414115857570839e-14
8.278927026170177156e-11
2.067669779836345943e-10
8.212942927169040547e-14
1.407400220894304207e-03
1.079806611357977042e-03
9.682939505577359924e-04
1.516013065256981707e-01
2.241927837962480116e-03
5.112348661405758526e-02
0.000000000000000000e+00
5.458829272179743111e-14
4.106645846632782595e-13
6.894693842411988172e-04
6.206702669234288979e-14
6.677804720423256302e-13
0.000000000000000000e+00
2.235912498428943840e-12
4.692302526492728165e-02
2.201693828571721389e-04
8.684857213590558254e-04
2.300994684504669146e-04
1.186890311384236156e+02
4.303354892352752259e+00
3.777025378359676333e-01
8.194380854173575202e+00
2.171044015880382538e+00
4.708005032886906527e+00
0.000000000000000000e+00
0.000000000000000000e+00
0.000000000000000000e+00
0.000000000000000000e+00
5.768185376569648071e+01
6.846066120436526603e+01
0.000000000000000000e+00
0.000000000000000000e+00
0.000000000000000000e+00
0.000000000000000000e+00
0.000000000000000000e+00
3.591319297914413559e-03
4.039125230130985629e-03
9.361006134355722081e-05
1.182769998121957229e-03
2.289639852571557187e-03
5.376216566653199691e-03
5.376216566653199691e-03
5.376216566653199691e-03
5.376216566653199691e-03
2.809550995753481301e-02
3.794982358112791161e-06
1.168222118890075920e-02
5.376216566653199691e-03
5.376216566653199691e-03
5.376216566653199691e-03
5.376216566653199691e-03
5.376216566653199691e-03
5.376216566653199691e-03
5.376216566653199691e-03
5.376216566653199691e-03
5.376216566653199691e-03
5.376216566653199691e-03
5.376216566653199691e-03
5.376216566653199691e-03
5.376216566653199691e-03
5.717773419555999964e-04
9.420411206955300182e-03
4.703248135821100177e-03
1.498765032630679922e-02
2.770337121422000162e-04
2.087240296962000101e-04
1.044885639110557617e-03
5.578638961730716462e-04
5.896135604347070916e-03
3.714021741452685783e-03
0.000000000000000000e+00
6.660191555936913893e-03
3.363618370386885735e-03
2.447765607023428235e-03
7.653219387295570999e-04
1.579978151604456964e-03
2.417403811768875643e-02
4.399650043682258073e-03
0.000000000000000000e+00
6.437553583948027458e-03
1.502559965337773966e-02
8.211076828836700106e-03
5.402787848141484689e-02
4.696923661734455843e-03
3.744382593337000176e-04
6.324960666650855309e-04
1.058420480375618471e-02
6.793018421020997422e-04
4.085931005567999840e-04
1.468658669099755926e-03
1.520524421014371897e-03
2.023990590993499574e-05
3.081527164318172921e-03
4.349049186585043358e-01
1.525329611231355381e-02
1.264994119370919446e-06
0.000000000000000000e+00
2.244102050314986541e-03
2.529988238741870656e-06
1.264994119370919446e-06
3.288984710364431345e-05
1.287763517009342818e-03
0.000000000000000000e+00
1.095484907375200018e-03
4.168157609367928972e-03
4.975219388934914132e-03
1.505343002051000019e-04
1.811470585918785632e-03
2.075855846397857765e-03
0.000000000000000000e+00
0.000000000000000000e+00
1.120783796742185227e-03
2.099890238155700112e-03
3.047373812625643347e-03
9.791089239644004509e-04
1.891166704969657201e-03
5.059976477483741313e-06
0.000000000000000000e+00
2.010076648700713335e-03
2.666606114103328533e-03
1.285993170705547126e-02
1.611602508078500019e-03
8.198423908581857142e-03
1.697622108195699989e-03
1.206806872430785972e-03
7.373650225302941924e-03
0.000000000000000000e+00
2.846240244155900673e-03
3.120738009937113703e-03
7.197826469424144355e-04
3.238387428140486295e-03
9.487440999976297059e-04
3.162480333325441749e-04
6.881582904682728274e-04
9.956772189139902543e-03
8.586781075310211120e-03
1.712801541118042859e-03
2.675209563645659927e-02
6.700674346817955644e-03
7.954277560992267446e-03
1.555952697029139363e-04
3.467348881195700481e-03
3.521745117859171811e-03
1.493957558466843267e-03
6.846147181015085209e-03
1.319388369993642826e-03
1.264994119370919446e-06
1.011995295496748601e-05
1.280175091474789265e-02
1.338870371754428447e-02
6.941021243457727412e-03
8.160477064061895727e-03
6.324960666650855309e-04
2.180469867049492430e-02
1.948090943831200022e-03
1.579977655094299974e-03
1.106616508068559643e-02
3.087850645384400492e-03
5.749394796969499628e-03
4.450247822416328672e-03
3.369943340983786156e-03
2.909486474553155913e-05
1.629313418770115228e-03
0.000000000000000000e+00
5.059976477483741313e-06
2.530493392322292687e-02
0.000000000000000000e+00
6.324970596854693582e-06
5.059976477483741313e-06
4.933477065546644307e-05
6.388220302823000409e-04
4.001177392590614390e-03
6.324960666650855309e-04
1.435767332465585563e-03
9.689845024176854628e-04
0.000000000000000000e+00
