1.897392000000000053e+03
3.218629326532904997e+02
7.209251259371107778e+00
2.099064992636053830e+02
1.675806678205208344e+00
1.163967606664970462e-80
3.155174504095056009e-101
7.220576450200911545e+00
7.241777106090920846e+00
7.243077409964070235e+00
7.412730410065306863e+00
7.419598506394888382e+00
7.435725694893393189e+00
7.437946230645242629e+00
7.482661493843675515e+00
7.541115199288474180e+00
7.621141735905845316e+00
7.237908398385656028e+00
7.289346710309489552e+00
7.371724183842047751e+00
7.425346699980534204e+00
7.504935165541255948e+00
7.679025778137655855e+00
7.743736135010916399e+00
7.784131385592813146e+00
7.850249372995180330e+00
7.875276519442619083e+00
1.442825302896565853e+00
5.953423901977119925e+01
1.311191906234564364e+01
1.405498604450184979e-04
1.371348427372452243e-05
0.000000000000000000e+00
0.000000000000000000e+00
4.014965411737464507e+01
1.525992100425018521e+02
0.000000000000000000e+00
6.916595747497381375e+00
1.937514595921164817e+00
7.973702747961615387e+03
2.821193905834263216e+00
3.028973330795561164e-02
1.127857463200403117e+03
5.385055338538989878e-01
1.426255757681306191e+00
1.667922464152264439e+01
3.424518935426317245e+00
2.551512433998088247e-01
8.904728135901552877e-01
2.750142777569921204e+00
1.140884214789854667e+01
1.121607075656801511e+00
1.412972231680938933e+02
4.920950062231849387e+01
1.601784064872544988e+01
5.529828571024587092e+01
4.022467956275428413e+00
1.404143369067024771e+01
5.222832992450304523e+00
1.277982524842392609e+00
2.040107541238016609e+01
5.965588769797844915e-01
1.088070692334588188e+02
1.161113878681364753e+01
4.205085331388403347e+00
4.157869674133192461e+01
3.443727824731366738e+00
3.900679213760023245e+00
6.842035556285360753e-01
7.116750569651458136e+01
7.300680961938829094e-01
9.402915259629008204e+00
2.651894335110814183e+01
1.674040023389813570e+01
8.380365773081924208e-02
1.497720318032879916e-01
8.989007823021916920e+03
1.594441551995949613e+00
2.901426884818291807e+00
2.962518661168601075e-01
3.192966365868322304e-02
3.644694277997339443e-02
2.375018109127097123e-03
0.000000000000000000e+00
5.155722182754273852e+00
0.000000000000000000e+00
0.000000000000000000e+00
5.072951838915663592e-01
0.000000000000000000e+00
1.661149849862634653e+01
0.000000000000000000e+00
6.100071695186848721e-04
2.861780281656659767e-03
5.502158470632429459e-06
8.916540745526197043e+01
8.586284024832730941e-03
7.552860606460605258e-05
4.756473764733914145e+00
1.134090671030160236e-09
2.544977282474827096e-05
4.007995522213925038e-09
1.813359526167453950e+01
8.573342462131925356e-05
3.248731991578750922e+02
7.676948330303148554e-07
3.919437145892339935e-01
6.542182127089934340e+01
1.142945799858100707e-04
2.498486838422078839e-06
4.378405837575044046e+01
3.352093817790362772e-04
1.188036535175519504e+02
9.376505048906656894e-08
1.105295638602948524e-04
1.484798517737896239e-03
6.253321104902717309e+00
2.851639564753449124e-02
6.970755209783824672e-05
1.335512640680712980e-03
1.536364289229517469e-07
2.929221565958860388e-06
2.259984546724551365e+03
1.096805009617943238e-06
1.268909659947518268e-04
1.783777262409642935e+04
1.301324070199518478e-02
1.304196091765022769e-01
1.798473630944959268e+03
1.312046956285219286e-03
9.418139356104426180e-03
9.139524248808757884e-03
2.335470243573724985e-02
3.371392000434398430e-07
3.113369857924074835e-01
4.603605163320487038e-11
7.834207085235221824e-13
1.009002776767930365e-12
3.994484205855303258e-04
8.835042438713022966e-11
1.577287752136262988e-01
6.099485977869545827e+00
2.110799084280552604e-11
1.543191232901420569e-12
1.426324534823480140e-12
2.826210683929088506e-09
2.061238737586565194e-10
1.894445233159566542e-10
3.683712181880921621e-12
1.381530231422101687e-18
4.927993650919404617e-10
6.937969647667225637e-13
1.382484543667374911e-10
1.955227488734025922e-14
3.973871660331270947e-09
3.975545646990194563e-12
6.201594369170743956e-16
4.943975459375882497e-18
6.177585286948639968e-19
2.287838572037604819e-16
4.171442801074322461e-17
1.328691187052035237e-17
0.000000000000000000e+00
2.583898992047653920e+01
4.865966035468491668e+01
2.139309176174175229e-04
4.029297531759828488e-04
4.960858064843471911e-05
2.319676197202871588e-13
4.368442104286399259e-13
0.000000000000000000e+00
1.354930970924023903e+01
2.160542425882303757e-04
1.985897224277360040e+00
3.508923710467093393e-02
1.258557466066391461e-02
6.676449620063835688e-01
5.527679361375269074e-06
1.281818251664540527e-06
5.993651270402051289e-15
4.576639342012674498e-11
1.061280775606275710e-11
4.962440548507036255e-20
1.150744544325687289e-20
5.380763997485333813e-29
1.835822136024342355e-01
3.943755214993374843e-03
1.068119990781629669e+00
1.161483934739595547e-01
3.756030829591880607e-16
6.674636662392844559e-24
3.138793408177137814e-32
1.959315417357278685e-17
4.940586624800270428e-20
1.179701521352133875e-17
3.207826064645771837e-19
0.000000000000000000e+00
8.141530999712606339e-15
7.221528793867750749e-20
7.480575740239688711e-29
1.268955387037431811e-27
1.486163251230792191e-22
3.306751404317777416e-28
0.000000000000000000e+00
1.482782539673480863e-36
5.967374310854195654e-36
0.000000000000000000e+00
6.995741338796919579e-31
1.375492024861049723e-36
6.438937660915860276e-45
2.267936813963608753e-16
1.429145675423251074e-38
1.519234497200698300e-16
4.386088581733075988e-18
0.000000000000000000e+00
2.055498297202164554e-31
1.537671384182149516e-38
2.985144244864742500e-47
6.928587420228731130e-47
5.307126355362146641e-55
1.369583358319770182e-63
8.060501765890866014e-34
1.219971588769236804e-41
1.381863755544830259e-33
4.666379902882307200e-36
0.000000000000000000e+00
4.866584135913047504e+00
4.029268963240567895e-05
4.368932723627245788e-14
3.191830137883274134e-19
0.000000000000000000e+00
8.033311186323892558e-15
2.028166356904059488e-31
7.184970644683085007e-20
1.529689989049004398e-38
7.442819735751206291e-29
2.969920930278934410e-47
1.267820077341157617e-27
0.000000000000000000e+00
1.478482162568981870e-22
1.481269912320008087e-36
5.301129997821040407e-55
5.962187276321829333e-36
0.000000000000000000e+00
6.960697344616652342e-31
1.374143470227745033e-36
6.432858909369612322e-45
1.368257571729718998e-63
2.266228056889609015e-16
8.053811744871880832e-34
1.218439556320195289e-41
1.427357160769076129e-38
1.380261860996448082e-33
1.517542847160672353e-16
4.381379852984214911e-18
0.000000000000000000e+00
4.660763720078441478e-36
0.000000000000000000e+00
5.273459953222439563e-18
0.000000000000000000e+00
5.554486566450178130e-36
0.000000000000000000e+00
2.231174758573335963e-23
0.000000000000000000e+00
5.679788197474735438e-19
1.414431647526631405e-35
5.024440470404563995e-24
1.058047418802775293e-42
5.146746268319500788e-33
2.030600642101997180e-51
8.978567021996653686e-32
0.000000000000000000e+00
1.038535864570506234e-26
1.036703944966971514e-40
3.665449307984474101e-59
4.165699236658797189e-40
0.000000000000000000e+00
4.823541733601631626e-35
9.612324368232866799e-41
4.442636736713938184e-49
9.335521696279660487e-68
1.598019456260168492e-20
5.615794845793739153e-38
8.351024078051259002e-46
9.815858335087036215e-43
9.573372663762643821e-38
1.065628202754419349e-20
3.090107084565676523e-22
0.000000000000000000e+00
3.249008494831506406e-40
0.000000000000000000e+00
1.695488497160971051e-18
0.000000000000000000e+00
1.196210061513065835e-13
2.925283727936749781e-30
3.816783857104252463e-19
7.924286361022158100e-38
3.857500751044822141e-28
1.500540082566720925e-46
5.578015067152659376e-28
0.000000000000000000e+00
7.934176899078685605e-22
6.408453609339095565e-37
2.254404338806396358e-55
2.574101761183505547e-36
0.000000000000000000e+00
3.625257017572953264e-30
5.940697336172185275e-37
2.732145822898211750e-45
5.713244415330236258e-64
1.000098088033717349e-16
3.497684795401375007e-34
5.117895778362373181e-42
6.027751415730801545e-39
5.945265954940881565e-34
6.652556174190166605e-17
8.969823162953426564e-18
0.000000000000000000e+00
7.699954355553104804e-36
0.000000000000000000e+00
1.696987091052494945e-18
0.000000000000000000e+00
1.197245675844982818e-13
2.927858626583743512e-30
3.820157349196474680e-19
7.931382563554177917e-38
3.860954226075175138e-28
1.501901617492953589e-46
5.585967356880944551e-28
0.000000000000000000e+00
7.941152883668025704e-22
6.417668273951244194e-37
2.257674608614546903e-55
2.577806961089480167e-36
0.000000000000000000e+00
3.628494319425490850e-30
5.949242586973007862e-37
2.736111739112809670e-45
5.721610919738512985e-64
1.001521529724897970e-16
3.502703762641900895e-34
5.125367620436252008e-42
6.036527125302069342e-39
5.953832763694474134e-34
6.662056582185425592e-17
8.970499991418869827e-18
0.000000000000000000e+00
7.700642933786442269e-36
0.000000000000000000e+00
1.135721586344681203e-17
0.000000000000000000e+00
9.735913172201781203e-36
0.000000000000000000e+00
1.250530364721608899e-22
0.000000000000000000e+00
3.497993864986161821e-18
8.825627466635874091e-35
2.502479166073107303e-23
5.324685612926894278e-42
3.562300721788742201e-32
1.420932363706210763e-50
3.864088573526834780e-31
0.000000000000000000e+00
5.150040034415120982e-26
5.802099291568057757e-40
2.075602336607178493e-58
2.594715362356261655e-39
0.000000000000000000e+00
3.331357301827507565e-34
5.382065993714846486e-40
3.357996441506136317e-48
7.139536289180174089e-67
1.973262626854200767e-20
7.010473214532806635e-38
5.298514702275123133e-46
6.207792673914670269e-43
4.804810536212220813e-37
5.284890802894575300e-20
1.147987824774881178e-21
0.000000000000000000e+00
1.208882648360815610e-39
0.000000000000000000e+00
6.652908690116034321e-22
0.000000000000000000e+00
5.215250643905087883e-17
1.275368476870082766e-33
1.331263690096367506e-22
2.763927455994864742e-41
1.850004861654133332e-31
7.196423873971641169e-50
1.703296446566975193e-31
0.000000000000000000e+00
2.767377565312592101e-25
2.515972545647936212e-40
8.850885932741263472e-59
1.122892489036253185e-39
0.000000000000000000e+00
1.738633277655859495e-33
2.332342923952725010e-40
1.430202524722444939e-48
2.990724582130961697e-67
8.725395449236200156e-21
3.051568666872490533e-38
2.232454827754005436e-46
2.629339051345367062e-43
2.074687008750131641e-37
2.321506473547498463e-20
2.473622563979162120e-21
0.000000000000000000e+00
2.120478374568803901e-39
0.000000000000000000e+00
5.321315243463658769e-20
0.000000000000000000e+00
1.338458727162435860e-15
3.380254590038104960e-32
8.983549350151715335e-21
1.911366542408093407e-39
9.303005853277590092e-30
3.711442492779178761e-48
1.585256813232063190e-28
0.000000000000000000e+00
1.848844727019731542e-23
1.234394684498390511e-37
4.416559719866360048e-56
7.453416518490379841e-37
0.000000000000000000e+00
8.701942697574998999e-32
1.145242336440909016e-37
5.359939281598364846e-46
1.139759650505916972e-64
3.778551421275860168e-17
1.342534616682492597e-34
2.537498758126293781e-42
2.972411621643285758e-39
1.150104838143614035e-34
3.794518273681564066e-17
3.297073989873284945e-19
0.000000000000000000e+00
3.471762755762820028e-37
0.000000000000000000e+00
7.188833276210230476e-20
0.000000000000000000e+00
9.052370356352565077e-16
2.281097855697826812e-32
4.048163868868400656e-20
8.603359055290752265e-39
1.672722556072560237e-29
6.663148073411970854e-48
8.567223407204413950e-28
0.000000000000000000e+00
8.304105639841086892e-23
9.989617233010924586e-37
3.568593662172062978e-55
2.010187919445578167e-36
0.000000000000000000e+00
1.566637031571838571e-31
9.273160977892646466e-37
2.163191131706581236e-45
4.601888787294140206e-64
7.669574283925695023e-17
2.720796797169316410e-34
4.061374193706546438e-42
4.759361475147682926e-39
1.085290952047191964e-33
1.366352628031430768e-16
3.097396868730195506e-18
0.000000000000000000e+00
3.256398749242318022e-36
0.000000000000000000e+00
7.165294475024643333e-20
0.000000000000000000e+00
9.017330887477130897e-16
2.276146616475212366e-32
4.032977536933200024e-20
8.584865194105657807e-39
1.670568155223371210e-29
6.665933796057879764e-48
8.539925089590005642e-28
0.000000000000000000e+00
8.299343235194288009e-23
9.974512156656176485e-37
3.569540445646418514e-55
2.007646568563569241e-36
0.000000000000000000e+00
1.562585900053610522e-31
9.254211994062491811e-37
2.165765827434079787e-45
4.605715846711261568e-64
7.632568174496551265e-17
2.712048339991924118e-34
4.098562025448376918e-42
4.801453191152745657e-39
1.083628674626011801e-33
1.361851355361145684e-16
3.107756864092689318e-18
0.000000000000000000e+00
3.272809003814278055e-36
0.000000000000000000e+00
1.077172830915003748e-21
0.000000000000000000e+00
8.444041964144081120e-17
2.064926756071033200e-33
2.155462977478605275e-22
4.475052291708218580e-41
2.995310160866649571e-31
1.165153406943402040e-49
2.757831091067764547e-31
0.000000000000000000e+00
4.480710505338005017e-25
4.073572118429907821e-40
1.433023895276975657e-58
1.818066149256717757e-39
0.000000000000000000e+00
2.815013900855802932e-33
3.776281266832778270e-40
2.315601462788886290e-48
4.842138181642394842e-67
1.412744259229302951e-20
4.940792044698900995e-38
3.614300123607635905e-46
4.256864931458222131e-43
3.358940326875194505e-37
3.758591527382227494e-20
4.005059105376599848e-21
0.000000000000000000e+00
3.433255045236211068e-39
0.000000000000000000e+00
1.022520345247635979e-20
0.000000000000000000e+00
2.860203528441451028e-16
7.216440591857434060e-33
2.046200815456923927e-21
4.353828831060119675e-40
2.912781862148262884e-30
1.161851243668544493e-48
3.159547670325840332e-29
0.000000000000000000e+00
4.211031254926199574e-24
4.744196959974771548e-38
1.697154682981085108e-56
2.121618219893869696e-37
0.000000000000000000e+00
2.723946389092885970e-32
4.400748166201976415e-38
2.745727584994058275e-46
5.837769549359131333e-65
1.613476580637850762e-18
5.732247023083125272e-36
4.332425912908177199e-44
5.075914418349255691e-41
3.928743726576625119e-35
4.321293209533515659e-18
9.386746562512545358e-20
0.000000000000000000e+00
9.884661376493412467e-38
0.000000000000000000e+00
4.835655115605688476e-19
0.000000000000000000e+00
1.216262888288893051e-14
3.071704311991593232e-31
8.163627974913002357e-20
1.736861955571286155e-38
8.453804526344146551e-29
3.372620713967007901e-47
1.440574579165583352e-27
0.000000000000000000e+00
1.680113539821688022e-22
1.121719256562937068e-36
4.013370846733402877e-55
6.773098570961228086e-36
0.000000000000000000e+00
7.907675550388343742e-31
1.040709934347570149e-36
4.870652567079932392e-45
1.035703557378390588e-63
3.433708843558891394e-16
1.219998042511947824e-33
2.305848160896787516e-41
2.701048762211529549e-38
1.045122796255615016e-33
3.448196789129153657e-16
2.996166750904167822e-18
0.000000000000000000e+00
3.154869291122488492e-36
0.000000000000000000e+00
7.114794904303554385e-19
0.000000000000000000e+00
8.959177056118954531e-15
2.257587067742170398e-31
4.006485562021246211e-19
8.514685970058270503e-38
1.655471842670161175e-28
6.594352819807700375e-47
8.478984839889366572e-27
0.000000000000000000e+00
8.218425543680237746e-22
9.886610344725572273e-36
3.531752667399877265e-54
1.989456891551660773e-35
0.000000000000000000e+00
1.550494576470316011e-30
9.177576173749063755e-36
2.140845082348360123e-44
4.554362147354144074e-63
7.590667746196810023e-16
2.692773951774278609e-33
4.019192693219422466e-41
4.709940990389450251e-38
1.074100204539879765e-32
1.352280611628118628e-15
3.065535393557884393e-17
0.000000000000000000e+00
3.222893981559429294e-35
0.000000000000000000e+00
0.000000000000000000e+00
0.000000000000000000e+00
0.000000000000000000e+00
0.000000000000000000e+00
0.000000000000000000e+00
0.000000000000000000e+00
0.000000000000000000e+00
0.000000000000000000e+00
0.000000000000000000e+00
0.000000000000000000e+00
0.000000000000000000e+00
0.000000000000000000e+00
0.000000000000000000e+00
0.000000000000000000e+00
0.000000000000000000e+00
0.000000000000000000e+00
0.000000000000000000e+00
0.000000000000000000e+00
0.000000000000000000e+00
0.000000000000000000e+00
0.000000000000000000e+00
0.000000000000000000e+00
0.000000000000000000e+00
0.000000000000000000e+00
0.000000000000000000e+00
0.000000000000000000e+00
0.000000000000000000e+00
0.000000000000000000e+00
0.000000000000000000e+00
1.587630768669926917e+00
7.183297660373196502e-05
5.636201006076095865e+00
8.787402009799205871e+01
1.132601023700720161e-01
2.131537324583760995e+00
2.126570337824119150e+01
2.649836496651050699e-02
1.623441308671900529e+01
3.959006769925862201e+00
1.162758525202802244e-10
3.930140581424962143e+00
5.521394739571677729e-10
3.252111294788210647e-11
0.000000000000000000e+00
0.000000000000000000e+00
1.188025121666155928e-12
4.200439348787706438e-03
4.990224733647356867e-17
1.535767798728911160e+01
1.635340407840755915e+03
1.954791147615215330e+00
0.000000000000000000e+00
1.941892456870022343e+01
1.032004156700040642e+00
1.573895094361209779e+00
3.707849206858114532e-02
8.718685855205748902e-02
5.552570807862691709e+02
1.092622044637855510e+02
2.150503240036737509e+02
1.429491519186624286e-11
7.596218800349587852e+00
1.367322757789387140e+02
1.096275539193771351e+02
2.064770002998773180e+01
5.240784862441974212e+01
8.213100179663825554e-14
1.411453185806536226e-11
1.398723324071669808e-09
2.402190782093737765e-09
1.190531677390576704e+01
2.793097594709234786e-09
6.467211954905139892e-01
2.191430017251351503e-01
1.097667767699807839e-01
2.539389046755859169e+02
1.586671967884616476e-13
9.996254448753204997e+03
3.556933919304745118e+00
4.401169278655140404e-01
8.283839935362643514e-01
2.615761157201686871e+01
1.018869270910346819e-01
1.018940226195340859e+00
1.156256865698051861e+01
4.112388308168897222e-01
1.157215236210859671e-01
7.424108286708229476e-02
4.003296505364554392e+00
2.646502781389078685e+00
1.056036896564806378e-02
1.797433260587553434e+02
1.663545837472292632e+01
3.961454421360764006e-02
5.146920436506041696e-01
7.948959157881743121e-01
2.037811884025631237e-01
2.098943276247428713e+01
2.492989029295889108e-13
7.647569453473707160e-11
3.429632042187858474e+02
0.000000000000000000e+00
6.063097924096396696e+01
4.239484743644010223e+01
2.071793210663542766e+02
1.791669465881544354e-01
7.878341629378617927e-01
7.152812023931016938e+01
0.000000000000000000e+00
1.747322199152614621e-11
2.788865617285022580e+01
2.747786381057254266e-10
3.523867729669405979e-01
1.039486178568942036e-10
3.292410470848547064e-04
2.133180588404080119e-02
1.943710354799733642e-01
7.418682307291248434e-17
5.003505482462635573e-02
0.000000000000000000e+00
8.068501460306656270e-01
1.587702069621702017e-01
6.519337835307640994e+00
4.558507591591594910e+00
2.064775337523027687e+01
3.912467057696612130e-15
1.020834436875926511e-14
6.663697745261558428e-11
1.738560247075164388e-10
7.772627923864841764e-14
1.423151533219397125e-03
1.135544970441589334e-03
1.020857208745123198e-03
1.664966324634541972e-01
2.622191613602095194e-03
5.331538080340909175e-02
0.000000000000000000e+00
1.041816964906772274e-13
8.245163834516915870e-13
8.298068855142555532e-04
1.170436082324775670e-13
5.508114192212666293e-13
0.000000000000000000e+00
1.753741303372692128e-12
5.548282417165598807e-02
3.077890592970458877e-04
1.553651953464641085e-03
3.057241449061977204e-04
1.183952479839106502e+02
4.162069645040043397e+00
2.476712749033910810e-01
6.876041507236343442e+00
1.353054127978346788e+00
5.367137452850587742e+00
0.000000000000000000e+00
0.000000000000000000e+00
0.000000000000000000e+00
0.000000000000000000e+00
5.775945163055186526e+01
6.838306333950586691e+01
0.000000000000000000e+00
0.000000000000000000e+00
0.000000000000000000e+00
0.000000000000000000e+00
0.000000000000000000e+00
5.488807497909671020e-03
3.722877196798442864e-03
9.361006134355722081e-05
1.182769998121957229e-03
1.973391819239015722e-03
5.376216566653199691e-03
5.376216566653199691e-03
5.376216566653199691e-03
5.376216566653199691e-03
1.765932485756089784e-02
3.794982358112791161e-06
8.835988888907873873e-03
5.376216566653199691e-03
5.376216566653199691e-03
5.376216566653199691e-03
5.376216566653199691e-03
5.376216566653199691e-03
5.376216566653199691e-03
5.376216566653199691e-03
5.376216566653199691e-03
5.376216566653199691e-03
5.376216566653199691e-03
5.376216566653199691e-03
5.376216566653199691e-03
5.376216566653199691e-03
5.717773419555999964e-04
9.420411206955300182e-03
4.703248135821100177e-03
1.498765032630679922e-02
2.770337121422000162e-04
2.087240296962000101e-04
1.581240166662713827e-03
2.455352096168328131e-03
2.101159204356558598e-03
4.346517808117770880e-03
0.000000000000000000e+00
5.078951389274201367e-03
2.414874270389258306e-03
4.345253807018685695e-03
4.490739053970144428e-04
2.212474218269542062e-03
2.480653418435384283e-02
4.083402010349714874e-03
7.589964716225612816e-06
5.172561450617856396e-03
1.312811145338247873e-02
9.792316995499414367e-03
5.054915011475687864e-02
2.799435461739199250e-03
5.819022600115726564e-05
0.000000000000000000e+00
1.058420480375618471e-02
6.793018421020998506e-04
7.248411338893426953e-04
1.784906702432299775e-03
2.785516554344542959e-03
2.023990590993499574e-05
3.081527164318172921e-03
4.190925169918772175e-01
1.809952841230644260e-02
1.264994119370919446e-06
0.000000000000000000e+00
4.141590250310243568e-03
2.529988238741870656e-06
1.264994119370919446e-06
0.000000000000000000e+00
1.920259583674428349e-03
0.000000000000000000e+00
1.095484907375200018e-03
7.330637942693355759e-03
3.393979222272200304e-03
4.667823335376427673e-04
1.178974519253700318e-03
2.392103879730400531e-03
2.656487650678970711e-05
6.324960666650855309e-04
1.720396967445572288e-04
3.681130404818413939e-03
3.996117912623267307e-03
3.509093190624743876e-03
1.258670638304571670e-03
5.059976477483741313e-06
0.000000000000000000e+00
3.591316815363427596e-03
1.401613980773157471e-03
1.475741990705072872e-02
3.192842674741213846e-03
4.087199475258799890e-03
2.962614241525872785e-03
1.839302939095871069e-03
8.322394325300569787e-03
0.000000000000000000e+00
6.008720577481328762e-03
9.070017766093141278e-04
4.035346136098717242e-04
3.238387428140486728e-03
0.000000000000000000e+00
1.123538713914281450e-18
2.846232299992886190e-03
1.628173285579074397e-02
1.238175747530072604e-02
7.640574411204140203e-04
2.200837513646845822e-02
7.016922380150497976e-03
5.424293294331927924e-03
1.264992133330171062e-03
3.467348881195700481e-03
5.419233317854428404e-03
1.177709525134299851e-03
7.162395214347627541e-03
1.951884436658728357e-03
1.264994119370919446e-06
0.000000000000000000e+00
1.944295961473129289e-02
1.560243995087207645e-02
7.573517310122812943e-03
7.844229030729352528e-03
1.377577602974485718e-03
2.338593883715764030e-02
2.264338977163742571e-03
1.896225688426842523e-03
1.074991704735305496e-02
2.455354578719314961e-03
2.586914463644071974e-03
2.552759622421071645e-03
2.421199240986157859e-03
2.909486474553155913e-05
3.210553585432828188e-03
1.657142296375000074e-04
5.059976477483741313e-06
2.435618982322529727e-02
3.162480333325427655e-04
6.324970596854693582e-06
5.059976477483741313e-06
4.933477065546644307e-05
9.550700636148428064e-04
4.317425425923156722e-03
1.442091806552228163e-03
1.707751991354144474e-04
3.364884357525999318e-04
0.000000000000000000e+00
