1.897392000000000053e+03
3.899836280607777894e+02
8.622053850988766754e+00
1.170341145245384524e+02
1.087038044706298612e+00
6.273748535653919645e-69
1.483770215946313493e-102
8.609058959653896892e+00
8.586935644832617953e+00
8.585586412005209667e+00
8.467619551231331698e+00
8.462910527337925259e+00
8.452189932422488283e+00
8.450719993338369207e+00
8.423087810481790783e+00
8.389223752068321716e+00
8.345169949970182799e+00
8.591638258128497796e+00
8.546807954183661238e+00
8.488827618890413262e+00
8.454763309168583874e+00
8.408942478721623814e+00
8.315000042154611748e+00
8.280335926369893684e+00
8.258665833323883376e+00
8.222563232000767997e+00
8.208773151559132231e+00
1.094851387297267886e-01
7.126498941580165081e+01
1.190470259407690357e+01
5.458855600237105333e-04
1.177491389327990120e-05
0.000000000000000000e+00
0.000000000000000000e+00
6.284571391322185718e+01
1.524159122647551783e+02
0.000000000000000000e+00
7.549851140506903313e+00
1.983082106880039719e+00
7.966845284684321996e+03
3.460348284202009683e+00
3.538692004529663676e-02
1.129886953771246681e+03
6.295443546109394939e-01
1.521579041063631399e+00
1.950149526647933484e+01
3.991729049703738319e+00
2.550254971604508092e-01
8.901117286991780952e-01
2.748737748737422493e+00
1.140857066060501701e+01
1.121796058598188539e+00
1.412932556532397257e+02
4.927858506883805489e+01
1.601974670578303162e+01
5.529830029517972889e+01
4.023599394508911686e+00
1.404780401525718503e+01
5.198148372476788737e+00
1.272882110672605149e+00
2.041484855819329880e+01
5.925922776900429678e-01
1.088149581443703369e+02
1.156254880908481830e+01
4.204961379439899893e+00
4.144154795191129637e+01
3.443604996632762649e+00
3.900553727947424942e+00
6.841843099582444188e-01
7.116751383595398295e+01
7.300460946371615245e-01
9.402886489526938618e+00
2.651895458449089205e+01
1.674039453820180512e+01
8.385870313439733326e-02
1.497720318032879916e-01
8.997355128143883121e+03
1.956739585799930126e+00
2.899055499890093479e+00
3.420651470592735999e-01
3.188845395518478953e-02
3.624812351316728659e-02
2.373054430006302142e-03
0.000000000000000000e+00
5.574618686611822582e+00
0.000000000000000000e+00
0.000000000000000000e+00
9.637608265665338347e-01
0.000000000000000000e+00
1.554393705726717023e+01
0.000000000000000000e+00
5.959993550684336908e-04
2.861902003749834580e-03
5.380910401784605294e-06
8.704483799898314089e+01
8.193078319871842027e-03
6.511188606605082031e-05
4.760472004751882480e+00
9.784859886106865953e-10
1.757270862435891608e-05
2.589581510605154966e-09
2.007119131070130891e+01
8.180727932670252658e-05
3.209706442029288951e+02
6.538561166074573536e-07
3.684529530805393804e-01
6.516717758855044451e+01
1.113495968753100488e-04
2.620946662494122852e-06
4.121200265017168363e+01
3.311551318352759553e-04
1.167005686046011874e+02
9.662043295942653619e-08
1.193039398830495553e-04
1.607967046764415550e-03
5.885519456138369243e+00
2.903989622261414841e-02
8.175335461249808575e-05
1.482090702667157242e-03
2.113351918209963299e-07
3.860750980615681997e-06
2.259979457122551594e+03
1.508754729074116504e-06
1.749546493784160631e-04
1.739808310672749212e+04
1.750012849273289636e-02
1.753873628245980754e-01
1.855403348244942435e+03
1.866285624531592536e-03
1.266703019715046362e-02
1.229062679555209883e-02
4.438848010786346221e-02
8.616266089677183050e-07
2.971817786799713090e-01
1.470624657418760369e-10
1.427542027385629227e-12
1.750376980652703031e-12
4.666192545111114446e-04
1.757964640689442930e-10
2.031084899478713124e-01
6.088846531408167451e+00
2.515538976846357253e-11
1.590847819113629268e-12
8.524036157563536458e-13
3.154719811665906000e-09
2.000438188590309001e-10
1.100729234619385623e-10
4.172441873264805511e-12
1.537130440393375361e-18
5.210539187195432956e-10
6.818799678447715854e-13
1.361806126110330513e-10
1.971180680594093840e-14
4.120661224750001300e-09
4.111028250263442386e-12
7.846547103177316566e-16
4.885132681710651158e-18
6.103828504915004202e-19
2.046650010069289484e-16
5.758663283621217748e-17
1.312876324149880390e-17
0.000000000000000000e+00
3.033072939711526672e+01
4.956121870131033091e+01
2.342667250172878607e-04
3.828573873544909413e-04
4.937940218426033781e-05
2.509673359789768341e-13
4.100987311092719240e-13
0.000000000000000000e+00
1.363885749670595260e+01
2.160542562737550944e-04
2.015531362801076920e+00
4.601856201079023573e-02
1.208456570031360248e-02
9.199383441800390582e-01
7.105361565425003862e-06
1.497690578138853891e-06
7.611806109340151022e-15
5.488077336534519974e-11
1.156794294496063493e-11
5.879247693036868039e-20
1.239246419111540617e-20
6.298299262414836262e-29
1.860173532306634847e-01
4.062345408067908649e-03
1.788772345923620888e+00
4.147293239287597882e-02
4.182819696511582185e-16
5.372370534706916269e-24
2.767733742790299199e-32
1.940807934442933635e-17
4.421468469351766261e-20
1.496376023811655023e-17
3.754228504551582376e-19
0.000000000000000000e+00
1.035029473918600632e-14
7.644227032031370409e-20
8.923203217350444115e-29
1.116669916890143247e-27
1.393700960020370316e-22
2.649343833644290708e-28
0.000000000000000000e+00
1.286169183155594563e-36
5.751646485325199069e-36
0.000000000000000000e+00
7.197180911975332008e-31
1.204985590778488636e-36
6.130748339747283871e-45
2.262203531147101884e-16
1.320156990755488378e-38
1.861602404510940680e-16
6.371292146602769015e-18
0.000000000000000000e+00
3.096993579012648199e-31
1.630819794474285589e-38
3.601029080543869014e-47
5.271785394511627037e-47
4.458503961920654918e-55
1.234203388208755760e-63
7.924851759171364121e-34
9.772154708199161560e-42
2.296600220528217777e-33
6.450212335050095525e-36
0.000000000000000000e+00
4.956779331479869377e+00
3.828527399808137523e-05
4.101415366868301112e-14
3.733176576875871207e-19
0.000000000000000000e+00
1.019575110623115851e-14
3.050715084033956204e-31
7.600586224944013783e-20
1.621290386186318766e-38
8.872555522019185832e-29
3.580413958249062329e-47
1.115573320395376098e-27
0.000000000000000000e+00
1.385597032697191948e-22
1.284727782467477881e-36
4.452954699595105240e-55
5.746146486070729798e-36
0.000000000000000000e+00
7.156768546982184244e-31
1.203686027811963485e-36
6.124365343254327067e-45
1.232893883437284912e-63
2.260369825883361726e-16
7.917717163913882626e-34
9.761508313346351795e-42
1.318652036966217790e-38
2.293689944548278535e-33
1.859282282154412456e-16
6.363482491176542385e-18
0.000000000000000000e+00
6.441404463131238416e-36
0.000000000000000000e+00
7.263153830365548922e-18
0.000000000000000000e+00
7.269612472684504191e-36
0.000000000000000000e+00
2.598672721580823664e-23
0.000000000000000000e+00
7.156016957300296450e-19
2.110157157385871768e-35
5.295309417788377642e-24
1.118006530685549161e-42
6.107700176436897955e-33
2.440249765238379627e-51
7.908186710967696261e-32
0.000000000000000000e+00
9.717873881852109722e-27
9.002504315860646977e-41
3.083573601165165581e-59
4.016673688951938650e-40
0.000000000000000000e+00
4.950201317457660843e-35
8.426715720416214145e-41
4.232480855017777429e-49
8.421222402566712481e-68
1.595824143406861589e-20
5.522190165372750032e-38
6.955093193790748598e-46
9.341466716792993720e-43
1.591651429628188935e-37
1.302975454847043515e-20
4.469020039616042494e-22
0.000000000000000000e+00
4.470764003920925937e-40
0.000000000000000000e+00
2.211967493337356612e-18
0.000000000000000000e+00
1.678183992767943558e-13
4.855270074439711279e-30
4.511176058697149593e-19
9.395231583160974191e-38
5.125263047432659018e-28
2.020925358555762471e-46
5.385602572270056688e-28
0.000000000000000000e+00
8.342341667263984767e-22
6.100214423409406684e-37
2.078989443237204596e-55
2.719637001206421018e-36
0.000000000000000000e+00
4.175596784936448992e-30
5.707486739922919360e-37
2.852112397379262386e-45
5.648397304033712131e-64
1.094416571766390068e-16
3.766912393485708303e-34
4.742356058062909528e-42
6.352769412638954725e-39
1.082926461076325653e-33
8.901848091402371373e-17
1.316619631983800924e-17
0.000000000000000000e+00
1.101732330900203172e-35
0.000000000000000000e+00
2.213927167830686576e-18
0.000000000000000000e+00
1.679648967275274876e-13
4.859583893485661865e-30
4.515169179644704701e-19
9.403652297465011773e-38
5.129864293508478985e-28
2.022761964270790795e-46
5.393262168802392963e-28
0.000000000000000000e+00
8.349671673382295804e-22
6.108963659424672382e-37
2.081997104380785003e-55
2.723544060244830650e-36
0.000000000000000000e+00
4.179325936206842056e-30
5.715678512384090317e-37
2.856243872723492887e-45
5.656648808458704115e-64
1.095970625341826692e-16
3.772309144841500113e-34
4.749079377360224728e-42
6.361814104409680728e-39
1.084483964725916411e-33
8.914560216880227787e-17
1.316723805261969120e-17
0.000000000000000000e+00
1.101834034014984397e-35
0.000000000000000000e+00
1.600453487113059293e-17
0.000000000000000000e+00
1.337498300767566994e-35
0.000000000000000000e+00
1.608764981978316353e-22
0.000000000000000000e+00
4.882571715204438673e-18
1.459967719568112505e-34
2.911779786547315818e-23
6.207775759971945799e-42
4.670892036919791828e-32
1.884295209058980315e-50
3.740372158389793838e-31
0.000000000000000000e+00
5.309218526730198112e-26
5.536039762567432888e-40
1.918101003104410236e-58
2.750982066459749226e-39
0.000000000000000000e+00
3.767829014148385715e-34
5.186395454622430230e-40
3.517012101169908497e-48
7.077429971533465615e-67
2.165234217170869693e-20
7.582041620371313209e-38
4.675546633336246963e-46
6.315437310297622869e-43
8.783933592667240056e-37
7.122634063371070263e-20
1.739086954461892781e-21
0.000000000000000000e+00
1.740229685795680034e-39
0.000000000000000000e+00
9.549550015962368151e-22
0.000000000000000000e+00
8.049979247147688698e-17
2.328995609254434627e-33
1.731185821976564925e-22
3.605466495937828011e-41
2.704397787155329420e-31
1.066367791948090551e-49
1.809390066308025919e-31
0.000000000000000000e+00
3.201414035898833652e-25
2.635028202198559295e-40
8.980381577107456544e-59
1.305301633639090629e-39
0.000000000000000000e+00
2.203307986800350370e-33
2.465399782783741199e-40
1.642660786161103855e-48
3.253168506537503611e-67
1.050539783089059036e-20
3.615891861074704547e-38
2.276005499304004566e-46
3.048893644003675126e-43
4.157844256231139873e-37
3.417821466400825300e-20
3.835217432607857436e-21
0.000000000000000000e+00
3.205060135916289282e-39
0.000000000000000000e+00
6.329104761652578053e-20
0.000000000000000000e+00
1.727354169829226201e-15
5.169987036508590789e-32
9.664062142094726366e-21
2.060143217528012148e-39
1.127751274360473826e-29
4.550142661815229287e-48
1.418633057845147999e-28
0.000000000000000000e+00
1.762111636889679487e-23
1.088837983014585140e-37
3.773105990399703221e-56
7.305527674530669174e-37
0.000000000000000000e+00
9.098910953666873117e-32
1.020255626727471833e-37
5.189721542811804783e-46
1.044483522585662942e-64
3.833020404266465226e-17
1.342327595052649396e-34
2.069107609605330682e-42
2.794538226714255550e-39
1.943761118632482088e-34
4.727939795549704907e-17
4.617863136656158077e-19
0.000000000000000000e+00
4.620599657304311788e-37
0.000000000000000000e+00
1.015778331395618932e-19
0.000000000000000000e+00
1.387182665238434692e-15
4.142020032475976956e-32
5.173873408881319745e-20
1.101818948997860214e-38
2.408757283300325698e-29
9.706020057287866698e-48
9.114526441138682407e-28
0.000000000000000000e+00
9.406386704048302879e-23
1.047603276383783106e-36
3.624668899278204946e-55
2.342213831041054454e-36
0.000000000000000000e+00
1.946804560785389123e-31
9.821166548224133005e-37
2.489920067123543324e-45
5.013631595531499831e-64
9.250731268700898252e-17
3.234276709644851409e-34
3.957730489563340772e-42
5.342076924420238189e-39
2.180632757018567238e-33
2.023317331538542982e-16
5.153504636672057424e-18
0.000000000000000000e+00
5.148359717143473262e-36
0.000000000000000000e+00
6.502297705705325985e-20
0.000000000000000000e+00
8.879180201271296694e-16
2.656204350936601400e-32
3.310134814933920078e-20
7.059813889041340904e-39
1.545131029769252051e-29
6.235196874188196545e-48
5.830710645721518368e-28
0.000000000000000000e+00
6.035018569721262816e-23
6.712699607213589646e-37
2.326605611965999345e-55
1.501349341563187456e-36
0.000000000000000000e+00
1.246579069331348979e-31
6.289960194863389598e-37
1.599902171566434640e-45
3.220195760193342391e-64
5.907186821060802391e-17
2.068836561522843214e-34
2.549251460399853388e-42
3.443457813623677655e-39
1.397276408319345187e-33
1.294634861428643822e-16
3.321004937507654884e-18
0.000000000000000000e+00
3.323376738130909603e-36
0.000000000000000000e+00
1.492509241007340924e-21
0.000000000000000000e+00
1.258137314163512760e-16
3.639948797884316924e-33
2.705707153942910492e-22
5.634998292864609013e-41
4.226682369066524521e-31
1.666609914354060575e-49
2.827953575595187041e-31
0.000000000000000000e+00
5.003590363693077373e-25
4.118295721766836998e-40
1.403538556789618532e-58
2.040068615344337521e-39
0.000000000000000000e+00
3.443569925691920838e-33
3.853202413839006971e-40
2.567300124333907687e-48
5.084286635713690268e-67
1.641925870037991731e-20
5.651334578389332966e-38
3.557084475192909778e-46
4.764974239135757152e-43
6.498008382429634151e-37
5.341531698717887885e-20
5.994109019787371155e-21
0.000000000000000000e+00
5.009194445725651078e-39
0.000000000000000000e+00
1.269794967534673068e-20
0.000000000000000000e+00
3.853804891502748996e-16
1.152348592702784422e-32
2.298262353167287452e-21
4.899781464459458604e-40
3.686722742080010770e-30
1.487268464331832831e-48
2.952269842438960156e-29
0.000000000000000000e+00
4.190557567258340101e-24
4.369584639619784959e-38
1.513952175618119119e-56
2.171344112749188298e-37
0.000000000000000000e+00
2.973937719335404432e-32
4.093610541736950857e-38
2.775968067410802828e-46
5.586192776638507916e-65
1.709015798644229816e-18
5.984489837375560941e-36
3.690401647286652117e-44
4.984764011383229054e-41
6.933138530448885055e-35
5.621881615475019203e-18
1.372658118723866792e-19
0.000000000000000000e+00
1.373559559830717107e-37
0.000000000000000000e+00
5.751435613251382849e-19
0.000000000000000000e+00
1.569639800362657382e-14
4.698022997873637825e-31
8.781988094179272345e-20
1.872047701899645041e-38
1.024801179470624782e-28
4.134736694972918261e-47
1.289157352034439727e-27
0.000000000000000000e+00
1.601291977564838451e-22
9.894486004578953104e-37
3.428657944985559194e-55
6.638700984708951528e-36
0.000000000000000000e+00
8.268387245839858975e-31
9.271309163972441899e-37
4.715969015069006534e-45
9.491252829535310385e-64
3.483208363182640343e-16
1.219809762577440165e-33
1.880282306719553049e-41
2.539486158864052047e-38
1.766333156650226321e-33
4.296414684793417719e-16
4.196390645385430376e-18
0.000000000000000000e+00
4.198819006921045392e-36
0.000000000000000000e+00
1.005312899541260182e-18
0.000000000000000000e+00
1.372891344820309658e-14
4.099293363915908924e-31
5.120588193973323657e-19
1.090459877671665538e-37
2.383905186922862789e-28
9.605781190859048737e-47
9.020663041273746920e-27
0.000000000000000000e+00
9.309326234804576977e-22
1.036802692309022551e-35
3.587255857421349722e-54
2.318060568157286530e-35
0.000000000000000000e+00
1.926742852527868964e-30
9.719946267733316292e-36
2.464201467993150695e-44
4.961859699292146452e-63
9.155579821190458551e-16
3.200970954480805943e-33
3.916782523455320155e-41
5.286778680894552191e-38
2.158150843630910547e-32
2.002477338981118532e-15
5.100488330904530328e-17
0.000000000000000000e+00
5.095383949524014513e-35
0.000000000000000000e+00
0.000000000000000000e+00
0.000000000000000000e+00
0.000000000000000000e+00
0.000000000000000000e+00
0.000000000000000000e+00
0.000000000000000000e+00
0.000000000000000000e+00
0.000000000000000000e+00
0.000000000000000000e+00
0.000000000000000000e+00
0.000000000000000000e+00
0.000000000000000000e+00
0.000000000000000000e+00
0.000000000000000000e+00
0.000000000000000000e+00
0.000000000000000000e+00
0.000000000000000000e+00
0.000000000000000000e+00
0.000000000000000000e+00
0.000000000000000000e+00
0.000000000000000000e+00
0.000000000000000000e+00
0.000000000000000000e+00
0.000000000000000000e+00
0.000000000000000000e+00
0.000000000000000000e+00
0.000000000000000000e+00
0.000000000000000000e+00
0.000000000000000000e+00
1.524921743185993162e+00
7.183297504839589133e-05
6.339432799180760192e+00
7.093591549886765790e+01
1.246139025374633363e-01
2.033971529703429315e+00
2.162792119363708210e+01
3.660255075676303177e-02
1.407573639982353875e+01
4.785676721551340052e+00
5.399292356496413202e-11
3.049521538497368844e+00
2.832089662196568112e-10
1.243275603301386447e-11
0.000000000000000000e+00
0.000000000000000000e+00
1.521479446997581744e-12
4.200441372395668192e-03
6.390880388926331569e-17
1.343424055022242136e+01
1.578598464948661103e+03
2.219019833753144599e+00
0.000000000000000000e+00
2.049254379078800881e+01
1.254882323968235180e+00
1.668729266616522988e+00
2.871072886341582281e-02
6.294234406443401098e-02
5.648166498230566503e+02
1.083200749749772882e+02
2.077679591214960340e+02
1.453061557962906548e-11
6.591378997934507211e+00
1.186449628147012305e+02
1.284654866331530343e+02
2.099451314542298164e+01
5.328511761304544336e+01
3.984700156996704824e-14
5.406530739245508620e-12
6.506285989155615893e-10
1.015652328260097072e-09
3.684848539602882056e+01
3.740085160981661145e-09
6.467212072510357679e-01
2.336426696551969495e-01
1.168483344457805218e-01
2.491992707914427285e+02
2.033868893995393715e-13
9.996253731049107955e+03
3.582663460081925155e+00
4.290073969993727365e-01
8.378325933594011898e-01
2.579504123463924969e+01
8.619143678151058863e-02
8.619710673435877490e-01
9.398484745977853549e+00
3.366903476315790678e-01
7.762358242515043916e-02
8.584188412517687605e-02
4.215304195368239526e+00
3.337366385689091164e+00
8.935094416333151310e-03
1.738401778063664835e+02
1.361344259047328187e+01
4.497622339501505806e-02
4.887138987864707018e-01
6.497025257101551876e-01
2.196779440248783355e-01
2.026202328731861613e+01
3.081766672745771679e-13
9.289233024575682317e-11
3.395952651290075437e+02
0.000000000000000000e+00
5.569033449465457863e+01
3.807352693328164150e+01
1.797689385377831002e+02
1.878838189750010879e-01
7.066292210088818138e-01
7.313064119625821036e+01
0.000000000000000000e+00
8.228831505779944971e-12
2.801919749707950658e+01
1.055631980650314983e-10
4.555265349047933898e-01
5.134851655492668190e-11
5.610527092646338219e-04
2.036496019426521295e-02
2.050793913234863763e-01
9.171225914529510861e-17
4.968471264958795874e-02
0.000000000000000000e+00
5.925136766368971353e-01
1.136318518084689783e-01
5.785322641008137090e+00
3.955227314903765112e+00
2.099459551055459272e+01
1.929752779715685993e-15
4.297331930816738860e-15
3.150892792355510644e-11
7.015804720724658394e-11
9.513895205029903186e-14
1.397262746211941006e-03
9.403000049352752037e-04
8.635273177334662747e-04
1.362221109113398998e-01
2.106280277861649359e-03
4.392733992096701373e-02
0.000000000000000000e+00
5.148578631559789567e-14
3.166865916842687289e-13
7.361342249794228373e-04
5.408902094428912125e-14
5.028237934785231408e-13
0.000000000000000000e+00
5.827133383204888063e-13
3.776464150777238821e-02
1.426045358031166697e-04
7.322301942014863277e-04
1.404265504724126073e-04
1.094432738100228306e+02
4.969723511222270851e+00
2.783903986777926942e-01
7.861943542190982903e+00
1.507759635502126327e+00
5.634489539408564340e+00
0.000000000000000000e+00
0.000000000000000000e+00
0.000000000000000000e+00
0.000000000000000000e+00
6.022793701518386200e+01
6.591457795487377780e+01
0.000000000000000000e+00
0.000000000000000000e+00
0.000000000000000000e+00
0.000000000000000000e+00
0.000000000000000000e+00
5.805055531242213351e-03
2.141637030135729036e-03
0.000000000000000000e+00
1.815266064787042759e-03
2.922135919236642718e-03
5.376216566653199691e-03
5.376216566653199691e-03
5.376216566653199691e-03
5.376216566653199691e-03
1.860806895755852050e-02
3.794982358112791161e-06
1.326346135556347172e-02
5.376216566653199691e-03
5.376216566653199691e-03
5.376216566653199691e-03
5.376216566653199691e-03
5.376216566653199691e-03
5.376216566653199691e-03
5.376216566653199691e-03
5.376216566653199691e-03
5.376216566653199691e-03
5.376216566653199691e-03
5.376216566653199691e-03
5.376216566653199691e-03
5.376216566653199691e-03
5.717773419555999964e-04
9.420411206955300182e-03
4.703248135821100177e-03
1.498765032630679922e-02
2.770337121422000162e-04
2.087240296962000101e-04
1.677381705775643148e-03
2.455352096168328131e-03
7.161127737677241978e-03
3.714021741452685783e-03
0.000000000000000000e+00
1.108766402259251348e-02
2.414874270389257439e-03
4.029005773686142496e-03
7.653219387295572083e-04
9.474820849393707830e-04
2.322529401769112684e-02
4.399650043682258073e-03
0.000000000000000000e+00
4.540065383952769998e-03
1.882057605336825631e-02
9.159820928834329704e-03
3.948046894811788055e-02
5.329419728399542242e-03
6.324960666650855309e-04
6.324960666650855309e-04
1.248169300375143870e-02
6.793018421020998506e-04
9.234506722425720501e-05
2.213736233327799358e-03
3.734260654342172556e-03
2.023990590993499574e-05
3.714023230983258452e-03
4.358536627585019585e-01
1.620204021231118341e-02
1.264994119370919446e-06
0.000000000000000000e+00
3.509094183645157169e-03
2.529988238741870656e-06
1.264994119370919446e-06
0.000000000000000000e+00
3.390194170117145759e-04
0.000000000000000000e+00
4.629888407101145410e-04
2.586917442705214711e-03
4.026475288937285402e-03
4.667823335376427673e-04
5.464784525886147871e-04
3.657096013060571593e-03
2.656487650678970711e-05
6.324960666650855309e-04
3.162480333325427655e-04
2.099890238155700112e-03
4.628613979288358909e-03
4.141589257289829407e-03
9.424226049720289041e-04
5.059976477483741313e-06
6.957467656540143543e-05
3.275068782030885698e-03
2.666606114103328533e-03
1.254368367372292806e-02
3.509090708073756178e-03
4.719695541923885421e-03
1.697622108195699989e-03
3.736791139091128096e-03
9.271138425298197649e-03
0.000000000000000000e+00
2.529992210823358342e-03
1.223249809941857110e-03
1.984774780272585606e-03
2.922139394807943529e-03
3.162480333325427655e-04
3.162480333325427655e-04
2.269398457130986438e-03
9.640524155807355874e-03
1.174926140863563791e-02
4.478094077878718511e-04
2.169212710313591502e-02
8.281914513480669038e-03
4.159301161001756862e-03
1.104339369700542287e-03
6.629829214521127702e-03
4.154241184524257342e-03
1.493957558466842833e-03
4.316162914354742218e-03
6.868923033285572952e-04
1.264994119370919446e-06
1.011995295496748601e-05
1.248550288141535465e-02
1.433744781754191407e-02
4.727285010129928487e-03
5.946740830734098537e-03
7.450815363094001869e-04
2.085595457049730511e-02
9.993468438335717258e-04
1.263729621761756992e-03
1.074991704735305496e-02
4.036594745382028789e-03
4.168154630306786235e-03
4.133999789083785473e-03
1.788703174321071895e-03
2.909486474553155913e-05
9.968173521050288297e-04
1.657142296375000074e-04
5.059976477483741313e-06
1.613374095657918103e-02
6.324960666650855309e-04
6.324970596854693582e-06
5.059976477483741313e-06
4.933477065546644307e-05
1.587566130279928446e-03
4.949921492588242253e-03
0.000000000000000000e+00
1.707751991354144474e-04
3.364884357525999318e-04
0.000000000000000000e+00
