1.897392000000000053e+03
4.941185843523513199e+02
9.977678528094562793e+00
6.385775478999561727e+01
3.522112894103349490e+00
9.556386898572602028e-70
2.604572839558392150e-102
9.947272441974966739e+00
9.895538925825933418e+00
9.892383970743310329e+00
9.608629239505352970e+00
9.597288029363436834e+00
9.571386766888263509e+00
9.567833783565525607e+00
9.500423265864444744e+00
9.416984398959437286e+00
9.307591939972722273e+00
9.906510717593890902e+00
9.800962600923906365e+00
9.661849777505354453e+00
9.579077743679800250e+00
9.466272654072689363e+00
9.232015332748343184e+00
9.145261444132025019e+00
9.090916472508416390e+00
9.000104346278346767e+00
8.965379379135027804e+00
2.014494860999292147e-01
7.179238990214990679e+01
1.050018566437303846e+01
4.963596408434647021e-04
1.210440045678765727e-05
0.000000000000000000e+00
0.000000000000000000e+00
4.873086658589775766e+01
1.526096046598476619e+02
0.000000000000000000e+00
6.799768328841525822e+00
2.310876976271396543e+00
7.973378872315754961e+03
2.938099826181657548e+00
3.125815950723945941e-02
1.127903111637535176e+03
6.343246739263852518e-01
1.448581611248229484e+00
1.723394479902585275e+01
3.516791818201811637e+00
2.550430083792066260e-01
8.903942946274647774e-01
2.749849545295869557e+00
1.140883483196988024e+01
1.121561092051230224e+00
1.412967078825018064e+02
4.921149413056227928e+01
1.601822794972875030e+01
5.529828672006902224e+01
4.022399748062728264e+00
1.404148454225215481e+01
5.222130133123524587e+00
1.277843478570200864e+00
2.040282069824889177e+01
5.964456279815201212e-01
1.088072847610037570e+02
1.160974204143045085e+01
4.204813976587043811e+00
4.157495195962107459e+01
3.443724118783380472e+00
3.900672627786931912e+00
6.842024894883896868e-01
7.116750643538337329e+01
7.300668905261845643e-01
9.402913712816220126e+00
2.651894387282869658e+01
1.674039988893426312e+01
8.380632895058369447e-02
1.497720318032879916e-01
8.989009059267258635e+03
1.656743377560039310e+00
2.898889172064244235e+00
3.011253073248131296e-01
3.190818063777735303e-02
3.641777959345605942e-02
2.373217621578856910e-03
0.000000000000000000e+00
5.249412533852527041e+00
0.000000000000000000e+00
0.000000000000000000e+00
1.094325372997633439e+00
0.000000000000000000e+00
1.557304823072493960e+01
0.000000000000000000e+00
5.976657055932381793e-04
2.861887266977601509e-03
5.397949812989741354e-06
8.820370486408442900e+01
8.324645048156841670e-03
1.057167999777044705e-04
4.839065946976362831e+00
1.614950667609132438e-09
2.913277886167862783e-05
4.301161931453752326e-09
1.255484683810260194e+01
8.308317673060651226e-05
3.332522014325887199e+02
1.102256898137551105e-06
3.884324525559544883e-01
6.389717504534898040e+01
1.093754729538832669e-04
2.225154129878541553e-06
4.814760961936529782e+01
3.284730139143112967e-04
1.109582875887247297e+02
7.799306757466000753e-08
9.149146381967528932e-05
1.227995557975376361e-03
6.876317935608963872e+00
2.597030002342579080e-02
4.768043856233389360e-05
1.008972013126475508e-03
7.188323665512498545e-08
1.522971679000852261e-06
2.259991403723044186e+03
5.131822055444797118e-07
6.694683024247162050e-05
1.772088932694100367e+04
6.820765682263256642e-03
6.847666966770672714e-02
1.839573232310718822e+03
7.080512936355705172e-04
6.029478741531478156e-03
4.802827402411755792e-03
2.023085915227887388e-01
1.534689612705720014e-06
3.895346398666950649e-01
7.128383456081033639e-11
1.451147517201032321e-12
1.836586094381411760e-12
3.476533473269430990e-04
1.122845369241521915e-10
9.585973022193078341e-02
6.092344757454237758e+00
2.150885204263552048e-11
1.759150876554906218e-12
1.663006904123089666e-12
3.165843313332818179e-09
2.604960472791851193e-10
2.521513472162519846e-10
3.651718943465283979e-12
1.279096578948369868e-18
5.312869135303503166e-10
6.717085398877866267e-13
1.340723005628737807e-10
1.688527729220005518e-14
3.951028275769043486e-09
3.956432467226011756e-12
8.670792522095014953e-16
4.889492953140155778e-18
6.109263132700809898e-19
2.258434555410215724e-16
7.308198890954685495e-17
1.314048066916277611e-17
0.000000000000000000e+00
2.995643329066891525e+01
5.509219871077635844e+01
2.169498887797654684e-04
3.990708345785219180e-04
4.935527013527233009e-05
2.326541625874694050e-13
4.279034798861567982e-13
0.000000000000000000e+00
1.450332852093799296e+01
2.160542760022140867e-04
2.028859891498125734e+00
2.267797677618627050e-02
1.036566946692036792e-02
8.973675182329960975e-01
6.498924843146369155e-06
1.478480683608561863e-06
6.969278452990393212e-15
4.706729749395299888e-11
1.070763116271054650e-11
5.047374913658835566e-20
1.148258595519822468e-20
5.412673953886891091e-29
2.103428709650469741e-01
4.116238784996478772e-03
1.633599577711960071e+00
4.814021179742893064e-02
4.758394582573270349e-16
5.391791291808747481e-24
2.543452991029318418e-32
1.916014297271874554e-17
4.878653809861558917e-20
1.712408685464548630e-17
4.163652971899912575e-19
0.000000000000000000e+00
1.170591367078296995e-14
9.308442597469618034e-20
9.509396384615431460e-29
1.046656472319977218e-27
1.379309386984366896e-22
2.658814542051471023e-28
0.000000000000000000e+00
1.208725506536735523e-36
4.923445606593400613e-36
0.000000000000000000e+00
6.507734199296620400e-31
1.115905209826251683e-36
5.255671710581522666e-45
2.366820611191867024e-16
1.620700251786627783e-38
2.000037368578893244e-16
6.455385016143345042e-18
0.000000000000000000e+00
3.934998743988936683e-31
1.947833796400262292e-38
3.720614548581283647e-47
5.298939359090437488e-47
4.174570730381660357e-55
1.058150589944262160e-63
8.086019444950510561e-34
1.189728616711947625e-41
2.995538397288986822e-33
6.726881563872682473e-36
0.000000000000000000e+00
5.510269101658633595e+00
3.990694635645323791e-05
4.279521990944001807e-14
4.139606282586164431e-19
0.000000000000000000e+00
1.152386539628010202e-14
3.873883201964093718e-31
9.254220264279400783e-20
1.936217336187585238e-38
9.453811372370449381e-29
3.698649930889844199e-47
1.045695147983255387e-27
0.000000000000000000e+00
1.371024351284233108e-22
1.207459979589837872e-36
4.169735433995976236e-55
4.918901256783904725e-36
0.000000000000000000e+00
6.469749191885681557e-31
1.114771136280644845e-36
5.250405229586068038e-45
1.057071771796010947e-63
2.364772714539374031e-16
8.078482113479063927e-34
1.188375338473363857e-41
1.618844964425474923e-38
2.991149505214567816e-33
1.997304986482895280e-16
6.448240313445958009e-18
0.000000000000000000e+00
6.718494274241909929e-36
0.000000000000000000e+00
7.562492871803651769e-18
0.000000000000000000e+00
7.793657357545755656e-36
0.000000000000000000e+00
2.916670329338936442e-23
0.000000000000000000e+00
8.160753533613227501e-19
2.721157423086763453e-35
6.524733576808691830e-24
1.349836710459219777e-42
6.586103010384589322e-33
2.545802095517140546e-51
7.464737546232362217e-32
0.000000000000000000e+00
9.637073608039109157e-27
8.519414183285212728e-41
2.908402360350062529e-59
3.463321594285180379e-40
0.000000000000000000e+00
4.486658889678442962e-35
7.854740489514876239e-41
3.654046225896516629e-49
7.276725606112320807e-68
1.663756398949230974e-20
5.629139950682229088e-38
8.408767223886752761e-46
1.146466674136116322e-42
2.039312730606415982e-37
1.389030203889870485e-20
4.555632549856449157e-22
0.000000000000000000e+00
4.688091706638306024e-40
0.000000000000000000e+00
2.594143912225872229e-18
0.000000000000000000e+00
1.995832609877834159e-13
6.591550605211558274e-30
5.805340012674605395e-19
1.183630370645495914e-37
5.778765020773870085e-28
2.199891772036247792e-46
5.237948603397278422e-28
0.000000000000000000e+00
8.535548727137406792e-22
5.948489778026527488e-37
2.021339808545445339e-55
2.416793211338508737e-36
0.000000000000000000e+00
3.909498340024705408e-30
5.482482436874413730e-37
2.537776835125878679e-45
5.032686855109758375e-64
1.170647858843829623e-16
3.943939194730436871e-34
5.874775285093627594e-42
8.013505995746528856e-39
1.414937685842122660e-33
9.716645585171148141e-17
1.360717086250371648e-17
0.000000000000000000e+00
1.166493828275934845e-35
0.000000000000000000e+00
2.596426146667456886e-18
0.000000000000000000e+00
1.997568042199409270e-13
6.597335150634393222e-30
5.810444630987447613e-19
1.184685167758693244e-37
5.783914929541590868e-28
2.201880597180448506e-46
5.245385383769158884e-28
0.000000000000000000e+00
8.543083505003444239e-22
5.957006789902492526e-37
2.024257889797985560e-55
2.420258282583908591e-36
0.000000000000000000e+00
3.913003426733735132e-30
5.490339073870081010e-37
2.541445940504673692e-45
5.040019978923664660e-64
1.172319695074007866e-16
3.949611681255210232e-34
5.883172066432336472e-42
8.024951888094147126e-39
1.417006028440601788e-33
9.730645564922248656e-17
1.360825705362297067e-17
0.000000000000000000e+00
1.166602762791359699e-35
0.000000000000000000e+00
1.679890508337508491e-17
0.000000000000000000e+00
1.438182137084609373e-35
0.000000000000000000e+00
2.140439463601019188e-22
0.000000000000000000e+00
6.620740558713460414e-18
2.224545441864751943e-34
4.253815767754230447e-23
8.894618530617790937e-42
5.971347486785664470e-32
2.335248012349063877e-50
4.206181414671100704e-31
0.000000000000000000e+00
6.301304452742733231e-26
6.241876130146816939e-40
2.154654627804528376e-58
2.825127216293998037e-39
0.000000000000000000e+00
4.085456046697882982e-34
5.762076076409901835e-40
3.617018046253792872e-48
7.279456282320294063e-67
2.716615541568395376e-20
9.278068287203203765e-38
6.825661919377160467e-46
9.298901363872866037e-43
1.373051046345525023e-36
9.174680527725709557e-20
2.172350877125891646e-21
0.000000000000000000e+00
2.238159972989522838e-39
0.000000000000000000e+00
1.343183653896135651e-21
0.000000000000000000e+00
1.148196978463744419e-16
3.792100003599870783e-33
2.671891722233692894e-22
5.447624375577100129e-41
3.657012206049288078e-31
1.392178481176782027e-49
2.110554144281522823e-31
0.000000000000000000e+00
3.928462382222055153e-25
3.081654406399995810e-40
1.047173826024003423e-58
1.391158298055040036e-39
0.000000000000000000e+00
2.474085603295888648e-33
2.840251679089507475e-40
1.752958315639971332e-48
3.476305483570649853e-67
1.347700520694713076e-20
4.540432357816352150e-38
3.381479990995283008e-46
4.612518708074766888e-43
6.515420897034355583e-37
4.474265738882289642e-20
4.827977994587247945e-21
0.000000000000000000e+00
4.133271363267794814e-39
0.000000000000000000e+00
7.783147697309009980e-20
0.000000000000000000e+00
2.165009404793334377e-15
7.280985448526911686e-32
1.304912579785759480e-20
2.728421430295986560e-39
1.332610552117487686e-29
5.212522478677962291e-48
1.474569168158763269e-28
0.000000000000000000e+00
1.933238375600980807e-23
1.134782692382772527e-37
3.917857929260121623e-56
6.934818241984738428e-37
0.000000000000000000e+00
9.120298113683158563e-32
1.047762165380748850e-37
4.933632485510240003e-46
9.930648434863124776e-65
4.445779699249095396e-17
1.518475541772202664e-34
2.792498635738733729e-42
3.803702334444842514e-39
2.809440711350736154e-34
5.630327611318405639e-17
5.331805530772042405e-19
0.000000000000000000e+00
5.493096089523588446e-37
0.000000000000000000e+00
9.945142164362145605e-20
0.000000000000000000e+00
1.383509650585023326e-15
4.645896026430072789e-32
5.561863090339607072e-20
1.161584239087620020e-38
2.266082332533160044e-29
8.849700268879553642e-48
7.537608123162781437e-28
0.000000000000000000e+00
8.204891351911782480e-23
8.686576269851129114e-37
2.994558445816486260e-55
1.769030639519712251e-36
0.000000000000000000e+00
1.551565238919228535e-31
8.023690256880671381e-37
1.883326078511287247e-45
3.793058213058841256e-64
8.524293088744301172e-17
2.907754848385852636e-34
4.241890680695842262e-42
5.779021737892041412e-39
2.499163669298469249e-33
1.913235734474804890e-16
4.734426291920647734e-18
0.000000000000000000e+00
4.869531074298031824e-36
0.000000000000000000e+00
7.272433334730010438e-20
0.000000000000000000e+00
1.012186167878881102e-15
3.402167098403464449e-32
4.065072117516824020e-20
8.503749588745631179e-39
1.660563054872285968e-29
6.496485097926532047e-48
5.512248160784983539e-28
0.000000000000000000e+00
6.022199206923152508e-23
6.362956011389131171e-37
2.197274213878813285e-55
1.296212984210978840e-36
0.000000000000000000e+00
1.136481846312957883e-31
5.875106125613467837e-37
1.383335679562470587e-45
2.784632985053501480e-64
6.231965572902439592e-17
2.128662016869124469e-34
3.129441087759580390e-42
4.263064841978502365e-39
1.837092794127841359e-33
1.402348845265846233e-16
3.487494102496208972e-18
0.000000000000000000e+00
3.593440437632125490e-36
0.000000000000000000e+00
2.240516362917038279e-21
0.000000000000000000e+00
1.915257179813894844e-16
6.325385862300601282e-33
4.456915745541192756e-22
9.086939273862598338e-41
6.100061649275590458e-31
2.322201174937530089e-49
3.520574743129327459e-31
0.000000000000000000e+00
6.552947409948204952e-25
5.140355969439160187e-40
1.746729259112651369e-58
2.320532308452219005e-39
0.000000000000000000e+00
4.126889783353054245e-33
4.737706980364929683e-40
2.924000735189694948e-48
5.798544062294297610e-67
2.248054732634977160e-20
7.573669158455530552e-38
5.640253981204493511e-46
7.693614050101155074e-43
1.086726713675047823e-36
7.462917756897799158e-20
8.053341617691082661e-21
0.000000000000000000e+00
6.894482273151887030e-39
0.000000000000000000e+00
1.803094499534290133e-20
0.000000000000000000e+00
5.577275796192737717e-16
1.873943553287296256e-32
3.583391722855949147e-21
7.492772201554325262e-40
5.030226413784225590e-30
1.967197342840797935e-48
3.543265246583510109e-29
0.000000000000000000e+00
5.308184273435449433e-24
5.258120449650661226e-38
1.815067514111005529e-56
2.379870606372366629e-37
0.000000000000000000e+00
3.441561674339761823e-32
4.853938783405513655e-38
3.046952725929592217e-46
6.132163603927073595e-65
2.288461318040170434e-18
7.815788357074610918e-36
5.749898186245842521e-44
7.833341791546591177e-41
1.156648514475443464e-34
7.728694250476365345e-18
1.829976458347813139e-19
0.000000000000000000e+00
1.885412921731228763e-37
0.000000000000000000e+00
7.072900485795595165e-19
0.000000000000000000e+00
1.967366070893329770e-14
6.616452835601769530e-31
1.185830684912679975e-19
2.479354977048760970e-38
1.210982318087899565e-28
4.736725165907093417e-47
1.340007594583219226e-27
0.000000000000000000e+00
1.756817845899221214e-22
1.031214292727976754e-36
3.560247245503437900e-55
6.301922253592413027e-36
0.000000000000000000e+00
8.287907467765898009e-31
9.521397964371958007e-37
4.483323461306527398e-45
9.024148538120938918e-64
4.040064747562609378e-16
1.379890071790224138e-33
2.537662863310518733e-41
3.456571216406444025e-38
2.552971635538089880e-33
5.116446164903476994e-16
4.845244078450549485e-18
0.000000000000000000e+00
4.991743936795122505e-36
0.000000000000000000e+00
9.842885282968153245e-19
0.000000000000000000e+00
1.369279642459035421e-14
4.598080532629316113e-31
5.504695921591186406e-19
1.149631742968685627e-37
2.242749169379970932e-28
8.758469333657478732e-47
7.460103557896684077e-27
0.000000000000000000e+00
8.120316704010513468e-22
8.597156757135490515e-36
2.963697271623886518e-54
1.750816811083168099e-35
0.000000000000000000e+00
1.535593909558733101e-30
7.941116223715280296e-36
1.863903357925041419e-44
3.753954054161561448e-63
8.436659418278712818e-16
2.877834669440559518e-33
4.198013081649080441e-41
5.719247910812942761e-38
2.473375915414112596e-32
1.893532366310768710e-15
4.685775453521034299e-17
0.000000000000000000e+00
4.819479669959333571e-35
0.000000000000000000e+00
0.000000000000000000e+00
0.000000000000000000e+00
0.000000000000000000e+00
0.000000000000000000e+00
0.000000000000000000e+00
0.000000000000000000e+00
0.000000000000000000e+00
0.000000000000000000e+00
0.000000000000000000e+00
0.000000000000000000e+00
0.000000000000000000e+00
0.000000000000000000e+00
0.000000000000000000e+00
0.000000000000000000e+00
0.000000000000000000e+00
0.000000000000000000e+00
0.000000000000000000e+00
0.000000000000000000e+00
0.000000000000000000e+00
0.000000000000000000e+00
0.000000000000000000e+00
0.000000000000000000e+00
0.000000000000000000e+00
0.000000000000000000e+00
0.000000000000000000e+00
0.000000000000000000e+00
0.000000000000000000e+00
0.000000000000000000e+00
0.000000000000000000e+00
1.548648045979792887e+00
7.183296738680217401e-05
6.623347669090786205e+00
7.404195594190255747e+01
1.494522477751236977e-01
2.746104004979724955e+00
2.398084149325442027e+01
3.030911569197515185e-02
1.505487997927249211e+01
4.218423917737092133e+00
6.626764476128326060e-11
3.075207327069884755e+00
4.460188178245137406e-10
1.759525871486950123e-11
0.000000000000000000e+00
0.000000000000000000e+00
1.902583660408356945e-12
4.200439419962167728e-03
7.991682194622221341e-17
1.581493102902859782e+01
1.684790401172599104e+03
1.955601928970662762e+00
0.000000000000000000e+00
2.085628127916458396e+01
1.134673151094494958e+00
1.776740924570100022e+00
2.505822232538246555e-02
6.858652487547930998e-02
5.281700383633667570e+02
1.136057875230095533e+02
2.443826787264202096e+02
1.408034569901382847e-11
7.418598192721036710e+00
1.335352932542857900e+02
1.229251748816658818e+02
2.261129658745577231e+01
5.737758744468077765e+01
8.170988051621882155e-14
1.417372632090465739e-11
1.080117403576898941e-09
1.869243820978833535e-09
3.007150493629549004e+01
5.592739951335192602e-09
6.467211872461161581e-01
1.381441307344548897e-01
6.907392189694104567e-02
1.556524120324780824e+02
2.541999283195924480e-13
9.996357040806406076e+03
3.498217470577039911e+00
4.660945960999430260e-01
7.694672325720771644e-01
2.446787929101154191e+01
8.634968931888716004e-02
8.635517170788526986e-01
1.054553912048448261e+01
3.688780112610157702e-01
8.187901755819963767e-02
1.113051746195359293e-01
3.021262306727922731e+00
3.169615917414166706e+00
8.943916723598050941e-03
1.777118183530695887e+02
1.394328328266550088e+01
4.859715892715599228e-02
4.647232686454004780e-01
6.704508029509350653e-01
2.257388504740755197e-01
2.089130528449224400e+01
3.973623913961693192e-13
1.211903260206543036e-10
3.416659058923511907e+02
0.000000000000000000e+00
4.804585723653021034e+01
3.643820626144985653e+01
2.023405421546607954e+02
1.898052610923413319e-01
7.232941473033411839e-01
6.480537089032334563e+01
0.000000000000000000e+00
2.011386065435554502e-11
2.413608232617565363e+01
1.286278535721183793e-10
4.389981227779816142e-01
6.983180751468129837e-11
6.303647361332601539e-04
2.749086387213386939e-02
2.087171269327195156e-01
1.223999365262743127e-16
5.154615324044944935e-02
0.000000000000000000e+00
6.037545626266535015e-01
1.298635677251925025e-01
5.870770931624884170e+00
4.452425317559705498e+00
2.261148887671368968e+01
4.261508199357890521e-15
9.918540698884389273e-15
5.632431383507198109e-11
1.310841517148489425e-10
1.234204719288541965e-13
1.482272746575866423e-03
9.461313094760384493e-04
8.650829943442906985e-04
1.395114008283410423e-01
2.006556798508117752e-03
4.701496444922070861e-02
0.000000000000000000e+00
7.022042233946763804e-14
3.860721001584344106e-13
7.450339942028704008e-04
6.747408105212860300e-14
4.663056331761139485e-13
0.000000000000000000e+00
1.719910394198697938e-12
3.865454330032642993e-02
1.494013770202489658e-04
7.173564823469259040e-04
1.542985470062757029e-04
1.111844438851356927e+02
4.860144977075997019e+00
3.156035450927890396e-01
8.334583623287132426e+00
1.792714909400094703e+00
5.698552107315622450e+00
0.000000000000000000e+00
0.000000000000000000e+00
0.000000000000000000e+00
0.000000000000000000e+00
5.973139768595056154e+01
6.641111728409998705e+01
0.000000000000000000e+00
0.000000000000000000e+00
0.000000000000000000e+00
0.000000000000000000e+00
0.000000000000000000e+00
6.753799631239842081e-03
8.766448968055584080e-04
4.098580946760999998e-04
1.499018031454499994e-03
3.554631985901729550e-03
5.376216566653199691e-03
5.376216566653199691e-03
5.376216566653199691e-03
5.376216566653199691e-03
1.418059649090292612e-02
3.794982358112791161e-06
1.769093382221907304e-02
5.376216566653199691e-03
5.376216566653199691e-03
5.376216566653199691e-03
5.376216566653199691e-03
5.376216566653199691e-03
5.376216566653199691e-03
5.376216566653199691e-03
5.376216566653199691e-03
5.376216566653199691e-03
5.376216566653199691e-03
5.376216566653199691e-03
5.376216566653199691e-03
5.376216566653199691e-03
5.717773419555999964e-04
9.420411206955300182e-03
4.703248135821100177e-03
1.498765032630679922e-02
2.770337121422000162e-04
2.087240296962000101e-04
1.677381705775643148e-03
5.578638961730717546e-04
5.896135604347070916e-03
2.765277641455057486e-03
1.846891414280999236e-04
6.027695489271830097e-03
3.679866403719429368e-03
4.661501840351228027e-03
1.081569972062099757e-03
1.896226184937000597e-03
2.828526255101181802e-02
6.297138243677514666e-03
7.589964716225612816e-06
6.437553583948027458e-03
1.692308785337299365e-02
6.313588628841444381e-03
4.865166191476161944e-02
5.329419728399542242e-03
6.906862926662428372e-04
5.047326536290000238e-04
1.216544497041889550e-02
6.793018421020998506e-04
9.234506722425720501e-05
2.417402769097385523e-03
2.785516554344544260e-03
2.023990590993499574e-05
5.295263397645972279e-03
4.485035840918036865e-01
1.335580791231830156e-02
1.264994119370919446e-06
0.000000000000000000e+00
7.304070583635671222e-03
2.529988238741870656e-06
1.264994119370919446e-06
3.288984710364429312e-05
6.552674503442572872e-04
0.000000000000000000e+00
1.411732940707742783e-03
5.749397776030642365e-03
5.607715455599999663e-03
3.162480333325427655e-04
2.443966652583871163e-03
3.973344046393113491e-03
2.656487650678970711e-05
3.162480333325427655e-04
3.162480333325427655e-04
3.048634338153328408e-03
5.893606112618528237e-03
3.509093190624743876e-03
3.099265383069433732e-04
3.162480333325427655e-04
0.000000000000000000e+00
2.326324682033257402e-03
2.034110047438243002e-03
1.412492384038564232e-02
1.295354474745957253e-03
4.719695541923887155e-03
2.013870141528242754e-03
2.155550972428413835e-03
8.322394325300569787e-03
3.162480333325427655e-04
4.111232377486072169e-03
2.171993909939485407e-03
2.617270846937671137e-03
4.503379561470657357e-03
1.404423392392851812e-18
1.264992133330171062e-03
1.897488199995257894e-03
1.406799662246295025e-02
7.321788941980039191e-03
1.712801541118042425e-03
3.276080826977491312e-02
7.016922380150499711e-03
4.791797227666842393e-03
7.880913363679995214e-04
2.202356747865529419e-03
3.837993151191714577e-03
1.177709525134300068e-03
5.581155047684914147e-03
5.439623666347171679e-05
1.264994119370919446e-06
1.011995295496748601e-05
1.912671158139875316e-02
1.844867225086497045e-02
8.838509443452984005e-03
6.579236897399186670e-03
1.125854696443146424e-04
1.674473013717424005e-02
2.580587010496285770e-03
3.149855217641288579e-04
6.954940647362540043e-03
5.301586878712199850e-03
4.800650696971870898e-03
2.869007655753614411e-03
4.318687440981414452e-03
2.909486474553155913e-05
3.843049652097913719e-03
4.819622629700428813e-04
5.059976477483741313e-06
1.961246932323715622e-02
3.162480333325427655e-04
6.324970596854693582e-06
5.059976477483741313e-06
4.933477065546644307e-05
6.388220302823000409e-04
5.898665592585870983e-03
1.770996732220571823e-04
1.707751991354144474e-04
3.364884357525999318e-04
0.000000000000000000e+00
