1.897392000000000053e+03
2.625224040608347877e+02
5.434448732320027453e+00
1.954633546990194475e+02
1.604333907835932660e+00
8.622012929731529397e-67
6.870032153101259116e-103
5.423607902099973899e+00
5.403985584585281110e+00
5.402784449782064513e+00
5.280663969820063919e+00
5.275761122707739226e+00
5.264471119567256885e+00
5.262920727225526285e+00
5.233268757921458736e+00
5.196716292306474472e+00
5.149574616225368828e+00
5.407835259127995009e+00
5.364328289098327929e+00
5.303437088090548812e+00
5.266694867490198106e+00
5.216883732843205834e+00
5.117311551784180956e+00
5.081020203301644500e+00
5.058520569609783912e+00
5.021591694795058736e+00
5.007569544387141747e+00
6.117344000173619012e-02
7.054180075526760163e+01
1.500864864273769683e+01
6.977473142873762612e-04
1.131738395202123561e-05
0.000000000000000000e+00
0.000000000000000000e+00
6.141972050150018703e+01
1.524217003702720774e+02
0.000000000000000000e+00
7.338689846415046958e+00
1.872060220590056501e+00
7.964036787917877518e+03
4.182602011220899918e+00
4.047743088399829298e-02
1.130024976191819633e+03
7.698845256452463426e-01
1.604304733799394977e+00
2.237580805912200432e+01
4.583284777314851510e+00
2.542429537220360913e-01
8.877220017923810325e-01
2.739499178762300424e+00
1.140843298789814320e+01
1.123127646065939844e+00
1.412687378845431283e+02
4.931806398327925223e+01
1.603228352938154089e+01
5.529831100015653078e+01
4.022859315834163674e+00
1.404847780384257128e+01
5.184587177502141486e+00
1.275624637268258477e+00
2.050876477660360564e+01
5.904214342682047034e-01
1.088190087245235702e+02
1.153303757165241095e+01
4.204341804832790075e+00
4.136934817154632782e+01
3.443548783480341768e+00
3.900464053314959489e+00
6.841704749722475887e-01
7.116752002434938618e+01
7.300302900676752804e-01
9.402865850821545024e+00
2.651896254467847669e+01
1.674039040523960864e+01
8.423780272670945701e-02
1.497720318032879916e-01
8.995238102875984623e+03
2.361381584089774499e+00
2.896016468994030646e+00
3.878421946008651089e-01
3.174891705491618421e-02
3.612384371563966134e-02
2.370452690047202427e-03
0.000000000000000000e+00
5.122946868155295874e+00
0.000000000000000000e+00
0.000000000000000000e+00
9.538774560404390535e-01
0.000000000000000000e+00
1.654913445049202991e+01
0.000000000000000000e+00
6.198467241852958923e-04
2.861670376408228123e-03
5.594991053446969390e-06
8.658385096905395528e+01
8.472940242981069278e-03
1.048929453727390877e-04
4.808124394804291768e+00
1.592133052740564453e-09
2.842427622415717549e-05
4.459587332960758379e-09
1.288077292472893909e+01
8.457532998965685211e-05
3.205162343983420214e+02
1.051879237495245134e-06
3.839552718283837374e-01
6.142780590314142586e+01
1.091757263062808221e-04
2.832040130503860767e-06
3.760889678654590540e+01
3.266869187660589695e-04
1.152415732165740678e+02
1.030967500784682121e-07
1.244606211592169556e-04
1.675485432238773198e-03
5.371207296665750697e+00
2.755665320437986066e-02
8.876175766691275662e-05
1.452726430732322526e-03
2.491054239124372898e-07
4.037632741996293038e-06
2.259982817859269744e+03
1.778352475297081842e-06
1.448598073390310265e-04
1.745064325870235916e+04
1.453318410324158649e-02
1.447029439581116184e-01
1.803901177609518072e+03
1.502318673588513192e-03
1.023299124631766449e-02
1.010720399982452909e-02
7.514593359113147519e-02
1.199571962497347952e-06
3.071092128308366975e-01
1.278876808534269910e-10
1.457681278681921900e-12
1.798382645873966127e-12
3.820662542065171347e-04
1.140157740296207441e-10
1.055862140230267032e-01
6.096513056740953118e+00
2.203144731666268653e-11
3.006810814500143979e-12
1.419111869328243340e-12
2.535255494715794061e-09
3.469303665055653222e-10
1.677451219236945054e-10
6.419504029597282599e-12
2.335442745979230507e-18
7.503783521805595978e-10
1.110406978917211313e-12
2.228787301082816780e-10
1.623918530205530172e-14
3.805454976357497538e-09
3.810795735965172272e-12
7.532156577684948567e-16
4.893099270196779516e-18
6.113847507804373776e-19
2.127772872960348347e-16
4.873807127425511250e-17
1.315018092401607595e-17
0.000000000000000000e+00
2.680541241064942071e+01
4.635679440885193259e+01
2.262880435522400199e-04
3.914158741027916593e-04
4.962675831671028347e-05
2.427800430762679812e-13
4.198892488179201430e-13
0.000000000000000000e+00
1.398371629152244999e+01
2.160542585798895716e-04
2.050858691711558102e+00
2.838303324267594033e-02
3.170534985154580335e-03
7.185149314070132798e-01
6.065635769829570988e-06
1.330242201719219774e-06
6.507627088194174455e-15
5.120630488987839793e-11
1.122995022182175313e-11
5.493761072399157025e-20
1.204825528929446087e-20
5.894080971003519478e-29
1.955420089072609502e-01
4.205997540884493825e-03
1.062984307533585415e+00
5.138154066105559553e-02
4.368563917771616956e-16
6.326230529451703873e-24
3.167884232719332262e-32
1.942549094167179891e-17
4.596359610989201581e-20
1.422118761501336716e-17
3.970881916126064675e-19
0.000000000000000000e+00
9.736232925022091566e-15
8.432001542771405254e-20
9.128967856787800038e-29
1.278937584211885497e-27
1.459343933146411356e-22
3.136031562719761141e-28
0.000000000000000000e+00
1.477299286176882133e-36
6.393666893760862506e-36
0.000000000000000000e+00
7.336147923861606871e-31
1.394717272215986052e-36
6.820870946632776810e-45
2.320386621143752210e-16
1.394224413170470835e-38
1.923328954465428336e-16
4.325085232371773787e-18
0.000000000000000000e+00
2.932450356848042162e-31
1.784290243043191733e-38
3.688257752420616435e-47
6.444146726157634053e-47
5.258217352383485259e-55
1.427991877551355974e-63
8.076142307011843561e-34
1.056032526119300142e-41
2.013939765826484637e-33
4.538488560643187094e-36
0.000000000000000000e+00
4.636513673279209158e+00
3.914142505902629669e-05
4.199363045899772292e-14
3.951538231579047686e-19
0.000000000000000000e+00
9.609741421086186104e-15
2.894340560211127360e-31
8.390259237742371162e-20
1.775224692942873241e-38
9.083947655391701550e-29
3.669876477802795110e-47
1.277872323786402260e-27
0.000000000000000000e+00
1.451934302800358494e-22
1.475864408548254753e-36
5.252486980258082350e-55
6.388377613937830825e-36
0.000000000000000000e+00
7.300246901736996164e-31
1.393420350906143507e-36
6.814649202282932649e-45
1.426663321933337946e-63
2.318664881019933649e-16
8.069526676844962421e-34
1.054931276564829352e-41
1.392702581323276120e-38
2.011507349915386956e-33
1.921254090585889423e-16
4.320448567502383112e-18
0.000000000000000000e+00
4.532963203893365136e-36
0.000000000000000000e+00
4.988299964672272473e-18
0.000000000000000000e+00
5.173290725113086416e-36
0.000000000000000000e+00
2.757843284011752885e-23
0.000000000000000000e+00
6.750085176511974954e-19
2.006997877706410103e-35
5.854645053326389327e-24
1.225667688585668730e-42
6.276920794566746415e-33
2.507818357347249079e-51
9.078679136179997984e-32
0.000000000000000000e+00
1.017483506281675480e-26
1.036420906304532783e-40
3.645413438247634897e-59
4.481563811030384844e-40
0.000000000000000000e+00
5.051569594951612346e-35
9.777747136591475949e-41
4.726339151719352429e-49
9.781273928989787583e-68
1.631139503382855484e-20
5.617526141494816163e-38
7.457270686228813256e-46
9.790215838483416242e-43
1.390185901427388635e-37
1.349759037975700855e-20
3.047389086203719935e-22
0.000000000000000000e+00
3.157958446975352757e-40
0.000000000000000000e+00
2.052642840846806201e-18
0.000000000000000000e+00
1.382789172449782215e-13
4.038440943141222268e-30
4.356169091551986802e-19
8.991105604543264271e-38
4.611432925875421097e-28
1.815477692308066550e-46
5.560248498730149182e-28
0.000000000000000000e+00
7.609511677878401515e-22
6.315834051334196238e-37
2.210529078348244727e-55
2.730365084083523990e-36
0.000000000000000000e+00
3.717902619142139001e-30
5.956963443560192263e-37
2.865808744947811070e-45
5.903672216886226046e-64
1.003975131675042383e-16
3.441953592831432892e-34
4.555433722062787215e-42
5.965182094016649006e-39
8.493713667264183749e-34
8.299672058840230601e-17
9.003986889449973556e-18
0.000000000000000000e+00
7.579320234904680035e-36
0.000000000000000000e+00
2.054455701364855270e-18
0.000000000000000000e+00
1.383992423382800085e-13
4.042012059279521783e-30
4.360017400146056370e-19
8.999151666499911665e-38
4.615554649550358039e-28
1.817122591359573393e-46
5.568147044525666632e-28
0.000000000000000000e+00
7.616201516715721548e-22
6.324881882826936388e-37
2.213722955153469254e-55
2.734279049409659893e-36
0.000000000000000000e+00
3.721220120577554864e-30
5.965501600958743925e-37
2.869950989644296207e-45
5.912276605252482780e-64
1.005404682212797140e-16
3.446892141777822266e-34
4.561929838868873691e-42
5.973723834829069120e-39
8.505963332030466902e-34
8.311503615473518643e-17
9.004656378720012889e-18
0.000000000000000000e+00
7.579991033722268113e-36
0.000000000000000000e+00
1.096569719309094753e-17
0.000000000000000000e+00
9.217744507557039585e-36
0.000000000000000000e+00
1.201584240545783133e-22
0.000000000000000000e+00
3.247154067954909733e-18
9.774238016564473059e-35
2.268000719184897176e-23
4.796003227267124389e-42
3.374563321923547287e-32
1.362833690076756257e-50
3.023190972914932263e-31
0.000000000000000000e+00
3.925196107560450362e-26
4.487389618056974461e-40
1.596416417784505740e-58
2.158156105265728652e-39
0.000000000000000000e+00
2.711750126417257629e-34
4.236367039721023906e-40
2.761442270955490315e-48
5.779003142044898648e-67
1.566888373549644991e-20
5.451596974386151701e-38
3.564183914892150488e-46
4.704882462387119882e-43
5.434091892120075400e-37
5.193166595106873828e-20
8.428450499252239206e-22
0.000000000000000000e+00
8.738812039720128660e-40
0.000000000000000000e+00
6.250846069470946330e-22
0.000000000000000000e+00
4.678777578738200504e-17
1.366438889702405023e-33
1.179179465734142552e-22
2.433819217195264293e-41
1.716372403572173462e-31
6.757232620375494153e-50
1.317690417001826674e-31
0.000000000000000000e+00
2.059832717278214425e-25
1.924385690330447224e-40
6.735346826904682093e-59
9.243616266636391427e-40
0.000000000000000000e+00
1.383808255063609833e-33
1.815050155491044801e-40
1.164259187318624615e-48
2.398417281441364953e-67
6.797889607754624928e-21
2.330538045176684477e-38
1.542162327948538633e-46
2.019408043917182705e-43
2.300318715362972772e-37
2.247766921766334348e-20
1.853562638799700997e-21
0.000000000000000000e+00
1.558085422336641967e-39
0.000000000000000000e+00
5.999477578892838485e-20
0.000000000000000000e+00
1.457972027738715752e-15
4.392721085426848943e-32
9.553442853938383282e-21
2.020039159853232002e-39
1.034035482222400142e-29
4.176668057553912920e-48
1.455237806619081400e-28
0.000000000000000000e+00
1.653453965349202802e-23
1.120141245096327795e-37
3.985567054078493044e-56
7.273676282278610499e-37
0.000000000000000000e+00
8.311351083744220036e-32
1.057674972096452500e-37
5.171482747275358712e-46
1.082401022989687876e-64
3.520618898873956282e-17
1.225000361474363802e-34
2.002050837571181002e-42
2.642536748492808580e-39
1.526283830138134521e-34
4.375025429476628804e-17
2.840321024301569863e-19
0.000000000000000000e+00
2.944746638015065685e-37
0.000000000000000000e+00
1.029142678129704706e-19
0.000000000000000000e+00
1.251281638160683031e-15
3.762230569660977072e-32
5.465738689219204825e-20
1.154491632611614229e-38
2.361037157099965021e-29
9.522909172463965431e-48
9.991863514652154898e-28
0.000000000000000000e+00
9.428817849482430651e-23
1.151733770758398924e-36
4.091724139031698495e-55
2.492673734132024070e-36
0.000000000000000000e+00
1.900046560682555245e-31
1.088058455952151958e-36
2.652116587007301941e-45
5.553770544873129305e-64
9.072496392458705116e-17
3.152128241199569003e-34
4.086645909729973277e-42
5.390715703209854258e-39
1.827957751082481303e-33
2.000759913095841640e-16
3.388831244055085462e-18
0.000000000000000000e+00
3.507541866210007106e-36
0.000000000000000000e+00
8.611422057137106068e-20
0.000000000000000000e+00
1.047079920087825917e-15
3.153109390992633490e-32
4.571786431901011129e-20
9.671554385758276865e-39
1.979341825036956571e-29
7.996337615523264724e-48
8.356505453893258048e-28
0.000000000000000000e+00
7.911954611522011920e-23
9.648197375310790209e-37
3.433628244372250195e-55
2.088428573493870792e-36
0.000000000000000000e+00
1.590907670208362613e-31
9.110255018882891210e-37
2.227408756098711975e-45
4.662338074308024490e-64
7.580768276549508580e-17
2.637883799182232153e-34
3.446426946714368808e-42
4.549572745019167658e-39
1.532968562351046124e-33
1.673773749582489198e-16
2.853831823251466701e-18
0.000000000000000000e+00
2.959123480245249202e-36
0.000000000000000000e+00
9.861110168530868254e-22
0.000000000000000000e+00
7.381057379512731124e-17
2.155610668106164865e-33
1.860242067602484722e-22
3.839484645069287848e-41
2.707658959853002360e-31
1.065979111053000114e-49
2.078767368395654593e-31
0.000000000000000000e+00
3.249550894875148513e-25
3.035825500760561772e-40
1.062531991018904338e-58
1.458239439834118516e-39
0.000000000000000000e+00
2.183039774230386146e-33
2.863357953479009146e-40
1.836671495740580631e-48
3.783566492040706240e-67
1.072420654297294578e-20
3.676567669095688604e-38
2.432759031623690010e-46
3.185594851265925715e-43
3.628691575598876950e-37
3.545850996185500344e-20
2.924128364854066087e-21
0.000000000000000000e+00
2.457972836679395952e-39
0.000000000000000000e+00
9.572902301568170804e-21
0.000000000000000000e+00
2.586975841685522258e-16
7.787032204059684074e-33
1.806893854969294664e-21
3.820925130475385267e-40
2.688479125064549831e-30
1.085754656467148905e-48
2.408547413438585231e-29
0.000000000000000000e+00
3.127165652747038745e-24
3.575058203054247671e-38
1.271848120376380779e-56
1.719381184696783880e-37
0.000000000000000000e+00
2.160422555712442402e-32
3.375070566029931024e-38
2.200011701488732607e-46
4.604067614271648265e-65
1.248324510380943354e-18
4.343231529699325022e-36
2.839549896020941670e-44
3.748332460577295891e-41
4.329283451293316831e-35
4.137344540315625735e-18
6.714864785110845070e-20
0.000000000000000000e+00
6.962124000776804608e-38
0.000000000000000000e+00
5.451989770255620512e-19
0.000000000000000000e+00
1.324875431932389945e-14
3.991788455869185421e-31
8.681607098326408019e-20
1.835634790917508241e-38
9.396582636565196309e-29
3.795426418894562868e-47
1.322443209996765465e-27
0.000000000000000000e+00
1.502571803179834456e-22
1.017911350044053630e-36
3.621783436947355783e-55
6.609876364041993616e-36
0.000000000000000000e+00
7.552828724127440861e-31
9.611507067716346057e-37
4.699480185746117871e-45
9.835990502083224946e-64
3.199351904363173953e-16
1.113204480705366387e-33
1.819357994007327979e-41
2.401374089917418312e-38
1.386976384629775113e-33
3.975774990012345972e-16
2.581134385630673819e-18
0.000000000000000000e+00
2.675992239368987986e-36
0.000000000000000000e+00
1.018561241209632376e-18
0.000000000000000000e+00
1.238415698800600991e-14
3.723506207656507722e-31
5.409556032023331201e-19
1.142612177791126469e-37
2.336730470803238346e-28
9.424765303997873789e-47
9.889165998256658063e-27
0.000000000000000000e+00
9.331688389880209875e-22
1.139882742544844610e-35
4.049572531843305532e-54
2.467022766536860282e-35
0.000000000000000000e+00
1.880502096021440940e-30
1.076866398268923214e-35
2.624780004964324003e-44
5.496542364367728767e-63
8.979303786556809401e-16
3.119716018865238442e-33
4.044404036974604739e-41
5.334966160545737994e-38
1.809134608128158586e-32
1.980191584414394676e-15
3.354018745635873755e-17
0.000000000000000000e+00
3.471501032018942641e-35
0.000000000000000000e+00
0.000000000000000000e+00
0.000000000000000000e+00
0.000000000000000000e+00
0.000000000000000000e+00
0.000000000000000000e+00
0.000000000000000000e+00
0.000000000000000000e+00
0.000000000000000000e+00
0.000000000000000000e+00
0.000000000000000000e+00
0.000000000000000000e+00
0.000000000000000000e+00
0.000000000000000000e+00
0.000000000000000000e+00
0.000000000000000000e+00
0.000000000000000000e+00
0.000000000000000000e+00
0.000000000000000000e+00
0.000000000000000000e+00
0.000000000000000000e+00
0.000000000000000000e+00
0.000000000000000000e+00
0.000000000000000000e+00
0.000000000000000000e+00
0.000000000000000000e+00
0.000000000000000000e+00
0.000000000000000000e+00
0.000000000000000000e+00
0.000000000000000000e+00
1.526805921126096477e+00
7.183297263857165230e-05
5.498547206511728902e+00
6.903156899461534124e+01
8.789908113460205563e-02
1.519395583561374607e+00
1.936658669606768157e+01
3.165900429288452667e-02
1.478388733347812511e+01
4.574591848023501939e+00
2.010210320174580819e-10
3.815840518845746043e+00
5.138072694673313012e-10
4.799798190057428681e-11
0.000000000000000000e+00
0.000000000000000000e+00
1.290312976236628435e-12
4.200439246515377811e-03
5.419877736306764077e-17
1.431459412030731038e+01
1.593381695807914639e+03
2.070210919380782943e+00
0.000000000000000000e+00
2.083649921545796957e+01
1.205812459093814848e+00
1.705043373505514159e+00
2.349412343668706021e-02
5.670058735729574528e-02
5.561405625206318746e+02
1.071443037585618470e+02
2.064146263451524135e+02
1.230061129284540264e-11
6.976060358477121248e+00
1.255695436795988655e+02
1.134500098921276958e+02
1.962350078427955680e+01
4.980023106212896522e+01
1.108610911646789987e-13
1.684640514286092355e-11
1.402970589936103924e-09
2.236910182826033878e-09
2.921570108737698490e+01
6.555614263833783018e-09
6.467211921461010204e-01
2.232247533918256255e-01
1.116858818333059389e-01
3.176964251541916724e+02
1.724205399693932976e-13
9.996381283833576163e+03
3.470962941174140948e+00
4.785014398496221233e-01
7.972234637854805905e-01
2.530746282785329271e+01
8.107601534300329371e-02
8.108086391533777526e-01
9.770549854477216911e+00
3.391060915458340985e-01
8.968590625697359098e-02
7.033946129400873992e-02
4.092904512610959777e+00
2.716923407915063038e+00
8.395304004059326794e-03
1.966830016232512719e+02
1.448807274873603390e+01
3.307299278407815207e-02
5.486577144320353705e-01
7.441416566276384259e-01
1.813051293690342014e-01
2.164811050999561814e+01
2.792431852532248862e-13
8.510373713047274990e-11
3.423301602674483775e+02
0.000000000000000000e+00
5.959443766122662822e+01
4.056603991658533204e+01
1.902693527904805535e+02
1.223955374067060425e-01
4.348488853481206617e-01
6.550498172414073395e+01
0.000000000000000000e+00
1.604583738922384311e-11
2.715871106540060609e+01
3.950491312231532616e-10
4.576897507822054179e-01
1.993455929495449269e-10
2.829223965571306789e-04
1.520400067619018768e-02
2.085700893057239325e-01
7.850659294926976016e-17
4.939035319549432701e-02
0.000000000000000000e+00
5.255578298184920838e-01
1.012523454525165456e-01
6.150567987224884625e+00
4.186705173888635834e+00
1.962362587206693121e+01
5.018116542578340013e-15
1.265413068181461463e-14
6.350118357341392266e-11
1.601160734094564066e-10
8.690122074800506259e-14
1.509873062373014857e-03
9.011440012565380495e-04
8.122320566088887719e-04
1.449739500940074866e-01
2.224277726295854386e-03
5.219555959523198424e-02
0.000000000000000000e+00
1.997104345651198327e-13
1.185055758821572021e-12
4.510874157543476423e-04
1.996080098587450133e-13
4.535041496881393874e-13
0.000000000000000000e+00
1.922081177258300913e-12
3.327453202526422377e-02
1.107191683060337368e-04
5.597765263952340442e-04
1.078448061821183832e-04
1.093234082353484666e+02
4.989139200661147910e+00
2.906221323514153743e-01
8.081298514767370378e+00
1.556918444064307572e+00
3.672022039084793743e+00
0.000000000000000000e+00
0.000000000000000000e+00
0.000000000000000000e+00
0.000000000000000000e+00
6.026248055969442419e+01
6.588003441036289587e+01
0.000000000000000000e+00
0.000000000000000000e+00
0.000000000000000000e+00
0.000000000000000000e+00
0.000000000000000000e+00
4.540063397912042290e-03
4.355373263463527961e-03
9.361006134355722081e-05
1.815266064787042759e-03
2.289639852571557187e-03
5.376216566653199691e-03
5.376216566653199691e-03
5.376216566653199691e-03
5.376216566653199691e-03
2.366803749087921169e-02
3.794982358112791161e-06
1.484470152222618598e-02
5.376216566653199691e-03
5.376216566653199691e-03
5.376216566653199691e-03
5.376216566653199691e-03
5.376216566653199691e-03
5.376216566653199691e-03
5.376216566653199691e-03
5.376216566653199691e-03
5.376216566653199691e-03
5.376216566653199691e-03
5.376216566653199691e-03
5.376216566653199691e-03
5.376216566653199691e-03
5.717773419555999964e-04
9.420411206955300182e-03
4.703248135821100177e-03
1.498765032630679922e-02
2.770337121422000162e-04
2.087240296962000101e-04
1.361133672443100382e-03
3.404096196165956427e-03
6.844879704344699646e-03
3.081525674787599818e-03
0.000000000000000000e+00
4.762703355941659035e-03
3.363618370386885301e-03
6.558990040346485487e-03
1.081569972062099757e-03
2.528722251602084393e-03
2.417403811768875643e-02
3.134657910352087445e-03
7.589964716225612816e-06
4.540065383952769998e-03
1.376060752004756339e-02
5.997340595508900314e-03
4.580542961476873759e-02
5.329419728399542242e-03
3.744382593337000176e-04
5.047326536290000238e-04
9.951708737091098309e-03
9.955498754346426161e-04
9.234506722425720501e-05
8.361626024346703948e-04
3.101764587677086158e-03
2.023990590993499574e-05
4.346519297648343549e-03
4.086563318919033128e-01
1.683453627897627328e-02
1.264994119370919446e-06
0.000000000000000000e+00
5.406582383640414630e-03
2.529988238741870656e-06
1.264994119370919446e-06
0.000000000000000000e+00
6.552674503442572872e-04
0.000000000000000000e+00
4.629888407101145410e-04
5.433149742698099166e-03
2.761483155607114773e-03
4.667823335376427673e-04
1.495222552586243083e-03
1.443359779732771367e-03
0.000000000000000000e+00
0.000000000000000000e+00
1.720396967445572288e-04
2.416138271488242877e-03
5.261110045953442706e-03
2.876597123959658345e-03
3.788654904964913143e-03
5.059976477483741313e-06
0.000000000000000000e+00
1.693828615368170570e-03
2.350358080770785767e-03
1.254368367372292806e-02
2.244098574743585549e-03
5.984687675254056483e-03
7.488780081980716923e-04
2.788047039093499366e-03
5.159913991975142132e-03
6.324960666650855309e-04
7.906208777476584487e-03
1.539497843274399876e-03
1.352278713607500075e-03
7.349611861463541812e-03
3.162480333325441749e-04
1.404423392392851812e-18
1.636902390465901341e-03
1.185426038913515480e-02
1.301425354196580897e-02
3.294041707780756469e-03
2.801708776978677207e-02
7.649418446815583507e-03
4.791797227666842393e-03
6.324960666650855309e-04
4.732341014525871109e-03
5.102985284521885205e-03
1.810205591799385382e-03
4.632410947687285417e-03
1.635636403326185592e-03
1.264994119370919446e-06
1.011995295496748601e-05
2.007545568139638276e-02
1.718368011753479765e-02
7.257269276790270611e-03
9.109221164059523590e-03
3.162480333325427655e-04
1.579598603717660699e-02
2.264338977163742571e-03
2.528721755091928054e-03
9.168676880690340703e-03
3.720346712049486023e-03
1.638170363646443244e-03
5.398991922413956535e-03
1.472455140988529129e-03
2.909486474553155913e-05
1.629313418770114361e-03
3.162480333325427655e-04
0.000000000000000000e+00
1.803122915657443676e-02
0.000000000000000000e+00
6.324970596854693582e-06
5.059976477483741313e-06
4.933477065546644307e-05
6.388220302823000409e-04
6.847409692583498846e-03
0.000000000000000000e+00
4.870232324679572128e-04
2.024040242005716297e-05
0.000000000000000000e+00
