1.897392000000000053e+03
3.055995594277564464e+02
8.871960679004034844e+00
1.192381785282807556e+02
3.696197383913838674e+00
1.559023576815950046e-65
2.188914220689135179e-102
8.861443388788341480e+00
8.843876942781957240e+00
8.842806928642795938e+00
8.746528314986321107e+00
8.742679380727336635e+00
8.733876810730235363e+00
8.732669073320009190e+00
8.709562562938709007e+00
8.680478114211352292e+00
8.641200822033566098e+00
8.847664943423925621e+00
8.812429383310792730e+00
8.766104381153200009e+00
8.738324529510837380e+00
8.699482963133014835e+00
8.613256320559059986e+00
8.580570944678312273e+00
8.559816245498796050e+00
8.524497313751844274e+00
8.510908020348292524e+00
5.206497570780387329e-01
7.056684698024916713e+01
1.067237095247481093e+01
7.971787221095688125e-04
1.198939801269452035e-05
0.000000000000000000e+00
0.000000000000000000e+00
5.535670377846990675e+01
1.523666372866144059e+02
0.000000000000000000e+00
6.450884854599054918e+00
1.718002566686080312e+00
7.964620740157140062e+03
3.854814897952379305e+00
3.824504177583638864e-02
1.130193384355687158e+03
7.275584639326564407e-01
1.570141456136998626e+00
2.111178218441058618e+01
4.319331471627466890e+00
2.546667602582570189e-01
8.889390681530336957e-01
2.744194913202459229e+00
1.140846547225269170e+01
1.122472277215384118e+00
1.412809581546980837e+02
4.930723625406238853e+01
1.602591180009675398e+01
5.529830680539290455e+01
4.023467592511649649e+00
1.404916083030478724e+01
5.188135119057057487e+00
1.273455347814669958e+00
2.046082776069683007e+01
5.909889126640243129e-01
1.088180354229013886e+02
1.154130593993368770e+01
4.204647224712735110e+00
4.138724328020999366e+01
3.443561385113420581e+00
3.900498170817748189e+00
6.841757939709980363e-01
7.116751751402773607e+01
7.300363633698048194e-01
9.402873773629655929e+00
2.651895952790032851e+01
1.674039201077185268e+01
8.404691406340836224e-02
1.497720318032879916e-01
8.997249225112518616e+03
2.177658600443611370e+00
2.898034081282565122e+00
3.680660024681552955e-01
3.182580473598601439e-02
3.617146224101414759e-02
2.372271465196178035e-03
0.000000000000000000e+00
4.694919415021875153e+00
0.000000000000000000e+00
0.000000000000000000e+00
1.086075901765666041e+00
0.000000000000000000e+00
1.574296058654200792e+01
0.000000000000000000e+00
6.084444272911566443e-04
2.861779247519233033e-03
5.493439068090444110e-06
8.558493385438551115e+01
8.224089741455570951e-03
7.665112496736540323e-05
4.924558125050097601e+00
1.191640089916897320e-09
2.170182028270827200e-05
3.239017942634385142e-09
1.711613713503447798e+01
8.212642084468645761e-05
3.226533827720008389e+02
7.737955583324692072e-07
3.698437235207837070e-01
6.751293743840220429e+01
1.176147313834906115e-04
2.654708839891432036e-06
4.204942044778815813e+01
3.419815258771540423e-04
1.152587706104460494e+02
9.665551233015405904e-08
1.159066845978480673e-04
1.559039220505147472e-03
6.005372115671605115e+00
2.873595913932382520e-02
7.685295170692128049e-05
1.414728270993936788e-03
1.867508704788524287e-07
3.428988954847378609e-06
2.259982845258185080e+03
1.333220175345805670e-06
1.447268562162308601e-04
1.743073236350021034e+04
1.450364082574631674e-02
1.452129223973648575e-01
1.808785229531379173e+03
1.505040932235187073e-03
1.077502962138762212e-02
1.017114755404015074e-02
1.251028762878197420e-01
2.009764909610287541e-06
4.297000066350155079e-01
1.038381540219617689e-11
3.130960063486728582e-13
3.935428730806902609e-13
4.541733519944720254e-04
3.348098044087743784e-11
1.690553310840772483e-01
6.090505677489465697e+00
1.814807282756209648e-11
1.856454791099731464e-12
1.054671736943350242e-12
2.331407331682531495e-09
2.391969702867765463e-10
1.321024364805842316e-10
4.321039851247032377e-12
1.572194816627457893e-18
5.503251065861031205e-10
7.495148020811359828e-13
1.493192682497902164e-10
1.803763942531882867e-14
3.149907044305941598e-09
3.147945111810497842e-12
6.972755279390170474e-16
4.985174497584407364e-18
6.228639863079322479e-19
3.763598313508017280e-16
6.498348137278004893e-17
1.339762880173339310e-17
0.000000000000000000e+00
2.772964996986264552e+01
4.809594860424078178e+01
2.254650512125515034e-04
3.910932368786561395e-04
4.936031348074569695e-05
2.466353648580593787e-13
4.277593526914850282e-13
0.000000000000000000e+00
1.428274611484979317e+01
2.160542579831662444e-04
2.015693420000403968e+00
2.323149708042288736e-02
1.754020440411806908e-02
7.689325722914506223e-01
6.252015293216615886e-06
1.368733332628041173e-06
6.838973686066041486e-15
5.083447985891773726e-11
1.112902700436085759e-11
5.560697691246394880e-20
1.217385423053168586e-20
6.082753065185452035e-29
2.039958651336126194e-01
4.062985090454630625e-03
1.281908861027710955e+00
1.073004917371191830e-01
3.740745597956647613e-16
5.642284294396272422e-24
2.772891592105889704e-32
1.990986988010178125e-17
8.129792437004313976e-20
1.615109817715499087e-17
3.118840493790680320e-19
0.000000000000000000e+00
8.478081348522574413e-15
6.678356067372513259e-20
7.753976796696406543e-29
1.122440775860981565e-27
1.324275035061243767e-22
2.779442593128690992e-28
0.000000000000000000e+00
1.319743834986291229e-36
5.524211024885043932e-36
0.000000000000000000e+00
6.488290349522961300e-31
1.200145973921242856e-36
6.013726064625734525e-45
2.431101796929494880e-16
4.275837463601570534e-38
1.953121664845943077e-16
4.779314106846064842e-18
0.000000000000000000e+00
2.289808548377533585e-31
1.435232861633834612e-38
3.021766161515879929e-47
5.673484567322047518e-47
4.601070869216621307e-55
1.233660605826932420e-63
8.565503193928417062e-34
3.303677232868002571e-41
2.656433806006536003e-33
4.966293091958395651e-36
0.000000000000000000e+00
4.809960862987333385e+00
3.910914144851560767e-05
4.278087444488073498e-14
3.096236643248809812e-19
0.000000000000000000e+00
8.312937899982653863e-15
2.245198532647271509e-31
6.629488547858831103e-20
1.424525048227927914e-38
7.697245738921182094e-29
2.999478810955748257e-47
1.121105802210394966e-27
0.000000000000000000e+00
1.314409174452465969e-22
1.317995877499351672e-36
4.594376017791670476e-55
5.517886228616684163e-36
0.000000000000000000e+00
6.441070347302823134e-31
1.198604794820548674e-36
6.006357563562988120e-45
1.232109110616218272e-63
2.428747723053571691e-16
8.556429618239993097e-34
3.299343029471791525e-41
4.270080548070090716e-38
2.652399481735523209e-33
1.950304840573696653e-16
4.773573928905199891e-18
0.000000000000000000e+00
4.959605766855344276e-36
0.000000000000000000e+00
5.747390509028227208e-18
0.000000000000000000e+00
5.905143392578058756e-36
0.000000000000000000e+00
2.170172380547420087e-23
0.000000000000000000e+00
5.941897106087918955e-19
1.583302856974346030e-35
4.649726378717975157e-24
9.879687445988299712e-43
5.336254676638161545e-33
2.055149796606146404e-51
7.898942025098693908e-32
0.000000000000000000e+00
9.247458215053780046e-27
9.176372576470306139e-41
3.158121718109963022e-59
3.836104527066569688e-40
0.000000000000000000e+00
4.470561902451099548e-35
8.338965975907861220e-41
4.127460399598842333e-49
8.355845901057066532e-68
1.714972545936008538e-20
5.969287344880570808e-38
2.325636668129401894e-45
3.001928107929735847e-42
1.823320915396207792e-37
1.361598862864745668e-20
3.376926175405491793e-22
0.000000000000000000e+00
3.466526509739387769e-40
0.000000000000000000e+00
2.401960008808192343e-18
0.000000000000000000e+00
1.837467599895083542e-13
4.812493662709148418e-30
5.149779287163404661e-19
1.078620993237303920e-37
5.824668591482608090e-28
2.211360178362694762e-46
6.630125592115113405e-28
0.000000000000000000e+00
1.027778082645585319e-21
7.664349162392912578e-37
2.624113602534449157e-55
3.202867208711430775e-36
0.000000000000000000e+00
4.886591448869793991e-30
6.963253877287835637e-37
3.430054493924324093e-45
6.908584986019919734e-64
1.454029836440200244e-16
5.035449903706994570e-34
1.951752800604201572e-41
2.516682861360081185e-38
1.527635255358439627e-33
1.148123728515148444e-16
1.232285819216342098e-17
0.000000000000000000e+00
1.041703781776853407e-35
0.000000000000000000e+00
2.404090497662335311e-18
0.000000000000000000e+00
1.839056458666466458e-13
4.816721985222457463e-30
5.154343910888052978e-19
1.079589908261286873e-37
5.829902433843241423e-28
2.213374809041233763e-46
6.639632355879361472e-28
0.000000000000000000e+00
1.028685974041987094e-21
7.675433905460651675e-37
2.627944147446890251e-55
3.207503789431447197e-36
0.000000000000000000e+00
4.890976485683082696e-30
6.973329729542120169e-37
3.435061867684610858e-45
6.918767031694522486e-64
1.456101580266076567e-16
5.042687414593746889e-34
1.954550986544928817e-41
2.520297782892975617e-38
1.529855332897351661e-33
1.149773625112759810e-16
1.232379462606861107e-17
0.000000000000000000e+00
1.041797068318501596e-35
0.000000000000000000e+00
1.563243645766375962e-17
0.000000000000000000e+00
1.319707778037850888e-35
0.000000000000000000e+00
1.221253084957188585e-22
0.000000000000000000e+00
3.644711430386653680e-18
9.837078385558488212e-35
2.324598936311720389e-23
4.991899768642214684e-42
3.708761613584706754e-32
1.444644901126576898e-50
3.439310430309521263e-31
0.000000000000000000e+00
4.609271709664589271e-26
5.196233787633623591e-40
1.810525602309416404e-58
2.417040131766447999e-39
0.000000000000000000e+00
3.103258159343298220e-34
4.725099793292209180e-40
3.155755249703025493e-48
6.470521244673132353e-67
2.129117512741954151e-20
7.498128940033301821e-38
1.445720048522365786e-45
1.871015637848350763e-42
9.292204690725315735e-37
6.836296602662680366e-20
1.259675382634677392e-21
0.000000000000000000e+00
1.293915112949840343e-39
0.000000000000000000e+00
9.490424297558345382e-22
0.000000000000000000e+00
8.066603014341702001e-17
2.112715017584101369e-33
1.808666004072596784e-22
3.788248130646962618e-41
2.812814214754481023e-31
1.067902262386655208e-49
2.038616241228786374e-31
0.000000000000000000e+00
3.609683837838244938e-25
3.029917750698135296e-40
1.037385954022987650e-58
1.406871303973674738e-39
0.000000000000000000e+00
2.359816829802680696e-33
2.752771660972942824e-40
1.807996083978578270e-48
3.641541974101689149e-67
1.277377201248157702e-20
4.423681986011792410e-38
8.572720392358542470e-46
1.105407205444172285e-42
5.367884438795783687e-37
4.034339734257471989e-20
3.428395509417575836e-21
0.000000000000000000e+00
2.894261071420613130e-39
0.000000000000000000e+00
5.810503733209815364e-20
0.000000000000000000e+00
1.559198438768269090e-15
4.212471149207284674e-32
9.330510316193498731e-21
2.003598028939295177e-39
1.082974455002288196e-29
4.219273428262347791e-48
1.577751066801563022e-28
0.000000000000000000e+00
1.850149545091975823e-23
1.236181930035553696e-37
4.308077380486387630e-56
7.763789414999791913e-37
0.000000000000000000e+00
9.063878065451862301e-32
1.124313874281254602e-37
5.632710704583613650e-46
1.155137631446291355e-64
4.558424302846240680e-17
1.605530694899676809e-34
7.738805717779614208e-42
1.001415170462397405e-38
2.487316764942076489e-34
5.488622751779012422e-17
4.045012450929739500e-19
0.000000000000000000e+00
4.154790191582747826e-37
0.000000000000000000e+00
7.878650025694900097e-20
0.000000000000000000e+00
1.059026966835637248e-15
2.854826996792741475e-32
4.220136835765398706e-20
9.051662372376778599e-39
1.954318785519507810e-29
7.602014823740462547e-48
8.551193125253046938e-28
0.000000000000000000e+00
8.339405141619333406e-23
1.003264853639080245e-36
3.490489255250905101e-55
2.099971062766516573e-36
0.000000000000000000e+00
1.637599868094648453e-31
9.129361508442465331e-37
2.279846203617407482e-45
4.676634066191168043e-64
9.287946624107141590e-17
3.265798853761684243e-34
1.247909829658370970e-41
1.614343656662468730e-38
2.352632163381782549e-33
1.981899285108189118e-16
3.814870596892732940e-18
0.000000000000000000e+00
3.912060427173683895e-36
0.000000000000000000e+00
5.713485726133480633e-20
0.000000000000000000e+00
7.670729041521336086e-16
2.071333333753554841e-32
3.058827679185388811e-20
6.571621745925543084e-39
1.420143905037507237e-29
5.533883587768625763e-48
6.206965351282387247e-28
0.000000000000000000e+00
6.064916382086444133e-23
7.294689452016175968e-37
2.542731368541226038e-55
1.527184971488731378e-36
0.000000000000000000e+00
1.188546679740791474e-31
6.634635089818219632e-37
1.662093016564971917e-45
3.408842789776572557e-64
6.724030282422068948e-17
2.368440590031948060e-34
9.126496402235550417e-42
1.181120914821316452e-38
1.711472672505768940e-33
1.438547466643717409e-16
2.784237343213873875e-18
0.000000000000000000e+00
2.860149679772445137e-36
0.000000000000000000e+00
1.616805692222145493e-21
0.000000000000000000e+00
1.374250932121479221e-16
3.599235741349394322e-33
3.081296449489249591e-22
6.453694466934050623e-41
4.791905742253791322e-31
1.819265188437864140e-49
3.473034317512353337e-31
0.000000000000000000e+00
6.149581633697323635e-25
5.161743932432041329e-40
1.767269705712852493e-58
2.396746210796405750e-39
0.000000000000000000e+00
4.020209422996972647e-33
4.689625235287892426e-40
3.080065200647243451e-48
6.203570712699557978e-67
2.176189169556832708e-20
7.536262463517849781e-38
1.460397878319758762e-45
1.883101210362371000e-42
9.144232617414782465e-37
6.872639406134160033e-20
5.840709276349056717e-21
0.000000000000000000e+00
4.930707914046117194e-39
0.000000000000000000e+00
1.050715533225737922e-20
0.000000000000000000e+00
3.135760588459595343e-16
8.463411060723407580e-33
1.999988898463209442e-21
4.294820308458070910e-40
3.190862249129842184e-30
1.242910842144359542e-48
2.959040098628240909e-29
0.000000000000000000e+00
3.965627434024642241e-24
4.470621140522336114e-38
1.557699063591997829e-56
2.079519572191619097e-37
0.000000000000000000e+00
2.669912256985019198e-32
4.065276674629485330e-38
2.715077084323567386e-46
5.566956348889074918e-65
1.831804811844291931e-18
6.451077117447460322e-36
1.243837324224097833e-43
1.609743854806770217e-40
7.994618609926795533e-35
5.881664339259953655e-18
1.083772817082103837e-19
0.000000000000000000e+00
1.113230842415763596e-37
0.000000000000000000e+00
5.280210696320780824e-19
0.000000000000000000e+00
1.416859082903334010e-14
3.827980578156602240e-31
8.478946078136972610e-20
1.820677538787508905e-38
9.841201023881575628e-29
3.834098632833922898e-47
1.433749943432339426e-27
0.000000000000000000e+00
1.681302161392818842e-22
1.123340126221901710e-36
3.914777623189724883e-55
7.055123591938999334e-36
0.000000000000000000e+00
8.236590074801282531e-31
1.021688538107845141e-36
5.118510107060976183e-45
1.049673516137036057e-63
4.142423369089415545e-16
1.458993860472228759e-33
7.032523332774444910e-41
9.100139338332675042e-38
2.260259228000258905e-33
4.987666116222929802e-16
3.675860388057783176e-18
0.000000000000000000e+00
3.775566488438269060e-36
0.000000000000000000e+00
7.797541112846758882e-19
0.000000000000000000e+00
1.048133342508672780e-14
2.825427092729841896e-31
4.176707015911081926e-19
8.958407027598454718e-38
1.934171691167781116e-28
7.523553229555173115e-47
8.463106532588978636e-27
0.000000000000000000e+00
8.253388145650816954e-22
9.929180904688747131e-36
3.454445795839439308e-54
2.078311231001703284e-35
0.000000000000000000e+00
1.620731729472664596e-30
9.035241036054637804e-36
2.256291758331279122e-44
4.628322658109195833e-63
9.192439342152861420e-16
3.232176979105175101e-33
1.234989112960679358e-40
1.597624283006688589e-37
2.328360683752109034e-32
1.961483562212887589e-15
3.775636611853562481e-17
0.000000000000000000e+00
3.871817330362976936e-35
0.000000000000000000e+00
0.000000000000000000e+00
0.000000000000000000e+00
0.000000000000000000e+00
0.000000000000000000e+00
0.000000000000000000e+00
0.000000000000000000e+00
0.000000000000000000e+00
0.000000000000000000e+00
0.000000000000000000e+00
0.000000000000000000e+00
0.000000000000000000e+00
0.000000000000000000e+00
0.000000000000000000e+00
0.000000000000000000e+00
0.000000000000000000e+00
0.000000000000000000e+00
0.000000000000000000e+00
0.000000000000000000e+00
0.000000000000000000e+00
0.000000000000000000e+00
0.000000000000000000e+00
0.000000000000000000e+00
0.000000000000000000e+00
0.000000000000000000e+00
0.000000000000000000e+00
0.000000000000000000e+00
0.000000000000000000e+00
0.000000000000000000e+00
0.000000000000000000e+00
1.590854008023375510e+00
7.183298176393132701e-05
8.381229167978331063e+00
8.057366985706960349e+01
1.140467871254634974e-01
1.975341189765162042e+00
2.393678001014771084e+01
3.107496690615870957e-02
1.516260930822804731e+01
4.470574616980429461e+00
4.659834649801221194e-11
3.230638210254295206e+00
3.039015073727694369e-10
1.150119653308182350e-11
0.000000000000000000e+00
0.000000000000000000e+00
1.395169798086410637e-12
4.200439868417321816e-03
5.860324492566444195e-17
1.650034305862856598e+01
1.720719343165157625e+03
1.901472932503981195e+00
0.000000000000000000e+00
1.950327127641973135e+01
1.125573474729410162e+00
1.831882880829309945e+00
2.402712702883323670e-02
7.127986956560462828e-02
5.130958144137438239e+02
1.166006613002238197e+02
2.649232399534392925e+02
1.994339373162822857e-11
6.995810022522125138e+00
1.259249812377775868e+02
1.198294756917337907e+02
2.078552737937260986e+01
5.275418647893175716e+01
2.010622959828651779e-13
2.489521563224202697e-11
9.859086920269156352e-10
1.597222772801343434e-09
3.865403732266194226e+01
6.150486730895192682e-09
6.467211964081824860e-01
1.470080950079514226e-01
7.356377749053460979e-02
2.661462078706966849e+02
1.862242816189794125e-13
9.996265330491603891e+03
3.562337618269295625e+00
4.377980987954810388e-01
7.730941987539365901e-01
2.477433540232099674e+01
1.093258848153701723e-01
1.093317416735848147e+00
1.280880127913556521e+01
4.562609407784103399e-01
8.168356652421175645e-02
1.806315930534769243e-01
2.380688567677211598e+00
4.022269777278856040e+00
1.132985904624677319e-02
2.254797182175630894e+02
2.239765110179385488e+01
3.998127409548787176e-02
5.711137356870152892e-01
8.563702325096538281e-01
2.281884944120694259e-01
2.138801741653225363e+01
2.983469415770860836e-13
9.200934649638092480e-11
3.427056927054809989e+02
0.000000000000000000e+00
3.977841777172966431e+01
3.169510196458438855e+01
1.908063595221242679e+02
1.832278044946713813e-01
8.728718838242531808e-01
7.232358893931343857e+01
0.000000000000000000e+00
1.679729949866884793e-11
2.591293667218398511e+01
9.029216385472101647e-11
3.089204660481354447e-01
3.216205492962389911e-11
5.255427457965061938e-04
1.978232974352957599e-02
1.952404622105633758e-01
9.167120260182114805e-17
5.229156621485753220e-02
0.000000000000000000e+00
6.095558968509146025e-01
1.385211358271783155e-01
5.269106819811953279e+00
4.198378483739237055e+00
2.078561359956461985e+01
9.639499026950488491e-15
2.301333407485462677e-14
4.726958017549766820e-11
1.128331052897944190e-10
9.294904844855117514e-14
1.417804021046823728e-03
1.175775100841686778e-03
1.095177303082621196e-03
2.241087090341918331e-01
3.122029917652179194e-03
5.448394254557845789e-02
0.000000000000000000e+00
3.229945722899934273e-14
2.709355214597495210e-13
9.105717548853173348e-04
4.674158093022572384e-14
5.744843725433963582e-13
0.000000000000000000e+00
2.846931260156929519e-12
3.894711292465473373e-02
1.516818466997504867e-04
7.075207324440744693e-04
1.607835795534959689e-04
1.220249283528196287e+02
3.752931888663602056e+00
3.354653971103163101e-01
8.606249924008690044e+00
1.955763746632432243e+00
5.496534138164455463e+00
0.000000000000000000e+00
0.000000000000000000e+00
0.000000000000000000e+00
0.000000000000000000e+00
5.681517730640694452e+01
6.932733766364756889e+01
0.000000000000000000e+00
0.000000000000000000e+00
0.000000000000000000e+00
0.000000000000000000e+00
0.000000000000000000e+00
4.540063397912042290e-03
2.141637030135729036e-03
7.261061280086427653e-04
8.665219647894144631e-04
3.238383952569185483e-03
5.376216566653199691e-03
5.376216566653199691e-03
5.376216566653199691e-03
5.376216566653199691e-03
2.335178945754667196e-02
3.794982358112791161e-06
1.136597315556821426e-02
5.376216566653199691e-03
5.376216566653199691e-03
5.376216566653199691e-03
5.376216566653199691e-03
5.376216566653199691e-03
5.376216566653199691e-03
5.376216566653199691e-03
5.376216566653199691e-03
5.376216566653199691e-03
5.376216566653199691e-03
5.376216566653199691e-03
5.376216566653199691e-03
5.376216566653199691e-03
5.717773419555999964e-04
9.420411206955300182e-03
4.703248135821100177e-03
1.498765032630679922e-02
2.770337121422000162e-04
2.087240296962000101e-04
2.626125805773271444e-03
1.190359962838157069e-03
5.579887571014528584e-03
1.816533541457429190e-03
0.000000000000000000e+00
6.660191555936913893e-03
2.731122303721799770e-03
1.815269540358342704e-03
1.081569972062099757e-03
3.477466351599714425e-03
2.322529401769112684e-02
6.297138243677514666e-03
7.589964716225612816e-06
2.958825217290056171e-03
1.660683982004043657e-02
7.578580762171614575e-03
4.074546108144805334e-02
5.329419728399542242e-03
3.744382593337000176e-04
0.000000000000000000e+00
8.686716603760927247e-03
6.793018421020998506e-04
7.248411338893426953e-04
2.417402769097385523e-03
2.785516554344543393e-03
2.023990590993499574e-05
1.816535030988001859e-03
4.564097849251172456e-01
1.335580791231830156e-02
1.264994119370919446e-06
0.000000000000000000e+00
3.192846150312614838e-03
2.529988238741870656e-06
1.264994119370919446e-06
0.000000000000000000e+00
1.287763517009342818e-03
0.000000000000000000e+00
1.727980974040285549e-03
7.014389909360813427e-03
2.761483155607114773e-03
1.505343002051000019e-04
1.811470585918785849e-03
2.708351913062941995e-03
0.000000000000000000e+00
1.897491179056000397e-04
9.487440999976282964e-04
2.099890238155700112e-03
9.056086445943958493e-03
2.560349090627115579e-03
1.258670638304571670e-03
5.059976477483741313e-06
6.957467656540150319e-05
6.437549115356312919e-03
1.717862014105700236e-03
1.222743564039038659e-02
1.295354474745957253e-03
6.300935708586601416e-03
1.381374074863157223e-03
3.736791139091127662e-03
6.741154158637855526e-03
1.264992133330171062e-03
6.324968610813871094e-03
2.171993909939485407e-03
7.197826469424144355e-04
4.187131528138114157e-03
2.846232299992885323e-03
9.487440999976297059e-04
2.585646490463529203e-03
1.153801235580260640e-02
1.301425354196580897e-02
1.396553507785500093e-03
2.706834366978914247e-02
6.068178280152869246e-03
5.108045260999383858e-03
1.104339369700542287e-03
2.518604781198072184e-03
5.735481351186969001e-03
1.493957558466842616e-03
1.000862751434051026e-02
1.319388369993642826e-03
1.264994119370919446e-06
1.011995295496748601e-05
2.481917618138452380e-02
1.718368011753480112e-02
4.094788943464842956e-03
7.211732964064268732e-03
7.450815363094001869e-04
2.781341130381325202e-02
1.631842910498657257e-03
1.579977655094299974e-03
9.801172947355425366e-03
4.036594745382028789e-03
4.484402663639328566e-03
2.552759622421071645e-03
4.111224433323057252e-03
2.909486474553155913e-05
3.526801618765370953e-03
3.162480333325427655e-04
5.059976477483741313e-06
2.625367802322055646e-02
3.162480333325427655e-04
6.324970596854693582e-06
5.059976477483741313e-06
4.933477065546644307e-05
3.225739969497572754e-04
6.214913625918413315e-03
9.487440999976282964e-04
9.487440999976282964e-04
6.527364690851426973e-04
0.000000000000000000e+00
