1.897392000000000053e+03
4.097574043143704898e+02
5.941217443633183493e+00
1.809889876347444613e+02
1.399238449601558187e+00
8.389862645089061573e-78
2.395665010217217965e-102
5.931137534542878953e+00
5.913325580677788906e+00
5.912236815405002233e+00
5.795624829613685414e+00
5.790932959944520952e+00
5.780058341796959098e+00
5.778563626426316269e+00
5.749203037196338961e+00
5.711465764134127987e+00
5.659961959834004297e+00
5.916903350243118531e+00
5.877965786320658914e+00
5.821733435576315507e+00
5.786581790131275049e+00
5.735750862537946304e+00
5.622877750864395452e+00
5.580412715326069417e+00
5.553645317993740171e+00
5.508922444748445280e+00
5.491848599344086423e+00
9.449629281854232676e-01
6.470618472808929766e+01
1.619900735530688962e+01
1.957040219787611456e-04
1.205682315165918490e-05
0.000000000000000000e+00
0.000000000000000000e+00
4.816040327296557422e+01
1.525198324836506742e+02
0.000000000000000000e+00
7.305051302591509810e+00
1.559296459831944981e+00
7.965134422328300388e+03
3.774893198674591943e+00
3.770461673451409174e-02
1.130274089687378364e+03
7.485013435699559015e-01
1.562395683906034449e+00
2.080710884864697618e+01
4.241526320088888191e+00
2.547908837645517233e-01
8.896434056261010026e-01
2.746936976230268002e+00
1.140850742828672004e+01
1.121976874631782417e+00
1.412887607393078042e+02
4.929562631959266383e+01
1.602217977182409925e+01
5.529830496047922850e+01
4.023534946712445048e+00
1.404867174715918843e+01
5.192164153133182580e+00
1.272461059765036984e+00
2.043206629113337769e+01
5.916335511871958497e-01
1.088168073477517765e+02
1.155050043807285221e+01
4.204638696192070313e+00
4.140904211289025483e+01
3.443576421034054924e+00
3.900515557272004497e+00
6.841783821936173737e-01
7.116751659365151284e+01
7.300393291434622567e-01
9.402877667907201698e+00
2.651895795701650371e+01
1.674039275783032821e+01
8.392368459123425439e-02
1.497720318032879916e-01
8.998490112915202189e+03
2.131076862865805222e+00
2.896280444675209953e+00
3.600242276952985154e-01
3.184415026667165166e-02
3.617834822455195248e-02
2.370932051525426795e-03
0.000000000000000000e+00
4.517926656155310638e+00
0.000000000000000000e+00
0.000000000000000000e+00
9.143063871088494832e-01
0.000000000000000000e+00
1.583678145647583158e+01
0.000000000000000000e+00
5.958281107583377921e-04
2.861915256166685986e-03
5.377730607015776781e-06
8.778630144885333664e+01
8.259131025460882819e-03
6.205820436715313185e-05
4.847575145332158719e+00
9.496829675911311159e-10
1.884823782970550065e-05
2.829889664088423072e-09
2.123400524915046361e+01
8.248749547022582657e-05
3.215868185789183826e+02
6.244025693515195279e-07
3.703461935711995223e-01
6.643074009658376156e+01
1.133308155077799722e-04
2.994970570530629177e-06
3.587409372265526741e+01
3.292888010037833845e-04
1.188751070840503559e+02
1.124647039449257654e-07
1.372566443172287365e-04
1.850877786401109717e-03
5.123794929929162301e+00
2.906916286701106966e-02
1.083169779766987806e-04
1.681101594696763572e-03
3.709401669907572644e-07
5.624153597523505746e-06
2.259975643519781897e+03
2.648048538244554918e-06
2.094638820811749581e-04
1.739029760952522702e+04
2.094190948849950634e-02
2.084065850142090837e-01
1.828935939993257762e+03
2.202458901450682349e-03
1.447778727464765422e-02
1.455327139700960358e-02
1.396345491100496605e-01
3.209499734633260494e-06
4.136801266500994001e-01
4.219395068306673515e-11
2.545118935561564794e-13
3.069586477241880527e-13
4.869398119784278350e-04
3.169972044451105848e-11
2.235950703206629198e-01
6.090957340312783685e+00
2.721754092802689831e-11
2.382591567957027976e-12
8.845731860077296813e-13
2.992628687521741646e-09
2.662780992051417790e-10
9.932107469389771018e-11
5.493112406530329593e-12
2.061335802227836847e-18
5.914537157476998932e-10
9.327763831043611389e-13
1.855428259062446379e-10
2.051283749113657610e-14
4.586807703707725318e-09
4.621838852445146867e-12
6.379441393476448801e-16
4.944699572451653159e-18
6.178260433552600552e-19
1.558145372054229278e-16
4.172052260956231017e-17
1.328885218118841130e-17
0.000000000000000000e+00
2.874436390743834124e+01
4.880314370699052517e+01
2.286931907880326441e-04
3.883518794135966271e-04
4.943287433076673981e-05
2.290849872745016698e-13
3.890172049085267535e-13
0.000000000000000000e+00
1.432507416765300690e+01
2.160543496746907075e-04
2.042229375927414825e+00
3.071143192582984419e-02
2.575322412956279530e-03
8.262241927604702108e-01
6.573535986135930713e-06
1.420894142727669862e-06
6.584797751661731198e-15
5.230061082624532940e-11
1.130497067954963719e-11
5.239021210282256426e-20
1.132433832724157837e-20
5.247996688408431970e-29
2.052053253496538276e-01
4.170677092595976264e-03
1.319754338106196689e+00
1.474135560311134324e-02
3.447417014247359409e-16
5.620319049109928049e-24
2.714204155388411053e-32
1.966082101795999001e-17
3.365637199732175923e-20
1.159558684219515089e-17
3.094094391534968807e-19
0.000000000000000000e+00
8.111193552588821518e-15
6.535464914551557464e-20
6.855881091913986714e-29
1.148334542453624563e-27
1.376785777071982337e-22
2.774978423742042893e-28
0.000000000000000000e+00
1.255655462761706943e-36
5.560827685049587937e-36
0.000000000000000000e+00
6.696715272249147685e-31
1.198455056027067474e-36
5.586710841245137152e-45
2.405718827653634295e-16
7.830640140819491030e-39
1.521035579381949734e-16
2.356800559380771820e-18
0.000000000000000000e+00
2.005520604721810640e-31
1.392137350025867076e-38
2.784698446597407772e-47
5.622291277131073221e-47
4.489143761374265884e-55
1.155815107280218480e-63
8.394030139498715410e-34
5.662031402530166794e-42
1.365757957596469463e-33
1.573048230627617774e-36
0.000000000000000000e+00
4.881104167910270242e+00
3.883504788517698752e-05
3.890157999091286170e-14
3.074370562878051200e-19
0.000000000000000000e+00
7.971932998209163079e-15
1.971091981932335086e-31
6.493402313456679683e-20
1.382993744960789853e-38
6.812108760800783911e-29
2.766713145931901677e-47
1.147200487945868008e-27
0.000000000000000000e+00
1.367704992129589066e-22
1.254401127747087744e-36
4.484010665405392102e-55
5.555600277440478827e-36
0.000000000000000000e+00
6.653910099025253963e-31
1.197232327370674775e-36
5.581384587080619063e-45
1.154683977130116655e-63
2.403572070494917771e-16
8.385904976816019517e-34
5.655049181150686777e-42
7.821376104721266317e-39
1.363945740835421913e-33
1.519116637979665478e-16
2.350912682089416265e-18
0.000000000000000000e+00
1.567197622849258745e-36
0.000000000000000000e+00
8.960828778019811208e-18
0.000000000000000000e+00
5.786759202378343047e-36
0.000000000000000000e+00
2.160835074342567804e-23
0.000000000000000000e+00
5.656886257031430297e-19
1.384068933617247862e-35
4.565252588396270425e-24
9.614373674368369409e-43
4.788624348363417009e-33
1.914200022008968958e-51
8.162975605987456004e-32
0.000000000000000000e+00
9.614350039231848425e-27
8.922613821771999442e-41
3.141760857188649861e-59
3.924802523470100751e-40
0.000000000000000000e+00
4.640255692172521776e-35
8.459761489556566406e-41
3.942754287602847854e-49
8.053267548993575483e-68
1.693138793860842275e-20
5.841900112009387630e-38
3.984446996172841076e-46
5.543675219535976253e-43
9.445085432810728152e-38
1.065402356170823486e-20
1.605353224141036061e-22
0.000000000000000000e+00
1.034778490907595861e-40
0.000000000000000000e+00
2.121595679030704607e-18
0.000000000000000000e+00
1.536090865698831540e-13
3.709135129250302130e-30
4.482172812634782744e-19
9.304186744283500076e-38
4.693763672752746743e-28
1.839589396151320200e-46
6.207852560740322476e-28
0.000000000000000000e+00
9.435955634536764437e-22
6.781830278890865028e-37
2.372864757997797627e-55
2.975409102166793183e-36
0.000000000000000000e+00
4.503344758205198254e-30
6.412657582201577988e-37
2.988177951127138769e-45
6.072038123416027355e-64
1.294017138707945277e-16
4.443875218387178394e-34
3.023338433727452911e-42
4.209503490992010866e-39
7.162807078599080444e-34
8.122394635528705462e-17
2.260025153497986325e-18
0.000000000000000000e+00
9.691573538869986175e-37
0.000000000000000000e+00
2.123467204794674910e-18
0.000000000000000000e+00
1.537424330843608298e-13
3.712394919355904710e-30
4.486126182684816318e-19
9.312503547034141538e-38
4.697907455028269481e-28
1.841243908203452403e-46
6.216684229855377745e-28
0.000000000000000000e+00
9.444280550958697110e-22
6.791482883343185194e-37
2.376279064515064159e-55
2.979664308072497303e-36
0.000000000000000000e+00
4.507357601593073982e-30
6.421828024230842266e-37
2.992452162299334417e-45
6.080803317186220277e-64
1.295862653137906340e-16
4.450264284943405822e-34
3.027666101885575981e-42
4.215508677902686753e-39
7.173152705371661234e-34
8.134018994614533788e-17
2.260331231509861875e-18
0.000000000000000000e+00
9.693315498756088379e-37
0.000000000000000000e+00
9.019308314934133668e-18
0.000000000000000000e+00
3.850857312324060040e-36
0.000000000000000000e+00
1.312604415197064037e-22
0.000000000000000000e+00
3.782241645563036618e-18
9.346119603101009176e-35
2.464592214317518684e-23
5.245859926137161911e-42
3.554222892009831442e-32
1.442751710276743248e-50
3.810361914987856208e-31
0.000000000000000000e+00
5.191007835093200221e-26
5.356594474414778412e-40
1.913782296033440448e-58
2.635333684648528194e-39
0.000000000000000000e+00
3.470396996902312061e-34
5.110992878862239273e-40
3.176887471026229768e-48
6.569454783005427008e-67
2.280336665114877569e-20
7.953405367529005733e-38
2.681581471361435451e-46
3.710120657929519396e-43
5.173051719854219264e-37
5.764221832387513918e-20
2.125950807932412653e-21
0.000000000000000000e+00
1.371378227921138434e-39
0.000000000000000000e+00
9.072520544137235928e-22
0.000000000000000000e+00
7.298493618743003381e-17
1.762336115389723875e-33
1.703742111977719695e-22
3.536660848445531667e-41
2.453221248101270249e-31
9.614760455455301026e-50
2.065859395237438942e-31
0.000000000000000000e+00
3.586750323851767562e-25
2.901671836995821085e-40
1.015258080399615812e-58
1.414515935659878763e-39
0.000000000000000000e+00
2.353710001532934302e-33
2.743732190972731797e-40
1.704703506679372832e-48
3.463989684958513757e-67
1.230357356159987122e-20
4.225254149172622002e-38
1.437228510621197434e-46
2.001105755947791867e-43
2.724030760455130352e-37
3.088966064378560057e-20
2.140791660301773621e-21
0.000000000000000000e+00
9.139873289876525873e-40
0.000000000000000000e+00
4.590967515715948132e-20
0.000000000000000000e+00
1.189603003439710925e-15
2.942417894958593832e-32
7.272183363045410316e-21
1.547847190658445807e-39
7.628338593906241884e-30
3.097347642840113522e-48
1.284858825560907123e-28
0.000000000000000000e+00
1.531821181252393064e-23
9.365542035716730046e-38
3.346849991264815217e-56
6.221733848668350748e-37
0.000000000000000000e+00
7.451178980605948327e-32
8.938583050607718524e-38
4.167071165592046989e-46
8.618609379327042272e-65
3.589301936446292716e-17
1.252012433486136848e-34
1.055331747719748486e-42
1.459700280548216989e-39
1.017883224375403425e-34
3.402012724966678552e-17
5.018470547111847798e-19
0.000000000000000000e+00
3.238274899525322419e-37
0.000000000000000000e+00
7.561108311946611137e-20
0.000000000000000000e+00
9.802367468970790563e-16
2.420113347965335622e-32
3.995007500875574623e-20
8.493339045824085302e-39
1.674629301512853662e-29
6.785305438406052919e-48
8.465830003297382847e-28
0.000000000000000000e+00
8.382538746735828346e-23
9.255541482078372530e-37
3.301143767670291933e-55
2.047640740391009269e-36
0.000000000000000000e+00
1.635750660329405552e-31
8.831130721466066088e-37
2.055536479739733538e-45
4.252952166111092989e-64
8.876118377489241517e-17
3.091463984075249223e-34
2.064961241754712011e-42
2.859724351880965373e-39
1.170115076963361285e-33
1.492425515391843476e-16
5.749091085692485891e-18
0.000000000000000000e+00
3.691286389494337281e-36
0.000000000000000000e+00
6.356339095626530910e-20
0.000000000000000000e+00
8.240889389190873453e-16
2.037265432399414633e-32
3.356837048783806662e-20
7.148350412252795869e-39
1.408421336776037779e-29
5.719783690159294356e-48
7.116987692257871141e-28
0.000000000000000000e+00
7.070491312596943077e-23
7.780875113627241519e-37
2.781177366474002099e-55
1.723113823858700218e-36
0.000000000000000000e+00
1.375739217217406783e-31
7.426479864299986249e-37
1.731110430869380321e-45
3.580672129900050161e-64
7.455103882578438444e-17
2.600626401916356618e-34
1.752475606558786385e-42
2.424096317628564522e-39
9.861458425320011892e-34
1.255474643183642262e-16
4.863755227159044943e-18
0.000000000000000000e+00
3.139257184332545545e-36
0.000000000000000000e+00
1.571010609785021369e-21
0.000000000000000000e+00
1.263816450514920764e-16
3.051651140360322246e-33
2.950242466789662077e-22
6.124098517661942356e-41
4.248030007863715635e-31
1.664887340828986649e-49
3.577305652341393909e-31
0.000000000000000000e+00
6.210905158962902617e-25
5.024590353987131796e-40
1.758023849964409984e-58
2.449401188396856151e-39
0.000000000000000000e+00
4.075706564709124444e-33
4.751096253552400185e-40
2.951894467606186436e-48
5.998227090824265163e-67
2.130517185418327609e-20
7.316470886977983490e-38
2.488606341626652211e-46
3.464994116853055262e-43
4.716684472429151492e-37
5.348643249443761087e-20
3.706960539168181477e-21
0.000000000000000000e+00
1.582586196327565981e-39
0.000000000000000000e+00
1.147862299468260643e-20
0.000000000000000000e+00
3.307541325634250536e-16
8.173102687336882176e-33
2.155266962181421142e-21
4.587459902750042152e-40
3.108139443660098942e-30
1.261673797119356749e-48
3.332132749833922983e-29
0.000000000000000000e+00
4.539496272695189494e-24
4.684301181049936757e-38
1.673586787834906955e-56
2.304578455244256458e-37
0.000000000000000000e+00
3.034832694942744977e-32
4.469522524799018367e-38
2.778162709132165054e-46
5.744931945833905053e-65
1.994136417293314309e-18
6.955186966047897062e-36
2.345020652959819560e-44
3.244471256463168312e-41
4.523789174859246021e-35
5.040765761110697111e-18
1.859127990038547308e-19
0.000000000000000000e+00
1.199257984795524529e-37
0.000000000000000000e+00
4.172020856774715437e-19
0.000000000000000000e+00
1.081007158310104995e-14
2.673865027953370961e-31
6.608547612260810744e-20
1.406550275649809061e-38
6.932168394881228804e-29
2.814643297431089622e-47
1.167609699080531294e-27
0.000000000000000000e+00
1.392035974576418598e-22
8.510869479363747723e-37
3.041384096832758242e-55
5.653953067780415774e-36
0.000000000000000000e+00
6.771178549766579056e-31
8.122869715450408120e-37
3.786793978752896577e-45
7.831999709959339558e-64
3.261762319623983878e-16
1.137749452428213829e-33
9.590211014411232556e-42
1.326489806659258307e-38
9.249787389442664620e-34
3.091543948410915654e-16
4.560532645636416565e-18
0.000000000000000000e+00
2.942672438549112573e-36
0.000000000000000000e+00
7.483339218414692466e-19
0.000000000000000000e+00
9.701542665914445766e-15
2.395198556695415407e-31
3.953931164528114674e-19
8.405913985941835978e-38
1.657399889548805976e-28
6.715387422510436344e-47
8.378756047951782268e-27
0.000000000000000000e+00
8.296126919616834279e-22
9.160343782398363180e-36
3.267140755625170121e-54
2.026565830729023501e-35
0.000000000000000000e+00
1.618921147495418139e-30
8.740278495515873060e-36
2.034369119162586321e-44
4.209164938268378192e-63
8.784879593241535513e-16
3.059652627200376524e-33
2.043585342804522708e-41
2.830145035441893257e-38
1.158059488044101682e-32
1.477068297477704295e-15
5.690005842465319010e-17
0.000000000000000000e+00
3.653322677481239170e-35
0.000000000000000000e+00
0.000000000000000000e+00
0.000000000000000000e+00
0.000000000000000000e+00
0.000000000000000000e+00
0.000000000000000000e+00
0.000000000000000000e+00
0.000000000000000000e+00
0.000000000000000000e+00
0.000000000000000000e+00
0.000000000000000000e+00
0.000000000000000000e+00
0.000000000000000000e+00
0.000000000000000000e+00
0.000000000000000000e+00
0.000000000000000000e+00
0.000000000000000000e+00
0.000000000000000000e+00
0.000000000000000000e+00
0.000000000000000000e+00
0.000000000000000000e+00
0.000000000000000000e+00
0.000000000000000000e+00
0.000000000000000000e+00
0.000000000000000000e+00
0.000000000000000000e+00
0.000000000000000000e+00
0.000000000000000000e+00
0.000000000000000000e+00
0.000000000000000000e+00
5.013638636714735419e+00
7.183296966547391858e-05
7.353166861011709798e+00
8.698970585379892384e+01
1.234320584306135560e-01
2.093197199831978939e+00
1.904548915683933075e+01
2.957632894932441317e-02
1.547556890044606348e+01
4.318951202639073728e+00
1.210434585887441682e-10
3.619749425575999879e+00
4.687673682948628044e-10
3.138895784225146189e-11
0.000000000000000000e+00
0.000000000000000000e+00
1.058547633354330327e-12
4.200439628828602293e-03
4.446363197705283228e-17
1.588010122010292591e+01
1.748986246224471643e+03
2.042153329397123684e+00
0.000000000000000000e+00
1.868497644821344039e+01
1.101428547802314251e+00
1.729582032968668193e+00
3.051982976355586963e-02
8.231152772547287166e-02
5.028037336652676004e+02
1.097717740230195318e+02
2.396362716266584982e+02
9.033508827531770921e-12
6.848644634834944789e+00
1.232760702626320040e+02
1.238318500089921343e+02
2.102808068520159779e+01
5.336383315972671681e+01
5.740119756467227092e-14
7.536355011960695566e-12
2.334167657658604824e-09
3.745386966345684358e-09
1.302982707503340620e+01
4.880166694647427471e-09
6.467211848927046924e-01
1.361244572995563562e-01
6.811941685059137719e-02
1.842078935854836743e+02
1.413411625421620240e-13
9.996331010276724555e+03
3.525234988344805309e+00
4.541018009375503151e-01
8.031685305228133398e-01
2.513748562363819161e+01
8.290150129893947284e-02
8.290392445203037530e-01
9.827403343141943637e+00
3.464239059842362245e-01
9.805031187455094666e-02
6.776546717418736876e-02
3.987197308736826873e+00
2.540203104148610169e+00
8.585898503005208460e-03
1.922401036187425802e+02
1.448057798600881974e+01
3.316996684898249059e-02
5.946975958229928638e-01
8.014218721117968292e-01
1.971750195407079020e-01
2.119313062054445496e+01
2.242916437571956345e-13
6.975776432050230992e-11
3.463730246695453729e+02
0.000000000000000000e+00
4.578744169054982649e+01
3.430439779323046423e+01
1.867946562478858823e+02
2.184115158639397536e-01
7.815147327830833657e-01
6.248962765928152407e+01
0.000000000000000000e+00
1.689176807049663460e-11
2.754254354327031606e+01
2.617977521718565026e-10
4.142123999397714362e-01
1.177498145821275190e-10
4.882091501479049337e-04
2.096015164908145850e-02
1.870355496075598589e-01
7.069537527414171436e-17
5.404930475489637398e-02
0.000000000000000000e+00
6.897747338044717402e-01
1.505911734505056832e-01
5.486154417432023145e+00
4.110282000710749450e+00
2.102822378402714421e+01
2.783892050370241598e-15
6.431994931233547830e-15
1.132094322877946668e-10
2.615258161767330725e-10
7.062493542964350686e-14
1.455286652204629359e-03
9.274556607709284143e-04
8.302254393331229146e-04
1.448852671894917399e-01
2.465132286347208618e-03
5.554116032361546690e-02
0.000000000000000000e+00
1.181968000338028153e-13
7.859350240793545791e-13
8.230403398125428309e-04
1.232381376888451704e-13
2.816532947375438414e-13
0.000000000000000000e+00
8.438496036856641270e-13
4.763582553331847935e-02
2.269052688542822448e-04
1.037170294749915683e-03
2.264343365174167368e-04
1.151301386416954529e+02
4.757695561610648660e+00
2.990599504855345203e-01
7.518388607502377141e+00
1.641410084247292067e+00
6.540221756631489747e+00
0.000000000000000000e+00
0.000000000000000000e+00
0.000000000000000000e+00
0.000000000000000000e+00
5.863605286713178089e+01
6.750646210292599392e+01
0.000000000000000000e+00
0.000000000000000000e+00
0.000000000000000000e+00
0.000000000000000000e+00
0.000000000000000000e+00
6.753799631239842081e-03
3.722877196798442864e-03
9.487440999976282964e-04
1.815266064787042759e-03
2.605887885904099952e-03
5.376216566653199691e-03
5.376216566653199691e-03
5.376216566653199691e-03
5.376216566653199691e-03
2.335178945754667196e-02
3.794982358112791161e-06
1.326346135556347172e-02
5.376216566653199691e-03
5.376216566653199691e-03
5.376216566653199691e-03
5.376216566653199691e-03
5.376216566653199691e-03
5.376216566653199691e-03
5.376216566653199691e-03
5.376216566653199691e-03
5.376216566653199691e-03
5.376216566653199691e-03
5.376216566653199691e-03
5.376216566653199691e-03
5.376216566653199691e-03
5.717773419555999964e-04
9.420411206955300182e-03
4.703248135821100177e-03
1.498765032630679922e-02
2.770337121422000162e-04
2.087240296962000101e-04
3.162480333325427655e-04
8.741119295056145200e-04
6.212383637679614115e-03
4.662765841450313212e-03
0.000000000000000000e+00
5.395199422606742831e-03
2.414874270389258306e-03
4.661501840351228027e-03
1.397818005394642522e-03
3.477466351599713124e-03
2.227654991769350071e-02
5.664642177012429135e-03
7.589964716225612816e-06
4.540065383952769998e-03
8.384390953394339416e-03
8.527324862169243305e-03
4.580542961476873759e-02
5.013171695066999042e-03
1.006934325998785603e-03
3.162480333325427655e-04
1.374668513708160976e-02
3.630538087695571394e-04
9.234506722425720501e-05
3.366146869095012952e-03
2.469268521012000193e-03
2.023990590993499574e-05
4.030271264315801218e-03
4.393323911251599267e-01
1.114207167899050090e-02
0.000000000000000000e+00
0.000000000000000000e+00
5.406582383640414630e-03
2.529988238741870656e-06
1.264994119370919446e-06
3.288984710364431345e-05
6.552674503442572872e-04
0.000000000000000000e+00
1.095484907375200018e-03
5.749397776030642365e-03
1.496491022276943495e-03
1.505343002051000019e-04
1.811470585918785849e-03
2.392103879730400531e-03
2.656487650678970711e-05
3.162480333325427655e-04
3.162480333325427655e-04
1.467394171490614581e-03
3.679869879290729746e-03
1.611604990629487500e-03
2.523662771634742948e-03
5.059976477483741313e-06
0.000000000000000000e+00
1.061332548703086340e-03
2.982854147435871298e-03
1.285993170705547126e-02
2.244098574743585549e-03
5.352191608588970952e-03
1.697622108195701723e-03
3.420543105758584897e-03
5.476162025307685331e-03
0.000000000000000000e+00
4.427480410818615368e-03
3.120738009937113703e-03
1.668526746940042840e-03
7.982107928128626476e-03
6.324960666650869404e-04
6.324960666650869404e-04
9.487440999976293806e-04
1.691422892245584078e-02
8.270533041977667921e-03
1.712801541118042425e-03
2.390586333646371395e-02
7.016922380150497976e-03
2.578060994339042601e-03
6.324960666650855309e-04
3.151100847863157715e-03
6.367977417852056267e-03
8.614614918017570854e-04
8.111139314345252802e-03
1.003140336661100061e-03
1.264994119370919446e-06
1.011995295496748601e-05
2.228919191472418168e-02
1.876492028419751712e-02
6.308525176792641881e-03
8.792973130726980391e-03
1.693825636307028483e-03
1.706097817050678325e-02
3.213083077161371301e-03
9.474815884292142262e-04
9.168676880690338968e-03
2.771602612051857727e-03
4.484402663639328566e-03
2.552759622421071645e-03
4.318687440981414452e-03
2.909486474553155913e-05
1.313065385437572246e-03
1.657142296375000074e-04
5.059976477483741313e-06
2.340744572322767114e-02
2.201089767705000143e-04
6.324970596854675794e-06
5.059976477483741313e-06
4.933477065546644307e-05
9.550700636148428064e-04
4.317425425923156722e-03
1.125843773219685397e-03
1.435767332465585563e-03
2.024040242005723073e-05
0.000000000000000000e+00
