1.897392000000000053e+03
4.466355616694332298e+02
6.155950488050597080e+00
1.660067371417454751e+02
1.968785940875510176e+00
1.485576113642944189e-72
7.209854940818208793e-103
6.143662002484305162e+00
6.122902331089466799e+00
6.121636847159049211e+00
6.014913485073705601e+00
6.010660032536124575e+00
6.001014197074497680e+00
5.999692341339722290e+00
5.975230961842907362e+00
5.946184695020946265e+00
5.910748979855896756e+00
6.127316143780514146e+00
6.085175190869399842e+00
6.030920444909944500e+00
5.999377008436985292e+00
5.958480503587368027e+00
5.887282100001414165e+00
5.863006645292105468e+00
5.848663392510434988e+00
5.827234302572311009e+00
5.819417383875769900e+00
1.240597836612165938e+00
7.328846603884848321e+01
1.412500453062067862e+01
3.508416382547324967e-04
1.133041940464413854e-05
0.000000000000000000e+00
0.000000000000000000e+00
5.055639327916215819e+01
1.524429860156278096e+02
0.000000000000000000e+00
8.012950101594608299e+00
1.841642427826392980e+00
7.970132462793075319e+03
3.425088123652249461e+00
3.508530521979773970e-02
1.128651932007322102e+03
7.567831553155983659e-01
1.521331706801358985e+00
1.937584078760344397e+01
3.942512140848314139e+00
2.547122362444096955e-01
8.894988958708478499e-01
2.746388822455043677e+00
1.140870065714848636e+01
1.122023956905160658e+00
1.412875993568063677e+02
4.924725429812847466e+01
1.602291805839886507e+01
5.529829523720653839e+01
4.022509235545962625e+00
1.404380558978134275e+01
5.209570513895924293e+00
1.277003427069548946e+00
2.043719329429993081e+01
5.944252139564494275e-01
1.088112024091665404e+02
1.158423908725177043e+01
4.204464646576986375e+00
4.150628264018978086e+01
3.443664861731923654e+00
3.900600095404372691e+00
6.841913192657457232e-01
7.116751124572098774e+01
7.300541253612146120e-01
9.402897029712915966e+00
2.651895036122251170e+01
1.674039657431276140e+01
8.394353001577967155e-02
1.497720318032879916e-01
8.991275640663054219e+03
1.928972776712809756e+00
2.896393984686099987e+00
3.343942380990098107e-01
3.184287876721997312e-02
3.630395412623104584e-02
2.371189591635668517e-03
0.000000000000000000e+00
4.819290550472538293e+00
0.000000000000000000e+00
0.000000000000000000e+00
1.163101031715497724e+00
0.000000000000000000e+00
1.543587541577407229e+01
0.000000000000000000e+00
6.086128967306764963e-04
2.861786286343166470e-03
5.495566763919534923e-06
8.554544584282547248e+01
8.224010048114285473e-03
7.530679561409426030e-05
4.774153381226404314e+00
1.134959737799956883e-09
2.167869089326595602e-05
3.172459516561990828e-09
1.741839019148870094e+01
8.211119447669540882e-05
3.330866804708511495e+02
7.847901567444679099e-07
3.815875225270373705e-01
5.872278761814796866e+01
1.025009686180751499e-04
2.928573880716274265e-06
3.383879408589972115e+01
3.039217181828062679e-04
1.172565436476173204e+02
1.084759223942970064e-07
1.542402395812246378e-04
2.101406064099922959e-03
4.832319338854359714e+00
3.117405660733640199e-02
1.396296086084776889e-04
2.084905655299966378e-03
6.164961800442858022e-07
9.327170659306116657e-06
2.259936302666960273e+03
4.401257267908120749e-06
5.629439495595933837e-04
1.739761489921837347e+04
5.630825984815835544e-02
5.651381957008280166e-01
1.798745764476550448e+03
5.821727985773934334e-03
3.873419890698034246e-02
3.963156239272519477e-02
2.166656655554723837e-02
1.356331953131778858e-06
4.241107511124762586e-01
4.240616482634474110e-11
9.923197421285735385e-13
1.215508413311551655e-12
1.344528560073921918e-03
1.074633743784797001e-10
5.047194765309519493e-01
6.093349577616695711e+00
2.530149069465596114e-11
2.637838944620563159e-12
1.555673616226255233e-12
2.595816123228360944e-09
2.683877047322907528e-10
1.653964426239830423e-10
9.037369675066332480e-12
3.345288057285235736e-18
9.379448150656471358e-10
1.662262394827482513e-12
3.329406263256256732e-10
1.868485365633681634e-14
4.650374982151914701e-09
4.653706274967197360e-12
5.930310592480570958e-16
4.939048905242046965e-18
6.171061041802106850e-19
1.356825016964546077e-16
4.180774265401123877e-17
1.791498448721586160e-17
0.000000000000000000e+00
3.121382610010057235e+01
5.740353421757453134e+01
2.168406331777283653e-04
3.988409833646387108e-04
4.927314125087852098e-05
2.348872532055017801e-13
4.319788962115362349e-13
0.000000000000000000e+00
1.503375493233468596e+01
2.160542763732554463e-04
2.028681858969179519e+00
2.676695672686527777e-02
1.229131069896679217e-02
9.742877942910737055e-01
6.768316334822212575e-06
1.537980368848238986e-06
7.331524583665903311e-15
4.701978228850010530e-11
1.068441522694956686e-11
5.093241400878270533e-20
1.157349169405933153e-20
5.517062544458605985e-29
2.260113082167835297e-01
4.115528971014854702e-03
1.442317653117753284e+00
5.092681064646537026e-02
3.540900929581620164e-16
5.517847519532654048e-24
2.639657233910765793e-32
1.966718584229696784e-17
2.930284724617533057e-20
1.153206682767732231e-17
3.055759832310167620e-19
0.000000000000000000e+00
9.237994641293062940e-15
6.786348625436478898e-20
7.148067784927456388e-29
1.064972071488333104e-27
1.484563291131558677e-22
2.715232162063477561e-28
0.000000000000000000e+00
1.242239890212537253e-36
5.088148220114147168e-36
0.000000000000000000e+00
7.106391642447417845e-31
1.151298615199601035e-36
5.489427400969746837e-45
2.524674838800009717e-16
5.086335485770891557e-39
1.497160682388751168e-16
9.046243229036615916e-18
0.000000000000000000e+00
2.144757698519919632e-31
1.436151756478070661e-38
2.813380111500480827e-47
5.480484559196553866e-47
4.343531870265480486e-55
1.119531807714445189e-63
8.655669478160667439e-34
4.291623207326206552e-42
1.348963069553637068e-33
1.379668447529419850e-35
0.000000000000000000e+00
5.741131934453902019e+00
3.988371694963577214e-05
4.320258556880798207e-14
3.040828361743700494e-19
0.000000000000000000e+00
9.117858259264234693e-15
2.116895269500443247e-31
6.752741603275999261e-20
1.428852169525526989e-38
7.112720810602537280e-29
2.799335624674916341e-47
1.064039803939263136e-27
0.000000000000000000e+00
1.477046697597464818e-22
1.240995100192496415e-36
4.338683054872078356e-55
5.083751745826011994e-36
0.000000000000000000e+00
7.071513685194464333e-31
1.150189101087507760e-36
5.484279498520674728e-45
1.118453700365332530e-63
2.522777006776763833e-16
8.648462420450401143e-34
4.286400397125935608e-42
5.080075896512199886e-39
1.347376374952689653e-33
1.495481539199415897e-16
9.037629005591897595e-18
0.000000000000000000e+00
1.378334305143254723e-35
0.000000000000000000e+00
1.075997313727400389e-17
0.000000000000000000e+00
1.639144938814639158e-35
0.000000000000000000e+00
2.121760746900448605e-23
0.000000000000000000e+00
6.423805192727051028e-19
1.475390711526682239e-35
4.715709550623212995e-24
9.876710803046910617e-43
4.912732280869582462e-33
1.914395329000010142e-51
7.536725095865889661e-32
0.000000000000000000e+00
1.035632822663471842e-26
8.687319489220949239e-41
3.000608624902687806e-59
3.551389374652344589e-40
0.000000000000000000e+00
4.890585435721089151e-35
8.044616297796919365e-41
3.787095832421870155e-49
7.630461517249239100e-68
1.776215997008397548e-20
6.020773974152630354e-38
2.959776568707705355e-46
3.508988547819634650e-43
9.324891468232430596e-38
1.048639917861866492e-20
6.433092756538970114e-22
0.000000000000000000e+00
9.800470253874404098e-40
0.000000000000000000e+00
1.576118283938521952e-18
0.000000000000000000e+00
1.318528825796788607e-13
2.983621275724506885e-30
3.505409756846842156e-19
7.243082625505291751e-38
3.601652883599595380e-28
1.385581649643918623e-46
4.606728705444361588e-28
0.000000000000000000e+00
7.735684901505917450e-22
5.283395424970607854e-37
1.815773117549723556e-55
2.158548716939914730e-36
0.000000000000000000e+00
3.591459433526249293e-30
4.891220072876462189e-37
2.290822439549347221e-45
4.593581085822916740e-64
1.092494275570616421e-16
3.685197583290342384e-34
1.789056913423984215e-42
2.122161410814105585e-39
5.691170762981872894e-34
6.434947373761843021e-17
2.168976399085270077e-17
0.000000000000000000e+00
3.155939513511343594e-35
0.000000000000000000e+00
1.577511435079825765e-18
0.000000000000000000e+00
1.319672858966513086e-13
2.986244867869043594e-30
3.508505802448674567e-19
7.249559448363408122e-38
3.604875309658664248e-28
1.386836287225282844e-46
4.613287813332596543e-28
0.000000000000000000e+00
7.742486050059448081e-22
5.290982415025058851e-37
1.818403570591609074e-55
2.161652658527447011e-36
0.000000000000000000e+00
3.594667750466136877e-30
4.898247994747458903e-37
2.294144341336542795e-45
4.600300651043244212e-64
1.094049413634605556e-16
3.690486632692770346e-34
1.791652293884779378e-42
2.125238648485082073e-39
5.699375375370437444e-34
6.444136949072766270e-17
2.169119877862200066e-17
0.000000000000000000e+00
3.156155786921783287e-35
0.000000000000000000e+00
2.697537683418401945e-17
0.000000000000000000e+00
3.924090904874973995e-35
0.000000000000000000e+00
8.890418673424186452e-23
0.000000000000000000e+00
2.962602678123674075e-18
6.874460089505270621e-35
1.755126400219675179e-23
3.711662297053583693e-42
2.540448901142461084e-32
9.995074601473115741e-51
2.420175765964944982e-31
0.000000000000000000e+00
3.839431715311902999e-26
3.627598947758448281e-40
1.267737823171434517e-58
1.651055083755382935e-39
0.000000000000000000e+00
2.525528288884382169e-34
3.361864369579594567e-40
2.136424060138850581e-48
4.355233812488490292e-67
1.639240545557235932e-20
5.617807674362052190e-38
1.391366048767479176e-46
1.649083868198526336e-43
3.499851448828877600e-37
3.886484351335046884e-20
1.748553953291769744e-21
0.000000000000000000e+00
2.664006276481333934e-39
0.000000000000000000e+00
4.615389653428799964e-22
0.000000000000000000e+00
4.290028830591786718e-17
9.707651924458436066e-34
9.124481331886348123e-23
1.885353357029009906e-41
1.289055214196794080e-31
4.959113653243508182e-50
1.049798834777417976e-31
0.000000000000000000e+00
2.013576783896130140e-25
1.547991594464690343e-40
5.320094193194877087e-59
7.027116635500534963e-40
0.000000000000000000e+00
1.285413891061285409e-33
1.433095157237022731e-40
8.949275840790127345e-49
1.794517761318937871e-67
7.113192754411700530e-21
2.399419037500202962e-38
5.823955639124516785e-47
6.908317985902903934e-44
1.482127518186675555e-37
1.675826487124538172e-20
4.384659118566318234e-21
0.000000000000000000e+00
6.378345898406853016e-39
0.000000000000000000e+00
6.039914370974196747e-20
0.000000000000000000e+00
1.809880009276976770e-15
4.203578268576570116e-32
1.005927594446232126e-20
2.127150718431629101e-39
1.059220529059564667e-29
4.168039232233108070e-48
1.585161800567494716e-28
0.000000000000000000e+00
2.200589367331967797e-23
1.232151773780186053e-37
4.306731338100566136e-56
7.571910262180316680e-37
0.000000000000000000e+00
1.053257615685737437e-31
1.142106406370866324e-37
5.444366388497458181e-46
1.110034578650400583e-64
5.011458891986506316e-17
1.717620982195238266e-34
1.063734247745872232e-42
1.260567023188444685e-39
1.337539480654761000e-34
4.455120702007532552e-17
8.016704557007437558e-19
0.000000000000000000e+00
1.221149311778474078e-36
0.000000000000000000e+00
7.029116352766638053e-20
0.000000000000000000e+00
1.054272808971530442e-15
2.444241532602552497e-32
3.905105261586016547e-20
8.249427751187924777e-39
1.640789457634457796e-29
6.448050856407769343e-48
7.381393868402250044e-28
0.000000000000000000e+00
8.514618538281681885e-23
8.591846505570942724e-37
2.998368098127199162e-55
1.759520629221916187e-36
0.000000000000000000e+00
1.633470277946315785e-31
7.967926902115243527e-37
1.893184294920481500e-45
3.861657853540588059e-64
8.763227859573524489e-17
2.998832273011148977e-34
1.468458068010208777e-42
1.740328400273106849e-39
1.087141438087780757e-33
1.382028500675493576e-16
6.496965689120196149e-18
0.000000000000000000e+00
9.895603816699126214e-36
0.000000000000000000e+00
6.891826110868287191e-20
0.000000000000000000e+00
1.033272300900115246e-15
2.398580886002556961e-32
3.826766312647047717e-20
8.096051316249312783e-39
1.611811763236275571e-29
6.343561666189111419e-48
7.236234739088439783e-28
0.000000000000000000e+00
8.370869294957065432e-23
8.436965828329172959e-37
2.949582020113588041e-55
1.728313826075348548e-36
0.000000000000000000e+00
1.602695462426327391e-31
7.820485762189321420e-37
1.864163889374850211e-45
3.801064021856744227e-64
8.578215759841846317e-17
2.940265183117709396e-34
1.455879528653189081e-42
1.725447097489771215e-39
1.067930109931741089e-33
1.354940441095234270e-16
6.402907511662616914e-18
0.000000000000000000e+00
9.753857027167932651e-36
0.000000000000000000e+00
7.567298640615355594e-22
0.000000000000000000e+00
7.033852828290443245e-17
1.591630464517114896e-33
1.496041474052901653e-22
3.091174200132216401e-41
2.113486021290396863e-31
8.130737304324886846e-50
1.721246187067213127e-31
0.000000000000000000e+00
3.301454935783562270e-25
2.538035029911580523e-40
8.722591579801776296e-59
1.152147218404247402e-39
0.000000000000000000e+00
2.107531589282322608e-33
2.349667061176913015e-40
1.467281692329714256e-48
2.942170888631163122e-67
1.166276772776729134e-20
3.934033929853226882e-38
9.548216499348269850e-47
1.132600628642887747e-43
2.429929456520044082e-37
2.747533380709347337e-20
7.189088402068232396e-21
0.000000000000000000e+00
1.045797910707284043e-38
0.000000000000000000e+00
7.361369585044761389e-21
0.000000000000000000e+00
2.453070136230667402e-16
5.692129510768884438e-33
1.453265233882472360e-21
3.073297163738319087e-40
2.103519547371288088e-30
8.276027067804145924e-49
2.003934282628005674e-29
0.000000000000000000e+00
3.179094971688522016e-24
3.003693057526956096e-38
1.049700617258784255e-56
1.367092175909064320e-37
0.000000000000000000e+00
2.091164840778430857e-32
2.783661415491836665e-38
1.768981938831118140e-46
3.606177860342501720e-65
1.357310363895820981e-18
4.651608273028486981e-36
1.152065827065247174e-44
1.365459029746843263e-41
2.897915340732817834e-35
3.218054096502965732e-18
1.447824002805670038e-19
0.000000000000000000e+00
2.205830094003871031e-37
0.000000000000000000e+00
5.488713116784850166e-19
0.000000000000000000e+00
1.644655986096629109e-14
3.819910694853822927e-31
9.141249675645200680e-20
1.932962810662522280e-38
9.625403704776532331e-29
3.787571786166923303e-47
1.440501723954444172e-27
0.000000000000000000e+00
1.999772805059284869e-22
1.119691628851476575e-36
3.913605560316555593e-55
6.880839365791949098e-36
0.000000000000000000e+00
9.571292935774021330e-31
1.037869764755751278e-36
4.947418041702480123e-45
1.008701654567495931e-63
4.554135019991033996e-16
1.560862388600742690e-33
9.666406574142321197e-42
1.145501296331316299e-38
1.215455588842059709e-33
4.048539954834950991e-16
7.285188855280428136e-18
0.000000000000000000e+00
1.109716531047152275e-35
0.000000000000000000e+00
6.956818717961209479e-19
0.000000000000000000e+00
1.043432038269414877e-14
2.419086643918741317e-31
3.864954714562332413e-19
8.164524834362905952e-38
1.623891406808850202e-28
6.381578360398615701e-47
7.305480998099187139e-27
0.000000000000000000e+00
8.426882994987284539e-22
8.503383692764342658e-36
2.967459549213806754e-54
1.741400993448152310e-35
0.000000000000000000e+00
1.616661279239124526e-30
7.885915120548773162e-36
1.873655823871283342e-44
3.821834207242451675e-63
8.673192429487672891e-16
2.967987914201794793e-33
1.453239884039807759e-41
1.722292521634503742e-38
1.075945198551791012e-32
1.367814357650227356e-15
6.430226801814758537e-17
0.000000000000000000e+00
9.793950888063711895e-35
0.000000000000000000e+00
0.000000000000000000e+00
0.000000000000000000e+00
0.000000000000000000e+00
0.000000000000000000e+00
0.000000000000000000e+00
0.000000000000000000e+00
0.000000000000000000e+00
0.000000000000000000e+00
0.000000000000000000e+00
0.000000000000000000e+00
0.000000000000000000e+00
0.000000000000000000e+00
0.000000000000000000e+00
0.000000000000000000e+00
0.000000000000000000e+00
0.000000000000000000e+00
0.000000000000000000e+00
0.000000000000000000e+00
0.000000000000000000e+00
0.000000000000000000e+00
0.000000000000000000e+00
0.000000000000000000e+00
0.000000000000000000e+00
0.000000000000000000e+00
0.000000000000000000e+00
0.000000000000000000e+00
0.000000000000000000e+00
0.000000000000000000e+00
0.000000000000000000e+00
1.558098887810401845e+00
7.183296926008113110e-05
5.495179048488389562e+00
7.468772607757324522e+01
8.452400205556381829e-02
1.553429056191638624e+00
2.533829370212817977e+01
2.810232899028437814e-02
1.520611102853388097e+01
4.062082043457092340e+00
5.372852676305077993e-11
3.968276970473488152e+00
3.100637375967935886e-10
1.470101501422163169e-11
0.000000000000000000e+00
0.000000000000000000e+00
1.599148427179571645e-12
4.200439725023545796e-03
6.717121977220128191e-17
1.563459243167804935e+01
1.656025031003775894e+03
1.940809095237277182e+00
0.000000000000000000e+00
2.248369595917462860e+01
1.223017165361488745e+00
1.891968512825242366e+00
3.479778376262380318e-02
1.001524395646404553e-01
4.548363726101752036e+02
1.194582298327135845e+02
3.137512915755979748e+02
1.453710437234227558e-11
7.418309245019606202e+00
1.335298100490147704e+02
1.183680307858122660e+02
2.177141963968582061e+01
5.525357378607014169e+01
1.118220144376658368e-13
1.750099544447740825e-11
1.126361772530393524e-09
1.928468299612330159e-09
2.067475300086412560e+01
3.981561202373708526e-09
6.467211984805448788e-01
1.920916837717668857e-01
9.607133907690056096e-02
2.693420438397924386e+02
2.137082430715149739e-13
9.996373321202072475e+03
3.485456157905026497e+00
4.719651915084139282e-01
7.956319799244268021e-01
2.516066774492920288e+01
8.123045454748581418e-02
8.123449763469388074e-01
9.661890614727408177e+00
3.367401024339283788e-01
8.018216938829687834e-02
9.800746365574372621e-02
3.472181913176331403e+00
3.044537333672447055e+00
8.411935517614536895e-03
1.956378375359492736e+02
1.443505400265889804e+01
4.712953403660941759e-02
4.571317206590070903e-01
6.478049308496079961e-01
2.153616272021634526e-01
2.184237866591744748e+01
3.491810499866191851e-13
1.064318077563290943e-10
3.424918767621618372e+02
0.000000000000000000e+00
3.227938885220273590e+01
2.837676719840964878e+01
2.023245397347654944e+02
2.559010964222512841e-01
9.065972630393664966e-01
6.930423301620581356e+01
0.000000000000000000e+00
1.136045597496571637e-11
2.797878496526414338e+01
1.245882303498605174e-10
3.546849677714620230e-01
4.720053152676118858e-11
2.892946940554663639e-04
1.554650680168547308e-02
2.249502264975081212e-01
1.011222307667742516e-16
5.057290431584187534e-02
0.000000000000000000e+00
7.592145266445974316e-01
1.994001958624296023e-01
5.063842677942455239e+00
4.451619961986761354e+00
2.177153623316190334e+01
5.615714054658756082e-15
1.357275896158578976e-14
5.655771777520095459e-11
1.366816808105314577e-10
1.087173070953666587e-13
1.495466857956753368e-03
8.930702992764290912e-04
8.137250083482249494e-04
1.444764820027168439e-01
1.856737889455725233e-03
4.624346597000358189e-02
0.000000000000000000e+00
4.740189842408153563e-14
3.739230445041846258e-13
9.449034565985932202e-04
5.428635551893563855e-14
3.749227050132084530e-13
0.000000000000000000e+00
2.123171326576194361e-12
5.300551421232214955e-02
2.809255255348054093e-04
1.161590156873826534e-03
3.050801217835386568e-04
1.155947193669091604e+02
4.085015270657716968e+00
3.578675049742819358e-01
8.138522109338664379e+00
2.137504248905956583e+00
7.672759445122004252e+00
0.000000000000000000e+00
0.000000000000000000e+00
0.000000000000000000e+00
0.000000000000000000e+00
5.850962858133831190e+01
6.763288638872464276e+01
0.000000000000000000e+00
0.000000000000000000e+00
0.000000000000000000e+00
0.000000000000000000e+00
0.000000000000000000e+00
7.070047664572384413e-03
2.774133096800814567e-03
6.324960666650855309e-04
1.815266064787042759e-03
2.922135919236642718e-03
5.376216566653199691e-03
5.376216566653199691e-03
5.376216566653199691e-03
5.376216566653199691e-03
2.398428552421175489e-02
3.794982358112791161e-06
1.294721332223093026e-02
5.376216566653199691e-03
5.376216566653199691e-03
5.376216566653199691e-03
5.376216566653199691e-03
5.376216566653199691e-03
5.376216566653199691e-03
5.376216566653199691e-03
5.376216566653199691e-03
5.376216566653199691e-03
5.376216566653199691e-03
5.376216566653199691e-03
5.376216566653199691e-03
5.376216566653199691e-03
5.717773419555999964e-04
9.420411206955300182e-03
4.703248135821100177e-03
1.498765032630679922e-02
2.770337121422000162e-04
2.087240296962000101e-04
1.361133672443100382e-03
2.139104062835785365e-03
8.742367904339956239e-03
2.132781574789971955e-03
3.162480333325427655e-04
4.130207289276571769e-03
2.098626237056715974e-03
2.764013640355971000e-03
1.397818005394642522e-03
1.896226184937000597e-03
2.765276648434673162e-02
3.134657910352087445e-03
7.589964716225611122e-06
5.488809483950398728e-03
1.597434375337536058e-02
8.211076828836700106e-03
3.695048468145753495e-02
6.278163828397170104e-03
5.819022600115726564e-05
0.000000000000000000e+00
1.216544497041889723e-02
1.264992133330171062e-03
9.234506722425720501e-05
2.417402769097384222e-03
1.836772454346914663e-03
2.023990590993499574e-05
4.030271264315801218e-03
4.266824697918582543e-01
2.284324891229459059e-02
1.264994119370919446e-06
0.000000000000000000e+00
5.406582383640414630e-03
2.529988238741870656e-06
1.264994119370919446e-06
3.288984710364429312e-05
9.715154836768000526e-04
0.000000000000000000e+00
4.629888407101145410e-04
5.116901709365556834e-03
5.923963488932541994e-03
1.505343002051000019e-04
1.495222552586243083e-03
2.392103879730400531e-03
0.000000000000000000e+00
1.897491179056000397e-04
0.000000000000000000e+00
1.783642204823157346e-03
3.679869879290730179e-03
3.825341223957286641e-03
2.839910804967285714e-03
5.059976477483741313e-06
0.000000000000000000e+00
2.958820748698342933e-03
2.034110047438243002e-03
1.317617974038801446e-02
9.791064414134144876e-04
4.403447508591344824e-03
2.962614241525872785e-03
4.053039172423671295e-03
9.587386458630740849e-03
3.162480333325427655e-04
6.641216644146414293e-03
1.855745876606942641e-03
1.984774780272585606e-03
4.503379561470657357e-03
6.324960666650860730e-04
1.264992133330171712e-03
1.004406323800815810e-03
1.058926825580498374e-02
1.269800550863326924e-02
3.610289741113299235e-03
2.548710350312642994e-02
7.649418446815583507e-03
3.843053127669213663e-03
1.420587403033085486e-03
3.151100847863157715e-03
7.632969551182227329e-03
8.614614918017570854e-04
5.264907014352370948e-03
1.951884436658728357e-03
1.264994119370919446e-06
1.011995295496748601e-05
2.039170371472892596e-02
1.686743208420225792e-02
3.778540910132300191e-03
6.262988864066640869e-03
1.061329569641942736e-03
1.800972227050441285e-02
1.315594877166114491e-03
1.579977655094299974e-03
1.169866114735068283e-02
3.720346712049486023e-03
1.954418396978986009e-03
3.817751755751242707e-03
3.686191374316328487e-03
2.909486474553155913e-05
6.805693187724860642e-04
4.819622629700427729e-04
5.059976477483741313e-06
2.182620555656495515e-02
3.162480333325427655e-04
6.324970596854693582e-06
5.059976477483741313e-06
0.000000000000000000e+00
3.225739969497572754e-04
9.061145925911300372e-03
1.758339839884770928e-03
8.032712658005000325e-04
3.364884357525999318e-04
0.000000000000000000e+00
