1.897392000000000053e+03
3.264637096137958565e+02
5.427652742430288058e+00
2.537296452400494786e+02
7.595798047114557527e-02
4.651873840031857604e-75
8.471896361631972205e-102
5.432005579250185789e+00
5.439462050607605015e+00
5.439916969628213472e+00
5.475046198023604482e+00
5.476440063904562727e+00
5.479563782297434571e+00
5.479991133040428508e+00
5.487599938656806842e+00
5.496244030921123347e+00
5.506700550415514428e+00
5.437878213935909422e+00
5.452760343258465703e+00
5.470396652171632290e+00
5.479949920451873346e+00
5.491319482518126627e+00
5.513667324818531945e+00
5.522083995078590490e+00
5.527482900772016983e+00
5.537063216661927356e+00
5.540816551386662070e+00
7.473662314577945720e-01
6.376321661002969421e+01
1.324376372263539281e+01
2.679673641070938993e-04
1.283439732365268719e-05
0.000000000000000000e+00
0.000000000000000000e+00
4.613292479655315503e+01
1.526567061836152561e+02
0.000000000000000000e+00
7.342511760698442025e+00
1.058248415364100969e+00
7.970206817879843584e+03
3.461700114012515428e+00
3.536997117398880258e-02
1.128697705658408040e+03
7.866058790103865883e-01
1.526944524005393156e+00
1.953509253715191107e+01
3.969441737155137595e+00
2.546870530542402200e-01
8.896053608528864398e-01
2.746813128045566987e+00
1.140871485947282693e+01
1.121908585466623753e+00
1.412891010364064925e+02
4.924381877032611499e+01
1.602233650446800439e+01
5.529829541219096001e+01
4.022392531464405785e+00
1.404334537923764081e+01
5.210817235463794717e+00
1.276930779165611263e+00
2.043251734553458121e+01
5.946254006989738494e-01
1.088107925697828762e+02
1.158718312263416728e+01
4.204414296917340366e+00
4.151337877372827023e+01
3.443669253773876893e+00
3.900599634552487593e+00
6.841911853067336180e-01
7.116751142175925793e+01
7.300539731066442162e-01
9.402896835640479622e+00
2.651895040162543893e+01
1.674039651828082853e+01
8.392040054872447474e-02
1.497720318032879916e-01
8.991731388684849662e+03
1.948502540232441405e+00
2.895025715635412222e+00
3.355264104188498409e-01
3.183374912970571985e-02
3.629440401915078052e-02
2.369988587069190959e-03
0.000000000000000000e+00
5.085437754412802214e+00
0.000000000000000000e+00
0.000000000000000000e+00
7.595432419762283560e-01
0.000000000000000000e+00
1.561356478491882172e+01
0.000000000000000000e+00
5.987093673777784840e-04
2.861883830405986557e-03
5.401964866446218163e-06
8.707636193276721315e+01
8.232125966637885914e-03
1.327108264713596061e-04
4.873642390798188728e+00
2.041764728236074119e-09
3.715334417017617229e-05
5.499591297755153445e-09
9.882494609646661488e+00
8.209756501224133615e-05
3.343734636349582843e+02
1.388339765807890758e-06
4.035261121635449477e-01
6.305377322134049223e+01
1.080951529664741373e-04
2.899878215570969062e-06
3.612735623007843344e+01
3.212914883566915362e-04
1.193988382822184775e+02
1.093746296138976263e-07
1.339618518542129422e-04
1.805478307056299558e-03
5.159515293012580273e+00
2.850834839365958689e-02
1.030696087086498358e-04
1.621216988234450195e-03
3.358902851066861293e-07
5.243154626124624369e-06
2.259977061466645864e+03
2.397911311032687002e-06
1.959396979296443167e-04
1.751104525259212824e+04
1.972586580150323746e-02
1.964159202254201486e-01
1.788160478616707678e+03
2.014330121570277222e-03
1.379768904537000823e-02
1.371961525647061482e-02
1.413000511314078111e-01
3.061905252217949897e-06
3.744071470700914839e-01
9.884864283789190789e-11
1.599670048531861463e-12
1.944554072178673691e-12
5.239419546731770901e-04
9.584449312684828041e-11
1.102056781210626890e-01
6.086629176890077986e+00
1.786736629663483248e-11
2.471460135511899803e-12
1.839668576373532156e-12
1.966887301085569487e-09
2.647799760091004615e-10
2.067094080038517894e-10
2.610255537251201273e-12
9.838670814066204729e-19
2.883809981965927701e-10
5.306763654630902385e-13
1.062832535713351007e-10
1.653974924208596511e-14
3.615620764980949582e-09
3.632475253897404003e-12
5.166606591814499965e-16
4.907591314050483470e-18
6.132203997813950274e-19
3.204948824081205971e-16
4.061277057720098488e-17
1.318912622689812064e-17
0.000000000000000000e+00
3.479864703974592999e+01
7.073304093616287958e+01
2.023944257036342908e-04
4.114762621223650753e-04
4.903284328165689334e-05
2.178776316493315860e-13
4.428975412226448638e-13
0.000000000000000000e+00
1.298236345981870343e+01
2.160542530290112382e-04
2.026333124863991753e+00
2.262821421885742243e-02
1.544488584442856374e-02
1.210921781348777593e+00
7.042935760353134030e-06
1.706247736958445959e-06
7.581632479778106488e-15
4.096358353954615185e-11
9.923989667066239143e-12
4.409678661737155200e-20
1.068305106464005797e-20
4.746964064725156769e-29
1.685406517940836457e-01
4.105996054864521558e-03
1.256484056235555036e+00
7.188320386965638131e-02
2.849658705605360400e-16
4.818897960405593033e-24
2.162476131992798539e-32
1.958583380052840479e-17
6.923251170331796589e-20
1.168828713493691949e-17
2.314747623622093762e-19
0.000000000000000000e+00
8.147871653422550448e-15
5.447915115908532570e-20
5.335907207179621898e-29
8.754961464952244635e-28
1.441144709336255896e-22
2.360698747852109718e-28
0.000000000000000000e+00
1.014850914647785676e-36
3.920853931878121194e-36
0.000000000000000000e+00
6.477964039715892234e-31
9.472676750929137100e-37
4.203699239618250507e-45
2.176338474707240611e-16
3.224993307924230191e-38
1.549984023211775054e-16
5.166233597304716266e-18
0.000000000000000000e+00
1.585482272595174609e-31
1.153041801503180982e-38
2.131305093093181344e-47
4.632685967318402070e-47
3.502383838848249258e-55
8.336567843312952917e-64
7.825473734613655041e-34
2.395936609392289832e-41
1.386174174872517895e-33
5.458109619445094224e-36
0.000000000000000000e+00
7.074603143377364844e+00
4.114757768312638257e-05
4.429490128708467869e-14
2.302217605024585522e-19
0.000000000000000000e+00
8.029234331213683529e-15
1.562405229211953397e-31
5.418093513900626205e-20
1.146589397586025872e-38
5.306676050635604185e-29
2.119532775738881935e-47
8.747510987482866277e-28
0.000000000000000000e+00
1.433064951856965768e-22
1.013858488323796695e-36
3.498604761562197778e-55
3.917519743537865621e-36
0.000000000000000000e+00
6.442671614175852395e-31
9.463810852460578453e-37
4.199794112464446181e-45
8.328692764603839389e-64
2.174653733193206801e-16
7.818822348864434674e-34
2.393378978142223784e-41
3.221402582172694477e-38
1.384596137218735697e-33
1.548218925112008375e-16
5.160735657665867606e-18
0.000000000000000000e+00
5.451553663582440801e-36
0.000000000000000000e+00
6.124218633081504500e-18
0.000000000000000000e+00
6.401474696478614472e-36
0.000000000000000000e+00
1.617026045878650726e-23
0.000000000000000000e+00
5.670170234465656451e-19
1.091464651783241279e-35
3.801944151691148447e-24
7.959840642566235664e-43
3.685915100770747845e-33
1.456777175387218335e-51
6.236225687806405325e-32
0.000000000000000000e+00
1.007363162094821949e-26
7.143631760571127690e-41
2.437270939702091729e-59
2.760312358720792775e-40
0.000000000000000000e+00
4.476252319816190455e-35
6.666316756369594374e-41
2.925150878813185422e-49
5.737299195216901009e-68
1.535981661160443144e-20
5.459569550614839084e-38
1.691994874867527115e-45
2.263976950146658355e-42
9.616019253472792010e-38
1.085623022892811596e-20
3.639350876042841304e-22
0.000000000000000000e+00
3.797012737568359563e-40
0.000000000000000000e+00
1.340341664439360768e-18
0.000000000000000000e+00
1.291426843868602551e-13
2.447888226163917748e-30
3.147041947950114685e-19
6.495581442447244708e-38
3.011301441769866805e-28
1.173721955069853833e-46
4.150147958456560966e-28
0.000000000000000000e+00
8.355069350119766096e-22
4.730525270004131637e-37
1.606396719508941792e-55
1.828248472134396811e-36
0.000000000000000000e+00
3.659471866658402469e-30
4.414221760555696494e-37
1.928275047466603208e-45
3.765540640852937389e-64
1.027604528867937340e-16
3.634301670328318265e-34
1.121790213093513627e-41
1.496740230159876427e-38
6.378948903157044287e-34
7.235844139974702856e-17
1.079210131724572325e-17
0.000000000000000000e+00
9.300469944830857377e-36
0.000000000000000000e+00
1.341526381875530397e-18
0.000000000000000000e+00
1.292554547057164245e-13
2.450055348947361070e-30
3.149826968255496557e-19
6.501405128717321380e-38
3.013998880075260454e-28
1.174786964299702009e-46
4.156050907203719140e-28
0.000000000000000000e+00
8.362448952252534623e-22
4.737310931300271534e-37
1.608720018390990533e-55
1.830870705115039486e-36
0.000000000000000000e+00
3.662748264694586503e-30
4.420554782876813009e-37
1.931063914435851906e-45
3.771030176736097257e-64
1.029068948243225468e-16
3.639524450990524353e-34
1.123395661694114714e-41
1.498891862945601418e-38
6.388157505275290902e-34
7.246213416195703975e-17
1.079294202362806206e-17
0.000000000000000000e+00
9.301322181067588320e-36
0.000000000000000000e+00
1.344635460016105074e-17
0.000000000000000000e+00
1.157216584773854028e-35
0.000000000000000000e+00
6.981679422128228886e-23
0.000000000000000000e+00
2.705622627189780424e-18
5.261609204513154548e-35
1.460612903803817435e-23
3.088987428242266012e-42
1.965795654761460169e-32
7.848592840787552052e-51
2.063804530119371039e-31
0.000000000000000000e+00
3.863377890684583279e-26
3.073996303430707032e-40
1.060322957745019832e-58
1.319751833993941732e-39
0.000000000000000000e+00
2.386336797855207732e-34
2.869178685746954209e-40
1.696991476751140097e-48
3.363969248856998008e-67
1.465508970666670278e-20
5.267283170984135189e-38
8.062663022092184459e-46
1.085076746964944913e-42
3.730429828074008786e-37
4.172496164418405234e-20
1.031786023350779655e-21
0.000000000000000000e+00
1.078183041180614508e-39
0.000000000000000000e+00
4.071603227803471837e-22
0.000000000000000000e+00
4.358836611065464345e-17
8.262127881705332139e-34
8.497720390297774175e-23
1.753951193502557437e-41
1.118031130604849754e-31
4.357796988087907094e-50
9.810875444718748738e-32
0.000000000000000000e+00
2.256056793515116790e-25
1.437788574017961061e-40
4.882480981079952325e-59
6.174203110343744503e-40
0.000000000000000000e+00
1.358690782787983463e-33
1.341659576193217491e-40
7.814396958160537918e-49
1.525995993333953001e-67
6.940680362977600253e-21
2.454689457325490780e-38
3.788215262589609886e-46
5.054395179429913702e-43
1.723303004740877020e-37
1.954799062694735667e-20
2.267245570331809002e-21
0.000000000000000000e+00
1.951210442384809888e-39
0.000000000000000000e+00
3.532786696149285696e-20
0.000000000000000000e+00
1.231171264483909461e-15
2.396628151098857203e-32
6.235189243224282221e-21
1.318657445438093223e-39
6.105124372470253134e-30
2.438011335201485576e-48
1.006775650488763055e-28
0.000000000000000000e+00
1.649327775924641103e-23
7.776871444187591217e-38
2.683034213343833936e-56
4.507986480999097050e-37
0.000000000000000000e+00
7.413160458490689444e-32
7.260078567636613714e-38
3.221116880624522339e-46
6.386389613506277601e-65
3.337167347073449532e-17
1.199584834475792527e-34
4.590227595449527518e-42
6.177034053564130461e-39
1.061897252199127908e-34
3.562787632167809528e-17
3.524013189798978339e-19
0.000000000000000000e+00
3.682416399676657818e-37
0.000000000000000000e+00
5.252543878186620751e-20
0.000000000000000000e+00
9.155749993716747469e-16
1.779090494412632234e-32
3.091654596033056943e-20
6.531439216261332515e-39
1.208011843392876969e-29
4.817521708015317832e-48
5.989449270806719865e-28
0.000000000000000000e+00
8.148314239491525119e-23
6.928231407680220626e-37
2.386789097348987965e-55
1.338701688894452740e-36
0.000000000000000000e+00
1.468397782998880793e-31
6.471551765830652447e-37
1.431417011561082883e-45
2.839714429231110085e-64
7.451737559683702983e-17
2.674423070070412604e-34
8.114470744633483028e-42
1.091287230414073861e-38
1.102602172975740207e-33
1.410777585009359303e-16
3.641215606674314940e-18
0.000000000000000000e+00
3.798526832470280020e-36
0.000000000000000000e+00
4.940023358666328761e-20
0.000000000000000000e+00
8.613982796436541435e-16
1.675932208882852138e-32
2.906881075168263894e-20
6.150640886859128206e-39
1.138501295064320175e-29
4.547250623352931635e-48
5.632221341767915258e-28
0.000000000000000000e+00
7.688764331856984885e-23
6.525814222950842293e-37
2.251875560282973666e-55
1.260964235583563117e-36
0.000000000000000000e+00
1.382396396706589168e-31
6.092210797384848290e-37
1.351593634369330509e-45
2.679935824724610689e-64
7.000467807701156906e-17
2.516557065636173008e-34
7.698263549370750731e-42
1.036081733987747834e-38
1.039021636755196948e-33
1.327924877017331856e-16
3.449554844493032021e-18
0.000000000000000000e+00
3.605061361068876318e-36
0.000000000000000000e+00
7.416376051927081153e-22
0.000000000000000000e+00
7.939534615603475253e-17
1.504912240958403318e-33
1.547857285038801365e-22
3.194780289917934605e-41
2.036456234973210837e-31
7.937538331196486875e-50
1.787059772825483045e-31
0.000000000000000000e+00
4.109407836450559192e-25
2.618897477248975536e-40
8.893272220373747224e-59
1.124623346038053510e-39
0.000000000000000000e+00
2.474825915612264814e-33
2.443815110416894084e-40
1.423365665287791329e-48
2.779517744413607896e-67
1.264247738932324460e-20
4.471173669529140252e-38
6.899872046298109479e-46
9.206039437505178756e-43
3.138793043840562117e-37
3.560472986154891387e-20
4.129768528620894063e-21
0.000000000000000000e+00
3.554087279862416058e-39
0.000000000000000000e+00
6.422338898534303182e-21
0.000000000000000000e+00
2.488860584424932993e-16
4.840069071085954603e-33
1.343595329552266501e-21
2.841509413132161078e-40
1.808303564169839436e-30
7.219789495248412424e-49
1.898462557345022351e-29
0.000000000000000000e+00
3.553862003081690802e-24
2.827720852182379610e-38
9.753738322383973430e-57
1.214018938873356621e-37
0.000000000000000000e+00
2.195152177444217901e-32
2.639312038854584798e-38
1.561034686936873130e-46
3.094458497071818607e-65
1.348099012580371498e-18
4.845289853847314957e-36
7.416716668213398342e-44
9.981448367527424872e-41
3.431562278708614758e-35
3.838213559289337795e-18
9.491239954032440241e-20
0.000000000000000000e+00
9.918034923731572141e-38
0.000000000000000000e+00
3.210385230353639245e-19
0.000000000000000000e+00
1.118772240678913165e-14
2.177873463334841188e-31
5.666145894510117468e-20
1.198274547794110918e-38
5.547873681669918690e-29
2.215461270711028759e-47
9.148984337667508342e-28
0.000000000000000000e+00
1.498811284336785876e-22
7.067066635285462807e-37
2.438124591030370575e-55
4.096560584478722484e-36
0.000000000000000000e+00
6.736566521264513315e-31
6.597476651927296098e-37
2.927106911979000837e-45
5.803405327163265924e-64
3.032622384513942196e-16
1.090101164693691748e-33
4.171315375528725820e-41
5.613252120548435351e-38
9.649735372535415371e-34
3.237624182518104433e-16
3.202406547318318313e-18
0.000000000000000000e+00
3.346305255511648204e-36
0.000000000000000000e+00
5.198504811590223796e-19
0.000000000000000000e+00
9.061532006347184290e-15
1.760766982290403899e-31
3.059853655734110999e-19
6.464185811655586500e-38
1.195566123840445574e-28
4.767837887646782410e-47
5.927835997678266690e-27
0.000000000000000000e+00
8.064297417301326063e-22
6.856880058449925618e-36
2.362181250653994267e-54
1.324914931517348282e-35
0.000000000000000000e+00
1.453280555838732953e-30
6.404929106051582485e-36
1.416651028209369321e-44
2.810431441916377186e-63
7.375131208217639560e-16
2.646898839838776349e-33
8.030494962734085761e-41
1.079987934064485643e-37
1.091243471170004547e-32
1.396255215382961605e-15
3.603772779157332447e-17
0.000000000000000000e+00
3.759456780313293449e-35
0.000000000000000000e+00
0.000000000000000000e+00
0.000000000000000000e+00
0.000000000000000000e+00
0.000000000000000000e+00
0.000000000000000000e+00
0.000000000000000000e+00
0.000000000000000000e+00
0.000000000000000000e+00
0.000000000000000000e+00
0.000000000000000000e+00
0.000000000000000000e+00
0.000000000000000000e+00
0.000000000000000000e+00
0.000000000000000000e+00
0.000000000000000000e+00
0.000000000000000000e+00
0.000000000000000000e+00
0.000000000000000000e+00
0.000000000000000000e+00
0.000000000000000000e+00
0.000000000000000000e+00
0.000000000000000000e+00
0.000000000000000000e+00
0.000000000000000000e+00
0.000000000000000000e+00
0.000000000000000000e+00
0.000000000000000000e+00
0.000000000000000000e+00
0.000000000000000000e+00
1.562578258789476759e+00
7.183297559039236561e-05
6.196813726618846552e+00
8.107817220191613217e+01
8.768280856475615948e-02
1.779788584706085031e+00
1.957148351132337183e+01
3.007386360321261803e-02
1.398679139506097258e+01
4.005247370033989007e+00
9.139804828430324310e-11
3.756631066183403700e+00
4.231850090473623673e-10
2.562007604670658823e-11
0.000000000000000000e+00
0.000000000000000000e+00
1.092163041781997174e-12
4.200439737654305949e-03
4.587562117573788427e-17
1.749641259833864382e+01
1.839771246097851190e+03
1.921969609966616810e+00
0.000000000000000000e+00
2.590692716317819233e+01
1.275677517128741112e+00
2.199582273686470302e+00
2.670195375118519440e-02
1.001543142184447288e-01
3.743600697120788254e+02
1.218153428316176274e+02
3.961926583709310989e+02
1.318525875290932183e-11
8.199206482848914845e+00
1.475864189782525386e+02
1.157645843324230981e+02
2.353526519995681099e+01
5.972992305106475897e+01
9.473580873792727986e-14
1.370244148687579002e-11
1.196341222519896841e-09
2.231488042682787095e-09
2.589571978334345559e+01
5.582086458811428368e-09
6.467211821224657653e-01
2.319071893004499563e-01
1.161502862927218521e-01
2.341288709988997994e+02
1.458769389147051858e-13
9.996282117043107064e+03
3.540988002098689247e+00
4.471076544460871882e-01
8.498269633069334139e-01
2.687846906977503281e+01
1.018235766447203039e-01
1.018276410886026051e+00
1.111074562985259995e+01
3.934150357940477405e-01
9.568510788359514685e-02
9.868082821050942754e-02
3.442362448076386361e+00
3.197275720883665961e+00
1.054770146851594266e-02
1.701178019485330992e+02
1.574457124583610756e+01
3.996992328491943969e-02
5.063473334411791038e-01
8.235016181671074298e-01
2.023061683633493313e-01
2.107111351785261277e+01
2.300735449597836285e-13
6.992216062323493729e-11
3.398687346319683229e+02
0.000000000000000000e+00
2.496448050794690232e+01
2.484218681454868616e+01
2.236349413487817230e+02
1.511152116523285238e-01
6.776115067747670029e-01
6.338565124185576849e+01
0.000000000000000000e+00
1.703801279025270078e-11
2.483835573790749862e+01
1.926917749537787301e-10
3.448764136873456176e-01
7.999086466096497025e-11
4.752040543838102391e-04
1.782605249743903289e-02
2.593484213336492705e-01
7.672614567387180185e-17
5.604591368916393007e-02
0.000000000000000000e+00
6.248952178209316033e-01
2.033383620059756869e-01
4.945367807614089450e+00
4.921135427019742714e+00
2.353539274358493216e+01
5.142564772030219936e-15
1.270869074262327420e-14
6.494112511135908083e-11
1.604625877620033636e-10
7.108496286687517323e-14
1.439275088492076573e-03
1.114448635296473285e-03
1.019771881444986924e-03
1.574787588856954024e-01
2.578001849971423010e-03
5.661654812344344562e-02
0.000000000000000000e+00
8.032478631293887613e-14
5.785074231916686294e-13
6.994435430918017867e-04
9.328258126940387857e-14
2.977065367355860292e-13
0.000000000000000000e+00
1.836619111843404180e-12
4.558238418771996814e-02
2.077618402945882975e-04
7.070696909345547442e-04
2.300776862236947838e-04
1.121676555552287908e+02
3.858702554239950011e+00
4.836729240814516273e-01
9.053345493276292899e+00
2.945917013403651197e+00
4.535084879619948772e+00
0.000000000000000000e+00
0.000000000000000000e+00
0.000000000000000000e+00
0.000000000000000000e+00
5.945463654264531073e+01
6.668787842741289751e+01
0.000000000000000000e+00
0.000000000000000000e+00
0.000000000000000000e+00
0.000000000000000000e+00
0.000000000000000000e+00
6.121303564574756551e-03
5.304117363461156691e-03
0.000000000000000000e+00
1.499018031454499994e-03
1.657143785906471656e-03
5.376216566653199691e-03
5.376216566653199691e-03
5.376216566653199691e-03
5.376216566653199691e-03
2.208679732421649916e-02
3.794982358112791161e-06
1.674218972222144344e-02
5.376216566653199691e-03
5.376216566653199691e-03
5.376216566653199691e-03
5.376216566653199691e-03
5.376216566653199691e-03
5.376216566653199691e-03
5.376216566653199691e-03
5.376216566653199691e-03
5.376216566653199691e-03
5.376216566653199691e-03
5.376216566653199691e-03
5.376216566653199691e-03
5.376216566653199691e-03
5.717773419555999964e-04
9.420411206955300182e-03
4.703248135821100177e-03
1.498765032630679922e-02
2.770337121422000162e-04
2.087240296962000101e-04
6.324960666650855309e-04
5.578638961730717546e-04
4.631143471016900721e-03
2.765277641455057486e-03
6.324960666650855309e-04
6.343943522604371561e-03
1.466130170391628709e-03
5.293997907016314425e-03
7.653219387295570999e-04
6.324960666650855309e-04
3.208023895100232947e-02
4.715898077014800405e-03
7.589964716225612816e-06
4.856313417285313197e-03
1.376060752004756860e-02
9.476068962166871168e-03
5.086539814808941490e-02
4.696923661734455843e-03
5.819022600115726564e-05
6.324960666650855309e-04
9.951708737091098309e-03
1.628045942099728147e-03
3.162480333325427655e-04
8.361626024346714790e-04
1.836772454346914663e-03
2.023990590993499574e-05
6.244007497643600142e-03
4.216225012585375631e-01
1.588579217897864368e-02
1.264994119370919446e-06
0.000000000000000000e+00
3.509094183645157169e-03
2.529988238741870656e-06
1.264994119370919446e-06
0.000000000000000000e+00
9.715154836768000526e-04
3.162480333325427655e-04
1.727980974040285549e-03
5.116901709365556834e-03
2.761483155607114773e-03
1.505343002051000019e-04
1.178974519253700318e-03
3.657096013060571593e-03
2.656487650678970711e-05
0.000000000000000000e+00
0.000000000000000000e+00
2.416138271488242877e-03
4.312365945955813976e-03
1.611604990629485982e-03
2.523662771634742948e-03
5.059976477483741313e-06
0.000000000000000000e+00
2.326324682033256101e-03
3.931598247433499595e-03
1.855239630704124190e-02
1.927850541411042784e-03
8.514671941914400341e-03
2.330118174860787254e-03
2.471799005760956600e-03
8.954890391965654450e-03
0.000000000000000000e+00
4.427480410818615368e-03
3.120738009937113703e-03
7.197826469424144355e-04
3.554635461473029060e-03
1.581240166662715128e-03
5.059968533320685115e-03
4.111224433323057252e-03
1.217050842246769279e-02
1.111676534197055324e-02
1.712801541118042425e-03
2.390586333646371395e-02
1.049565074680846796e-02
2.578060994339042601e-03
7.880913363679995214e-04
3.783596914528243246e-03
2.573001017861543515e-03
8.614614918017570854e-04
6.846147181015081740e-03
1.003140336661100061e-03
1.264994119370919446e-06
1.011995295496748601e-05
2.039170371472893289e-02
1.243995961754665661e-02
5.992277143460099549e-03
8.476725097394440661e-03
3.162480333325427655e-04
1.642848210384169685e-02
2.580587010496285770e-03
1.579977655094299974e-03
6.322444580697454512e-03
2.455354578719314961e-03
4.484402663639328566e-03
3.185255689086157176e-03
3.053695307651243390e-03
2.909486474553155913e-05
2.894305552100285422e-03
0.000000000000000000e+00
5.059976477483741313e-06
1.613374095657918103e-02
3.162480333325427655e-04
6.324970596854693582e-06
5.059976477483741313e-06
4.933477065546644307e-05
3.225739969497572754e-04
4.949921492588242253e-03
8.095957398871426319e-04
9.487440999976282964e-04
6.527364690851426973e-04
0.000000000000000000e+00
