1.897392000000000053e+03
1.872474056957756261e+02
6.907438437296510969e+00
1.526657512669341656e+02
5.931214129804076585e+00
6.452298571260904114e-70
3.405548736176769738e-103
6.896824858032644556e+00
6.878805819135599187e+00
6.877707038987574073e+00
6.783480185656138417e+00
6.779722093490743617e+00
6.771185189560124051e+00
6.770015024687474181e+00
6.748176380660621199e+00
6.721666730180380966e+00
6.687397842661192193e+00
6.882639740778852655e+00
6.846250146602249842e+00
6.799897720525718725e+00
6.773031644661722694e+00
6.737601282476392228e+00
6.664262870135670980e+00
6.636867022985102338e+00
6.619548311215302405e+00
6.589912825262936202e+00
6.578465708482520213e+00
2.707224477670114315e-01
7.200386423731579555e+01
1.608367572525011724e+01
4.859678738792870935e-04
1.091972279533295132e-05
0.000000000000000000e+00
0.000000000000000000e+00
4.826231258844664040e+01
1.525448634113041351e+02
0.000000000000000000e+00
6.356523482472185904e+00
1.294518191277707730e+00
7.961094559520448456e+03
4.552618048459019739e+00
4.291480223737686311e-02
1.130810006025295479e+03
8.530016728627299871e-01
1.639639284505513661e+00
2.374305280679991625e+01
4.859757766617537555e+00
2.540550707024544774e-01
8.871803144239314154e-01
2.737404872431649316e+00
1.140831732940777421e+01
1.123427136490687372e+00
1.412631088588859143e+02
4.934835888134551141e+01
1.603512778443947440e+01
5.529831776308775915e+01
4.023034390982649811e+00
1.405050440471416451e+01
5.173832116392255820e+00
1.274361806692986265e+00
2.052991107093318135e+01
5.887039857827436329e-01
1.088223785116796734e+02
1.151157100179745818e+01
4.204167407650629684e+00
4.131027370404657972e+01
3.443497495318512236e+00
3.900405973687076866e+00
6.841615549415359654e-01
7.116752378862076966e+01
7.300200936745639968e-01
9.402852519392249420e+00
2.651896775324120625e+01
1.674038776774232318e+01
8.432309637090194820e-02
1.497720318032879916e-01
8.998127797655673930e+03
2.569799870956103405e+00
2.895089697745896640e+00
4.098487470447340075e-01
3.171605615739749029e-02
3.604102171160156881e-02
2.369733821448016548e-03
0.000000000000000000e+00
5.571769770018962120e+00
0.000000000000000000e+00
0.000000000000000000e+00
6.342765917035464440e-01
0.000000000000000000e+00
1.674243304899228946e+01
0.000000000000000000e+00
6.345957169616620822e-04
2.861520803313056041e-03
5.731012761677947252e-06
8.612650312008163667e+01
8.628572842823426653e-03
1.709692983857537230e-04
4.801485328590047175e+00
2.591479723651771438e-09
4.086479418847739978e-05
6.486265488756062373e-09
8.039139044036684112e+00
8.603655781210275651e-05
3.263952005388052839e+02
1.745935737532609893e-06
4.088456029718690599e-01
6.556822342365668987e+01
1.191616363520124996e-04
3.227633823223190007e-06
3.452699673816636050e+01
3.413962012234554285e-04
1.200893786010095141e+02
1.224402620284156002e-07
1.502123542319147066e-04
2.025257902407387022e-03
4.931042891976730402e+00
3.054755386612793139e-02
1.296899451713674940e-04
1.945788247925385028e-03
5.317946094927810737e-07
7.895022180775206457e-06
2.259964571412624082e+03
3.796412766111350654e-06
3.076405821964520474e-04
1.740885328428982393e+04
3.079037734678320357e-02
3.065469381522616388e-01
1.880954763933598315e+03
3.326773043132674832e-03
2.443221225929426144e-02
2.141088103164563022e-02
2.027356534071049834e-02
6.855967225358675777e-07
3.264923966742923067e-01
2.674911844153205455e-10
5.570285229697403357e-12
6.843191486311933669e-12
1.094599840758711268e-03
2.750267886058705202e-10
1.886224200859444589e-01
6.102527977862256314e+00
2.703518522167291449e-11
2.745806528456194459e-12
2.020594160033867184e-12
2.844742130076146130e-09
2.922699254115641705e-10
2.126151748623477094e-10
5.108315084342683286e-12
1.936582150461235890e-18
5.440537020161281890e-10
8.930645271667348096e-13
1.787935872160431035e-10
2.122450411371698174e-14
4.699469530784852830e-09
4.726383681781481927e-12
4.717628818450644758e-16
4.921847162047955494e-18
6.149731308464565796e-19
5.196219929019167297e-16
6.654489299699470779e-17
1.322743768100428916e-17
0.000000000000000000e+00
2.689717324122745623e+01
4.701353166689791863e+01
2.246461845190536588e-04
3.927381402162581528e-04
4.957831626118786402e-05
2.424771127970173056e-13
4.238559553419395226e-13
0.000000000000000000e+00
1.469751794817022450e+01
2.160544147207505816e-04
2.089111930862247224e+00
3.583892550714344594e-02
2.151709836529584752e-02
7.234429468740305458e-01
6.042244311082284857e-06
1.333493277649274564e-06
6.521759936530960213e-15
5.046599671226885972e-11
1.113759455931523369e-11
5.447100423227087703e-20
1.202147980628796769e-20
5.879385122245287455e-29
2.160145565262432121e-01
4.364354748143888831e-03
1.341453149199744788e+00
1.322371869150801293e-01
2.659495592658226792e-16
6.262778357164440231e-24
3.066749639374668723e-32
1.966425470450213101e-17
1.122350937696058240e-19
2.081707056291242728e-17
2.379739220049306494e-19
0.000000000000000000e+00
5.911822568751063797e-15
5.094872936009943548e-20
5.529542245473873510e-29
1.258377093502467092e-27
1.446834067879113949e-22
3.101340680898143181e-28
0.000000000000000000e+00
1.463842064395225400e-36
6.153505608507876948e-36
0.000000000000000000e+00
7.086668703529135716e-31
1.351401954877161350e-36
6.608485903296529592e-45
2.470081610135420302e-16
8.123025802404725081e-38
2.966632326685695494e-16
5.383285272616664073e-18
0.000000000000000000e+00
1.101886254372176897e-31
1.086886858407265955e-38
2.223458875723007782e-47
6.390476994029601206e-47
5.171085864922647474e-55
1.380004428368482167e-63
8.522572854359979942e-34
6.296440481992556583e-41
4.458829917151097360e-33
5.667055703420925411e-36
0.000000000000000000e+00
4.702233548466445257e+00
3.927378267473824724e-05
4.239061627105855116e-14
2.366076687942040681e-19
0.000000000000000000e+00
5.820634690893228014e-15
1.084878162395238597e-31
5.065283054811344181e-20
1.080432398825191768e-38
5.497474092419950218e-29
2.210429730345641464e-47
1.257237372654742833e-27
0.000000000000000000e+00
1.438254780448798021e-22
1.462331704382518990e-36
5.165175652819835488e-55
6.147981509060703818e-36
0.000000000000000000e+00
7.045768252009744909e-31
1.350057702998968084e-36
6.602041509471264625e-45
1.378629705916404937e-63
2.468045340668685235e-16
8.514926898737324740e-34
6.289132001301042357e-41
8.113316415930664380e-38
4.454097252116612731e-33
2.963325215014448429e-16
5.377409666067594616e-18
0.000000000000000000e+00
5.660107827301076245e-36
0.000000000000000000e+00
6.323468735894736127e-18
0.000000000000000000e+00
6.586729171525913143e-36
0.000000000000000000e+00
1.656122889136103019e-23
0.000000000000000000e+00
4.111025316796630675e-19
7.548442131221158146e-36
3.542490033863573528e-24
7.468128884944554466e-43
3.807754031668759656e-33
1.510849246885374856e-51
8.925639386800633108e-32
0.000000000000000000e+00
1.008786727493953838e-26
1.025885828933851467e-40
3.579117927946273179e-59
4.312401617147642392e-40
0.000000000000000000e+00
4.882066940410956363e-35
9.462196280630681911e-41
4.577205532093092026e-49
9.443980412980929473e-68
1.736510176983730770e-20
5.927412771321830354e-38
4.397686927124709888e-45
5.656710196263733326e-42
3.122844305146814894e-37
2.082793292549781187e-20
3.784328488800170433e-22
0.000000000000000000e+00
3.934179668966750408e-40
0.000000000000000000e+00
1.466521006212358794e-18
0.000000000000000000e+00
1.005803980563127568e-13
1.810355733809422395e-30
3.133838982395112284e-19
6.505759288421173426e-38
3.325398245013623725e-28
1.297409601627810428e-46
6.245153079071450196e-28
0.000000000000000000e+00
8.952743763150402437e-22
7.141503563053382663e-37
2.478581903757905855e-55
3.002238481519459439e-36
0.000000000000000000e+00
4.265970126349565845e-30
6.584171994094411387e-37
3.171187813359024683e-45
6.511134771633197341e-64
1.221813469702270478e-16
4.151464407692160739e-34
3.056972622434703218e-41
3.927571812224875596e-38
2.192398140171555318e-33
1.463730497032059427e-16
1.168816602923235825e-17
0.000000000000000000e+00
9.978036607701748019e-36
0.000000000000000000e+00
1.467814111096556540e-18
0.000000000000000000e+00
1.006676525967723487e-13
1.811955076828322108e-30
3.136604848713514093e-19
6.511582682935345772e-38
3.328367722138099515e-28
1.298586655499514973e-46
6.254033872621817707e-28
0.000000000000000000e+00
8.960620467644376361e-22
7.151746913809598447e-37
2.482169133113034645e-55
3.006544875362206803e-36
0.000000000000000000e+00
4.269777650367295376e-30
6.593622562603425891e-37
3.175775100369866613e-45
6.520635853265024824e-64
1.223553720696297597e-16
4.157423492766784998e-34
3.061367972758937719e-41
3.933230738518551595e-38
2.195529819629802286e-33
1.465817614538858449e-16
1.168907249827310260e-17
0.000000000000000000e+00
9.978951892108490873e-36
0.000000000000000000e+00
1.444694183579317382e-17
0.000000000000000000e+00
1.231591376489480130e-35
0.000000000000000000e+00
1.213500392839032314e-22
0.000000000000000000e+00
3.317412126175108677e-18
6.178898085727321763e-35
2.309308693012230027e-23
4.922749476753933712e-42
3.444424320047371347e-32
1.384324517548124749e-50
5.016276885329820359e-31
0.000000000000000000e+00
6.557549484349024653e-26
7.498392912402821819e-40
2.647452082034817693e-58
3.502810240608955795e-39
0.000000000000000000e+00
4.413984227028206530e-34
6.922111851101873661e-40
4.511820892373456896e-48
9.417789616461859142e-67
2.812817217335801236e-20
9.701431882005472866e-38
3.582349868045277432e-45
4.621144355392344835e-42
2.030310121183569685e-36
1.350900213458075068e-19
1.801734844020336949e-21
0.000000000000000000e+00
1.876252334620042032e-39
0.000000000000000000e+00
7.534146880231428826e-22
0.000000000000000000e+00
5.741298770949502671e-17
1.033381330216809639e-33
1.431107614526446876e-22
2.970937523139177162e-41
2.088043571921411983e-31
8.146578593239916645e-50
2.496794294378663828e-31
0.000000000000000000e+00
4.088385012740274832e-25
3.670889971154540292e-40
1.274052255278991815e-58
1.714694421837822905e-39
0.000000000000000000e+00
2.678650511300771625e-33
3.384427518991861173e-40
2.173425068593761260e-48
4.462511042054782071e-67
1.395650011153438093e-20
4.742123447577294314e-38
1.745869454762832654e-45
2.243077768541486125e-42
1.001681597928631378e-36
6.687617255220907580e-20
4.119699458087677806e-21
0.000000000000000000e+00
3.511977607943598138e-39
0.000000000000000000e+00
3.595263005521843376e-20
0.000000000000000000e+00
8.838334010064256719e-16
1.647814565853776154e-32
5.772107305007365840e-21
1.230380953228483191e-39
6.262900189180276304e-30
2.517591336531984731e-48
1.432823218358980546e-28
0.000000000000000000e+00
1.639133336488015849e-23
1.110703821033023311e-37
3.922221365947443854e-56
7.005395338215921038e-37
0.000000000000000000e+00
8.027905164344689101e-32
1.025532154114347800e-37
5.013998763126725332e-46
1.046756270968503701e-64
3.750307000267756147e-17
1.293597024625041077e-34
1.194220917155501757e-41
1.540341350337606064e-38
3.383297743911084157e-34
6.753251238201012477e-17
3.603065183863194806e-19
0.000000000000000000e+00
3.751911321843771571e-37
0.000000000000000000e+00
5.382180254128215294e-20
0.000000000000000000e+00
6.620577092344994080e-16
1.231429297135584701e-32
2.881606695119490291e-20
6.134943173684252979e-39
1.247912714528406670e-29
5.007526182878177428e-48
8.582158275980373282e-28
0.000000000000000000e+00
8.154629241624755472e-23
9.962088765794546751e-37
3.512307347171754782e-55
2.094523847708942480e-36
0.000000000000000000e+00
1.601253823636902431e-31
9.202885575651075314e-37
2.243299958345230157e-45
4.685448268852821650e-64
8.431350763863442082e-17
2.903853661977638859e-34
2.123629233140921051e-41
2.738094514062555032e-38
3.542488504761231558e-33
2.694542259002897256e-16
3.748604180851189483e-18
0.000000000000000000e+00
3.896927243139569086e-36
0.000000000000000000e+00
4.547743481608105580e-20
0.000000000000000000e+00
5.593745284867386062e-16
1.042367099943758657e-32
2.434258156974008762e-20
5.191408862691709306e-39
1.056490454050841740e-29
4.247731643939407170e-48
7.250941114337180314e-28
0.000000000000000000e+00
6.912191091908917069e-23
8.431084705663344854e-37
2.977886950871087245e-55
1.772585328467178392e-36
0.000000000000000000e+00
1.354202289397068798e-31
7.784651419801982190e-37
1.903174212695675582e-45
3.973484125339968490e-64
7.116573856154094123e-17
2.454873514490399055e-34
1.811813555074867645e-41
2.337210249398553477e-38
2.994406667686887165e-33
2.276866497417815877e-16
3.190447137584377061e-18
0.000000000000000000e+00
3.322662545014806144e-36
0.000000000000000000e+00
1.234570519505400767e-21
0.000000000000000000e+00
9.407877764973741385e-17
1.693305345138448394e-33
2.345073190381005107e-22
4.868242901210337021e-41
3.421500064378591212e-31
1.334900083904433485e-49
4.091370616346437389e-31
0.000000000000000000e+00
6.699418198756456529e-25
6.015191880249098389e-40
2.087672822612686988e-58
2.809748686478007576e-39
0.000000000000000000e+00
4.389306249949555652e-33
5.545817196951296627e-40
3.561395342213205610e-48
7.312222155291672384e-67
2.286975953668354595e-20
7.770575021601735993e-38
2.860684053270608017e-45
3.675370843545674156e-42
1.641314699960003788e-36
1.095808498838874331e-19
6.750673655754256887e-21
0.000000000000000000e+00
5.754796283347053014e-39
0.000000000000000000e+00
1.004215720074605818e-20
0.000000000000000000e+00
2.745279818409655965e-16
5.113258575149264657e-33
1.911037077870639614e-21
4.073750615557354888e-40
2.850384299840491554e-30
1.145577247224334740e-48
4.151153036379719643e-29
0.000000000000000000e+00
5.426611638487270645e-24
6.205190948878534611e-38
2.190860794449692047e-56
2.898702008384845745e-37
0.000000000000000000e+00
3.652729100957530081e-32
5.728296782977127384e-38
3.733692206583720366e-46
7.793550951968249439e-65
2.327708473102389632e-18
8.028283634609852253e-36
2.964522878714930296e-43
3.824162185398155757e-40
1.680155190858870122e-34
1.117919040081835246e-17
1.491001110660002524e-19
0.000000000000000000e+00
1.552666415082102601e-37
0.000000000000000000e+00
3.267152419169765836e-19
0.000000000000000000e+00
8.031446381425204863e-15
1.497403494404105915e-31
5.245312368687076188e-20
1.118052884821804352e-38
5.691240979842255576e-29
2.287767318207483587e-47
1.302061864390245738e-27
0.000000000000000000e+00
1.489544776687301751e-22
1.009325516120346541e-36
3.564183749043906169e-55
6.366024791943221403e-36
0.000000000000000000e+00
7.295191440050017449e-31
9.319323773444168912e-37
4.556329967050256635e-45
9.511993296227315312e-64
3.408049854881232412e-16
1.175530046845924899e-33
1.085224867698627978e-40
1.399743152162165875e-37
3.074512603048688756e-33
6.136920293284966973e-16
3.274236267610586987e-18
0.000000000000000000e+00
3.409448850380123831e-36
0.000000000000000000e+00
5.326809508266761373e-19
0.000000000000000000e+00
6.552469237425270708e-15
1.218745344782795456e-31
2.851966594038541771e-19
6.071766347488560501e-38
1.235057586121071418e-28
4.955874230458478914e-47
8.493873497059251866e-27
0.000000000000000000e+00
8.070557553429329122e-22
9.859489809407799940e-36
3.476090661684619466e-54
2.072953176520776406e-35
0.000000000000000000e+00
1.584770561336334999e-30
9.108137856918268688e-36
2.220158569673673443e-44
4.637127057848538763e-63
8.344673259120779390e-16
2.873969267346068106e-33
2.101638244079005108e-40
2.709730926132422951e-37
3.506034655903852745e-32
2.666820640397361167e-15
3.710062243983052829e-17
0.000000000000000000e+00
3.856850448802463474e-35
0.000000000000000000e+00
0.000000000000000000e+00
0.000000000000000000e+00
0.000000000000000000e+00
0.000000000000000000e+00
0.000000000000000000e+00
0.000000000000000000e+00
0.000000000000000000e+00
0.000000000000000000e+00
0.000000000000000000e+00
0.000000000000000000e+00
0.000000000000000000e+00
0.000000000000000000e+00
0.000000000000000000e+00
0.000000000000000000e+00
0.000000000000000000e+00
0.000000000000000000e+00
0.000000000000000000e+00
0.000000000000000000e+00
0.000000000000000000e+00
0.000000000000000000e+00
0.000000000000000000e+00
0.000000000000000000e+00
0.000000000000000000e+00
0.000000000000000000e+00
0.000000000000000000e+00
0.000000000000000000e+00
0.000000000000000000e+00
0.000000000000000000e+00
0.000000000000000000e+00
1.550211338945191697e+00
7.183296977857276636e-05
6.578338237239021780e+00
5.429297666125776090e+01
1.482888998164857142e-01
2.588375679019367492e+00
1.938168387962873496e+01
2.771251876429995167e-02
1.466821696485954796e+01
3.994095888273976325e+00
1.156284965950155748e-10
3.365116412689375558e+00
3.929263457920255501e-10
3.218492364441467237e-11
0.000000000000000000e+00
0.000000000000000000e+00
8.305778209238500712e-13
4.200439487851405362e-03
3.488789772696009678e-17
1.665328986437088332e+01
1.655074916891651583e+03
1.783830819402696832e+00
0.000000000000000000e+00
1.824888012750204780e+01
1.045052987395579613e+00
1.713810627914202023e+00
2.976619081135280231e-02
8.286099700076572649e-02
5.460569126794628119e+02
1.179618219506412089e+02
2.547168535801388600e+02
1.305008620896353673e-11
7.050668617355975165e+00
1.269126312973561568e+02
1.168136960424028672e+02
2.042183509270698494e+01
5.182714254501420470e+01
8.032673767092653823e-14
1.220089344262136244e-11
5.975716079406009698e-10
9.711511180541807833e-10
3.980415698421853676e+01
3.876524522799132088e-09
6.467212034312534996e-01
3.216474949732486266e-01
1.609800408986810927e-01
3.712404288052961761e+02
1.109592249626825582e-13
9.996298146251241633e+03
3.538688450790200335e+00
4.481483610344376700e-01
7.997272860578101827e-01
2.504316193000241597e+01
8.635362689589745622e-02
8.635884289930357838e-01
1.007505289323364650e+01
3.565055539959934849e-01
8.618182890797389251e-02
8.052503377280478825e-02
4.344495805288084433e+00
3.011407969870587120e+00
8.947546966189766013e-03
1.792556521885702523e+02
1.406443309446695267e+01
3.294650023660011806e-02
5.689680629305965409e-01
7.921008837965474170e-01
1.873688039863151689e-01
2.190171997731075848e+01
1.818592326204458233e-13
5.505717455298622617e-11
3.395258451126831005e+02
0.000000000000000000e+00
4.270721224050610232e+01
3.322718222053106985e+01
1.923081250245986666e+02
2.276246982444304900e-01
8.620840088178671756e-01
6.678061381576065969e+01
0.000000000000000000e+00
1.193493925987068729e-11
3.025021775334399265e+01
2.948709144379471398e-10
3.392150615246814493e-01
9.878837533064272937e-11
1.068372098994506110e-03
2.592432196554199028e-02
1.827000556281850041e-01
5.249164833433305061e-17
4.951105592122041765e-02
0.000000000000000000e+00
7.541123312311835969e-01
1.629068892456514706e-01
5.439117969386277451e+00
4.231752718367928878e+00
2.042195703527793782e+01
3.783921290237359497e-15
9.266822117131353651e-15
2.814782255855789043e-11
6.892742835984346052e-11
5.613154169906969936e-14
1.441688351339668510e-03
9.503569890675075483e-04
8.650950597404528973e-04
1.407293350778037466e-01
2.456761236683922042e-03
5.470634576179392305e-02
0.000000000000000000e+00
9.925058591518831623e-14
8.850889362842882619e-13
8.935199185488974880e-04
1.168602419967488967e-13
3.941095282224916000e-13
0.000000000000000000e+00
1.406883978250872548e-12
4.841344544499474878e-02
2.343690917527784759e-04
1.163443154223946013e-03
2.513324975291650549e-04
1.169152775138727520e+02
3.949577224834422751e+00
2.935967256945272719e-01
8.015980537913785398e+00
1.731648553160506809e+00
6.831339745008341069e+00
0.000000000000000000e+00
0.000000000000000000e+00
0.000000000000000000e+00
0.000000000000000000e+00
5.815360864295634258e+01
6.798890632709756687e+01
0.000000000000000000e+00
0.000000000000000000e+00
0.000000000000000000e+00
0.000000000000000000e+00
0.000000000000000000e+00
2.958823231249327595e-03
2.457885063468271802e-03
1.358602194673728079e-03
5.502739314568716976e-04
2.605887885904099952e-03
5.376216566653199691e-03
5.376216566653199691e-03
5.376216566653199691e-03
5.376216566653199691e-03
2.588177372420701408e-02
3.794982358112791161e-06
1.516094955555872745e-02
5.376216566653199691e-03
5.376216566653199691e-03
5.376216566653199691e-03
5.376216566653199691e-03
5.376216566653199691e-03
5.376216566653199691e-03
5.376216566653199691e-03
5.376216566653199691e-03
5.376216566653199691e-03
5.376216566653199691e-03
5.376216566653199691e-03
5.376216566653199691e-03
5.376216566653199691e-03
5.717773419555999964e-04
9.420411206955300182e-03
4.703248135821100177e-03
1.498765032630679922e-02
2.770337121422000162e-04
2.087240296962000101e-04
1.677381705775643148e-03
2.771600129500870896e-03
4.947391504349443053e-03
2.765277641455057486e-03
1.846891414280999236e-04
6.976439589269457092e-03
5.261106570382143195e-03
3.396509707021056965e-03
1.081569972062099757e-03
1.264992133330171062e-03
2.259279795102604391e-02
6.297138243677514666e-03
7.589964716225612816e-06
3.591321283955141701e-03
1.281186342004994073e-02
1.042481306216450077e-02
4.201045321477822614e-02
5.329419728399542242e-03
5.819022600115726564e-05
8.209806869615427893e-04
1.406293317041415296e-02
6.793018421020998506e-04
7.248411338893426953e-04
1.152410635767213160e-03
2.469268521012000193e-03
2.023990590993499574e-05
4.346519297648343549e-03
4.146650445252216266e-01
1.272331184565321689e-02
1.264994119370919446e-06
0.000000000000000000e+00
5.406582383640414630e-03
2.529988238741870656e-06
1.264994119370919446e-06
0.000000000000000000e+00
2.552755650339513880e-03
0.000000000000000000e+00
7.792368740426572522e-04
3.535661542702842573e-03
2.761483155607114773e-03
0.000000000000000000e+00
1.178974519253700318e-03
8.108637130676865949e-04
2.656487650678970711e-05
0.000000000000000000e+00
0.000000000000000000e+00
3.681130404818413505e-03
3.363621845958186113e-03
9.791089239644011014e-04
1.891166704969657201e-03
5.059976477483741313e-06
0.000000000000000000e+00
3.907564848695970795e-03
2.034110047438243002e-03
1.380867580705309912e-02
1.927850541411042784e-03
6.617183741919142013e-03
2.330118174860786821e-03
2.471799005760956600e-03
9.903634491963284048e-03
0.000000000000000000e+00
5.692472544148785563e-03
1.539497843274399876e-03
7.197826469424144355e-04
8.298355961461169675e-03
3.162480333325427655e-04
0.000000000000000000e+00
1.897488199995257894e-03
2.134170138911142822e-02
1.554423780862615109e-02
1.712801541118042425e-03
3.181206416977728352e-02
8.281914513480669038e-03
3.210557061004128132e-03
1.736835436365627818e-03
4.732341014525871109e-03
4.154241184524257342e-03
8.614614918017570854e-04
9.059883414342884134e-03
1.951884436658728357e-03
1.264994119370919446e-06
1.011995295496748601e-05
2.734916044804486593e-02
1.465369585087445553e-02
5.043533043462470819e-03
8.160477064061902666e-03
4.288335029768574214e-04
1.737722620383931951e-02
1.948090943831200022e-03
3.161217821757013584e-03
6.954940647362540043e-03
4.036594745382028789e-03
6.381890863634585159e-03
3.817751755751242707e-03
4.002439407648871253e-03
2.909486474553155913e-05
3.526801618765371821e-03
0.000000000000000000e+00
5.059976477483741313e-06
3.099739852320869404e-02
0.000000000000000000e+00
6.324970596854693582e-06
5.059976477483741313e-06
4.933477065546644307e-05
9.550700636148428064e-04
6.214913625918413315e-03
4.933477065545999749e-04
1.435767332465585563e-03
9.689845024176854628e-04
0.000000000000000000e+00
