1.897392000000000053e+03
2.503055579632620891e+02
1.122749986321243831e+01
1.815917997967111148e+02
3.108922749372127203e+00
2.560440846133058507e-71
1.629193778375152874e-103
1.126401384979717335e+01
1.132869371023870109e+01
1.133264787858623279e+01
1.174897598613393868e+01
1.176571593728117193e+01
1.180444642739881544e+01
1.180976862108196279e+01
1.191359272110244483e+01
1.204559078174208508e+01
1.222348350765011737e+01
1.131574462849560625e+01
1.145734845728715534e+01
1.165951296469943799e+01
1.178435797887861725e+01
1.196084739618932957e+01
1.234808444777717007e+01
1.249418251418009795e+01
1.258673717751789844e+01
1.274426397267885314e+01
1.280491858928944104e+01
3.752174898764818467e-01
7.717138671751230561e+01
1.423560233674089659e+01
4.132074645132536705e-04
1.052941126840199775e-05
0.000000000000000000e+00
0.000000000000000000e+00
4.659208624389980002e+01
1.524381564390525909e+02
0.000000000000000000e+00
7.959866871428511459e+00
1.807407770979326145e+00
7.961421695878236278e+03
4.374426906221553502e+00
4.176672925988716978e-02
1.130775171518662319e+03
7.760458385753814525e-01
1.622042347243153992e+00
2.308907318426695454e+01
4.731581408061037664e+00
2.542461517016592620e-01
8.875957184190607085e-01
2.738999081662765622e+00
1.140832593505736625e+01
1.123244348435592954e+00
1.412670465043071601e+02
4.934505110553194385e+01
1.603296838844210370e+01
5.529831600002003000e+01
4.023328237724680179e+00
1.405094432013347827e+01
5.174875982213530179e+00
1.273653662677273202e+00
2.051404830653615008e+01
5.888705941281503486e-01
1.088221153081093462e+02
1.151371151328937259e+01
4.204367937561663382e+00
4.131526562659839641e+01
3.443501338812891444e+00
3.900419720482052544e+00
6.841637307046151140e-01
7.116752271787770212e+01
7.300225743426853597e-01
9.402855746967674122e+00
2.651896653529369630e+01
1.674038842667565063e+01
8.426267417848783137e-02
1.497720318032879916e-01
8.998219646457679119e+03
2.471449105062534013e+00
2.896472716309584250e+00
4.007652685900213729e-01
3.174622512678095670e-02
3.606190039649205537e-02
2.370820122746514387e-03
0.000000000000000000e+00
5.078215075892474673e+00
0.000000000000000000e+00
0.000000000000000000e+00
1.094398710425961818e+00
0.000000000000000000e+00
1.528073751638367206e+01
0.000000000000000000e+00
5.793834329689099031e-04
2.862070337970802365e-03
5.231740538794484414e-06
9.224063126598386475e+01
8.438566772539022112e-03
1.272350462733274929e-04
4.822291849953264986e+00
1.936916040902598915e-09
3.351055749579447232e-05
4.854620484199570742e-09
1.056982625069202086e+01
8.418438200795271508e-05
3.295443343822639122e+02
1.311847497129540041e-06
3.937271938097170465e-01
6.178285060407084472e+01
1.025275408317181849e-04
2.419630170115506974e-06
4.182150262199682800e+01
3.104154231595012293e-04
1.194676673535283982e+02
9.131379952561626840e-08
1.133420699887616260e-04
1.528742528659957209e-03
5.972746287609276727e+00
2.804940238684728790e-02
7.389551078410551931e-05
1.357161922022702936e-03
1.726581520157268397e-07
3.177273919354909766e-06
2.259982933638822487e+03
1.232623005513006964e-06
1.418022239137540022e-04
1.763925587666085630e+04
1.438061057652541448e-02
1.441059307630415398e-01
1.892294732252732047e+03
1.542715851494458768e-03
1.215721271597990094e-02
1.009795380353732848e-02
6.963784637106475162e-02
1.110660116188436420e-06
3.098397767539372016e-01
1.934569249907161372e-10
3.412410009341437088e-12
4.490667266720592871e-12
6.213815279163759303e-04
2.220995084387574972e-10
1.430769689833342184e-01
6.096385976976947063e+00
1.594531529987945203e-11
2.409352451065231145e-12
1.611104695079969458e-12
2.020749382602793079e-09
3.012736024526366261e-10
2.086744036288201204e-10
7.603570241172904687e-12
2.867646607360179822e-18
9.889599612441769309e-10
1.480320102293962836e-12
2.968880725111649129e-10
1.236695960482971586e-14
3.078094948098394896e-09
3.104279774965794433e-12
7.952158466374920173e-16
4.886691152430050555e-18
6.105619528535667170e-19
1.821871232966096972e-16
3.131379024551546545e-17
1.156347587109880165e-16
0.000000000000000000e+00
2.534662954145890623e+01
4.933892631984549126e+01
2.093160070316935051e-04
4.075095401494681401e-04
4.967291797470562358e-05
2.242722852304332618e-13
4.365719821028917825e-13
0.000000000000000000e+00
1.604735924339575348e+01
2.160542759811047246e-04
2.007540228906041779e+00
2.930972740197150886e-02
2.677615015777773128e-03
6.424429224069388988e-01
5.305378223186251901e-06
1.259023426892251583e-06
5.684397870920658481e-15
4.381317546238040366e-11
1.039733869924963516e-11
4.694321701460322000e-20
1.114013129108384610e-20
5.029687076368528967e-29
2.575160163611703301e-01
4.030193914196551416e-03
1.468935767968103434e+00
1.139288079616827473e-02
5.065710303641340302e-16
6.823331608755689892e-24
3.097370604047767501e-32
1.985321205776028950e-17
3.935825258960122549e-20
1.052356838553171354e-17
4.334737200609110528e-19
0.000000000000000000e+00
1.087636862948497709e-14
1.003205622065821134e-19
9.826890054183831930e-29
1.273295423831914587e-27
1.493669789619641821e-22
3.384656756451464963e-28
0.000000000000000000e+00
1.472415057619678699e-36
5.777186068436051680e-36
0.000000000000000000e+00
6.786650312528994373e-31
1.364467606877118662e-36
6.162514274670478042e-45
2.728155255550447327e-16
1.111329435231803692e-38
1.487804092826359241e-16
5.042910758571047788e-17
0.000000000000000000e+00
3.596283624451047135e-31
2.092489313370318335e-38
3.822926411435464981e-47
7.059066560846235304e-47
5.235154090673734064e-55
1.306338327827011907e-63
9.133994506547723123e-34
7.743615835261623765e-42
1.076792626764351635e-33
4.551431280896740526e-34
0.000000000000000000e+00
4.934564853387917616e+00
4.075072950012810529e-05
4.366203408456010836e-14
4.313690647426628522e-19
0.000000000000000000e+00
1.073517893588484913e-14
3.549629883359248645e-31
9.982778575079503228e-20
2.081960150987229563e-38
9.778673896999850352e-29
3.803972438432691784e-47
1.272216227566053761e-27
0.000000000000000000e+00
1.486148829329820696e-22
1.470998501329224391e-36
5.229582746028151591e-55
5.772391785176216572e-36
0.000000000000000000e+00
6.753470491796073456e-31
1.363206962840535744e-36
6.156975717500936310e-45
1.305135287235025478e-63
2.726178625993851053e-16
9.126683149451707670e-34
7.736261674699011139e-42
1.110234658578573729e-38
1.075782778967550578e-33
1.486332806546088708e-16
5.037325606978300525e-17
0.000000000000000000e+00
4.545532065257739034e-34
0.000000000000000000e+00
5.782326194362884056e-17
0.000000000000000000e+00
5.140661306008246484e-34
0.000000000000000000e+00
3.021790629329915324e-23
0.000000000000000000e+00
7.607239468289894175e-19
2.489636662178825078e-35
6.989987219602836870e-24
1.442271235272154062e-42
6.788261322345131604e-33
2.609961180773763879e-51
9.011046881780140962e-32
0.000000000000000000e+00
1.042518297335693314e-26
1.029893462732719748e-40
3.617788991927609098e-59
4.038385851941364661e-40
0.000000000000000000e+00
4.678912256730976637e-35
9.539568034846075686e-41
4.258761978010879596e-49
8.919582472010930278e-68
1.923269226704031505e-20
6.364753147878785450e-38
5.505390668589304121e-46
7.867360694419123184e-43
7.566111380034914591e-38
1.047945078638761497e-20
3.509795987279855943e-21
0.000000000000000000e+00
3.108775764751304465e-38
0.000000000000000000e+00
2.253407364191617929e-18
0.000000000000000000e+00
1.573259949834601162e-13
5.079855739827976296e-30
5.209038424071433809e-19
1.060129312039135592e-37
5.004055976430095441e-28
1.896510738912246629e-46
5.507228581507789894e-28
0.000000000000000000e+00
7.790708073381501284e-22
6.263439729514208624e-37
2.189196887156007300e-55
2.455694576514563848e-36
0.000000000000000000e+00
3.442136681994510170e-30
5.800457057648851455e-37
2.577614882340879355e-45
5.372519284428527063e-64
1.184323041896165166e-16
3.900056795250320561e-34
3.371071598637299362e-42
4.806926451617980528e-39
4.650898536280975169e-34
6.448034865100363952e-17
7.826146107902054632e-17
0.000000000000000000e+00
5.499716916186421195e-34
0.000000000000000000e+00
2.255393207214197266e-18
0.000000000000000000e+00
1.574617075954992020e-13
5.084291939510219132e-30
5.213631617301309117e-19
1.061076056590374459e-37
5.008513228258931609e-28
1.898223280071991301e-46
5.515076460835203199e-28
0.000000000000000000e+00
7.797561344465391418e-22
6.272440455851996916e-37
2.192370364777812045e-55
2.459225061241165460e-36
0.000000000000000000e+00
3.445209118362507452e-30
5.808795423315254988e-37
2.581351250099133024e-45
5.380375203565619603e-64
1.186007496581580302e-16
3.905650445486384440e-34
3.375859436883748403e-42
4.813775769330280201e-39
4.657529601326276081e-34
6.457212158636198943e-17
7.826881900586459749e-17
0.000000000000000000e+00
5.500354748552028350e-34
0.000000000000000000e+00
9.479056332706131492e-17
0.000000000000000000e+00
6.646861787575148154e-34
0.000000000000000000e+00
1.426725684844424762e-22
0.000000000000000000e+00
3.946209849842685159e-18
1.304085112438963859e-34
2.935104432565158060e-23
6.117568335893698559e-42
3.951110727241767387e-32
1.536384370804794878e-50
3.273054598250336768e-31
0.000000000000000000e+00
4.369637228823734654e-26
4.863620570727963676e-40
1.728355276976958523e-58
2.120550520255158414e-39
0.000000000000000000e+00
2.728245967751049856e-34
4.506874156310349936e-40
2.712975050265725895e-48
5.748478994203535070e-67
2.003758246111083710e-20
6.705853795737591714e-38
2.843205689454355217e-46
4.080045099452678386e-43
3.162546208340196118e-37
4.369896154107052753e-20
1.062106386211494619e-20
0.000000000000000000e+00
9.437746361606769947e-38
0.000000000000000000e+00
7.464232106428927184e-22
0.000000000000000000e+00
5.790245675575014328e-17
1.869595623144490089e-33
1.533743999013337054e-22
3.121432490127953311e-41
2.025898036855581591e-31
7.678085102332280709e-50
1.419621151969788521e-31
0.000000000000000000e+00
2.293888405295808435e-25
2.075840981886980269e-40
7.255513971395226364e-59
9.043060354001225866e-40
0.000000000000000000e+00
1.393560801912529034e-33
1.922409067409575810e-40
1.139043025613557750e-48
2.374104550197862655e-67
8.722511392956001018e-21
2.872381167815178862e-38
1.241330683569763292e-46
1.770055579803429346e-43
1.370081057101639276e-37
1.899489166737212153e-20
1.742798621189388130e-20
0.000000000000000000e+00
1.222054597409042913e-37
0.000000000000000000e+00
6.929310765992958786e-20
0.000000000000000000e+00
1.723388246904372058e-15
5.700617685077929866e-32
1.202620979924706825e-20
2.506509680803744260e-39
1.177714114501445124e-29
4.580444752905735933e-48
1.532647108887057559e-28
0.000000000000000000e+00
1.790511018025282375e-23
1.181064186633231755e-37
4.197843858795050595e-56
6.952724627659910847e-37
0.000000000000000000e+00
8.134507855592481702e-32
1.094636337087456001e-37
4.942823208490169304e-46
1.047500931177400685e-64
4.379460814529606111e-17
1.465809576786748167e-34
1.553453264852997879e-42
2.228982866114397678e-39
8.638987019509065120e-35
3.581023657551061232e-17
3.482332052169617419e-18
0.000000000000000000e+00
3.094535118909657856e-35
0.000000000000000000e+00
9.160152347738465909e-20
0.000000000000000000e+00
1.140595235692788401e-15
3.766239994811408477e-32
5.302239330699622970e-20
1.103893550728040274e-38
2.072526343207984077e-29
8.048019408113025079e-48
8.102180213966107111e-28
0.000000000000000000e+00
7.865486170151112832e-23
9.349786013882435953e-37
3.318064181410470169e-55
1.834534793814504148e-36
0.000000000000000000e+00
1.432560739631002213e-31
8.670409379331145591e-37
1.951706692237961258e-45
4.138001312911716031e-64
8.696018096035247849e-17
2.905847328166564612e-34
2.444523300901093626e-42
3.506092472177741275e-39
7.989687762754829883e-34
1.262053384517890664e-16
3.194730149329011352e-17
0.000000000000000000e+00
2.831693040151783035e-34
0.000000000000000000e+00
8.287170477623916995e-20
0.000000000000000000e+00
1.031232908143611560e-15
3.409299402471272414e-32
4.795234885183769263e-20
9.999115480011505490e-39
1.878358701604776331e-29
7.306748155138378231e-48
7.333378493198984967e-28
0.000000000000000000e+00
7.138882237861539851e-23
8.476528154968156627e-37
3.013427705698918000e-55
1.663380293730585865e-36
0.000000000000000000e+00
1.297376338716539928e-31
7.856307016324242540e-37
1.773906427232459925e-45
3.759601629624247970e-64
7.857276058296125348e-17
2.630005438992254034e-34
2.228130876435624099e-42
3.197430961053950053e-39
7.229015807054926565e-34
1.141504669961568134e-16
2.915581169788632805e-17
0.000000000000000000e+00
2.591316505179642030e-34
0.000000000000000000e+00
1.276570220482932291e-21
0.000000000000000000e+00
9.902803378298768594e-17
3.197453660400444186e-33
2.623100177745816875e-22
5.338399852641423704e-41
3.464759442561547832e-31
1.313124174564355988e-49
2.427922283324036038e-31
0.000000000000000000e+00
3.923152499660552576e-25
3.550165419047934925e-40
1.240851834668412585e-58
1.546579701716644714e-39
0.000000000000000000e+00
2.383325003276110119e-33
3.287779941137022317e-40
1.948013225142961960e-48
4.060188089745474091e-67
1.491780874414382999e-20
4.912475752120196565e-38
2.122905707060229272e-46
3.027109518494640103e-43
2.343079994493588424e-37
3.248469144045911406e-20
2.980571645016791875e-20
0.000000000000000000e+00
2.089951671266738834e-37
0.000000000000000000e+00
1.232262791076103822e-20
0.000000000000000000e+00
3.408342375772933160e-16
1.126337656495195689e-32
2.535049599134825874e-21
5.283738729081822975e-40
3.412571451055258364e-30
1.326973247266509500e-48
2.826937263949312945e-29
0.000000000000000000e+00
3.774055666825610567e-24
4.200706393350567491e-38
1.492778557200317460e-56
1.831518222648138563e-37
0.000000000000000000e+00
2.356383365628559654e-32
3.892584237580129126e-38
2.343193361273743330e-46
4.964951465775042592e-65
1.730645801370433472e-18
5.791842296683444582e-36
2.455676683998223655e-44
3.523934530322453648e-41
2.731490571078254088e-35
3.774279048744039913e-18
9.173406665162583173e-19
0.000000000000000000e+00
8.151370008817310344e-36
0.000000000000000000e+00
6.296956899647510191e-19
0.000000000000000000e+00
1.566065867254491833e-14
5.180333231607594057e-31
1.092868810048855467e-19
2.277691029412172198e-38
1.070221580229592230e-28
4.162337156100200430e-47
1.392777046203524282e-27
0.000000000000000000e+00
1.627114419702051520e-22
1.073265195039883463e-36
3.814652459560269662e-55
6.318162842572560072e-36
0.000000000000000000e+00
7.392090752010367757e-31
9.947309713246898812e-37
4.491653522291677984e-45
9.518764317445529230e-64
3.979809957398668533e-16
1.332031726218939271e-33
1.411696585681687774e-41
2.025565221791492615e-38
7.850578914448156056e-34
3.254224882246618432e-16
3.164506302956263561e-17
0.000000000000000000e+00
2.812045133402618580e-34
0.000000000000000000e+00
9.065954528421615727e-19
0.000000000000000000e+00
1.128871080370407137e-14
3.727494804310498115e-31
5.247727852681311419e-19
1.092532500883341873e-37
2.051187905453027554e-28
7.965061473871316011e-47
8.018837342657825355e-27
0.000000000000000000e+00
7.784426334880239231e-22
9.253501239900374423e-36
3.283854491454523176e-54
1.815641434455910321e-35
0.000000000000000000e+00
1.417818778947319064e-30
8.581153958308521555e-36
1.931573650177671945e-44
4.095326268655855137e-63
8.606669966715266308e-16
2.875956841092475279e-33
2.419257666609204510e-41
3.469841791630873818e-38
7.907520352359294990e-33
1.249077217769778284e-15
3.161892464845693226e-16
0.000000000000000000e+00
2.802576049935228301e-33
0.000000000000000000e+00
0.000000000000000000e+00
0.000000000000000000e+00
0.000000000000000000e+00
0.000000000000000000e+00
0.000000000000000000e+00
0.000000000000000000e+00
0.000000000000000000e+00
0.000000000000000000e+00
0.000000000000000000e+00
0.000000000000000000e+00
0.000000000000000000e+00
0.000000000000000000e+00
0.000000000000000000e+00
0.000000000000000000e+00
0.000000000000000000e+00
0.000000000000000000e+00
0.000000000000000000e+00
0.000000000000000000e+00
0.000000000000000000e+00
0.000000000000000000e+00
0.000000000000000000e+00
0.000000000000000000e+00
0.000000000000000000e+00
0.000000000000000000e+00
0.000000000000000000e+00
0.000000000000000000e+00
0.000000000000000000e+00
0.000000000000000000e+00
0.000000000000000000e+00
1.521428876511110140e+00
7.183297658202354057e-05
5.506634615099518015e+00
7.255363933346311001e+01
9.561072856518866570e-02
1.859602628264567681e+00
2.048981611107270595e+01
2.651608755811047172e-02
1.478369377538929363e+01
3.729083292613566414e+00
3.192860803612050120e-10
3.363242855121963526e+00
4.558082029076134161e-10
9.634874117393761246e-11
0.000000000000000000e+00
0.000000000000000000e+00
1.517324775672040395e-12
4.200439427936500728e-03
6.373427343277640881e-17
1.768052296579983462e+01
1.727401417146058520e+03
1.743163925393599989e+00
0.000000000000000000e+00
2.748967235563569744e+01
1.413288223687384049e+00
2.464130718516740703e+00
2.068687620632032875e-02
8.958374758835328799e-02
3.121446643882252943e+02
1.180654441032436637e+02
4.465082843544441289e+02
1.601483070104654981e-11
7.851873254744500485e+00
1.413341444278276526e+02
1.103317809526191837e+02
2.147986760643328097e+01
5.451615737448108234e+01
6.936785336233995735e-14
1.070879473380103930e-11
1.402451792070967394e-09
2.494583293601590148e-09
1.389061101039783885e+01
3.468635065112546986e-09
6.467212085351381479e-01
1.819292720255529794e-01
9.116350873363637808e-02
2.921081178188779859e+02
2.026368586662580675e-13
9.996350867450022633e+03
3.477442634313244962e+00
4.754688920594543622e-01
7.704146102149189712e-01
2.461142543168721275e+01
8.531103357994096470e-02
8.531587647181559930e-01
1.099387259824480978e+01
3.822779978281022895e-01
1.278224457666299885e-01
4.799428651742040225e-02
4.343631630293979917e+00
2.005879661701327699e+00
8.834341292263993284e-03
2.090608333114926722e+02
1.620249877902182334e+01
2.875469531309458524e-02
5.123186250904661065e-01
7.667391683849893447e-01
1.473117174109868643e-01
2.203288498708804255e+01
3.342318059782185746e-13
1.026102006898617621e-10
3.430420239904501614e+02
0.000000000000000000e+00
2.000912418030461737e+01
2.110647809634419403e+01
2.141542552118564799e+02
1.213013196874581784e-01
4.576917195598523835e-01
7.030588584232425831e+01
0.000000000000000000e+00
1.378438477183382101e-11
2.681874365018184747e+01
7.823355524314684978e-10
4.060039814120148249e-01
3.537189705339158312e-10
3.938975076796682562e-04
1.861387787022475773e-02
2.751447368129341653e-01
1.000841262858595216e-16
5.136672001840882767e-02
0.000000000000000000e+00
4.660512600155931606e-01
1.762789972143443684e-01
4.467114254889376745e+00
4.712102291606105275e+00
2.147996452101968856e+01
3.437066723610981463e-15
8.911713129516651549e-15
6.948725229444272045e-11
1.801469498266178286e-10
1.042306292125073722e-13
1.503105051566255845e-03
9.817080384654330687e-04
8.546544099519775770e-04
1.621462334324806354e-01
2.185439456523883325e-03
5.485634570868660326e-02
0.000000000000000000e+00
3.556161994479017543e-13
2.349037826879679702e-12
4.704092565006974471e-04
3.266168974828771311e-13
3.072178490891006703e-13
0.000000000000000000e+00
1.374948363302433025e-12
3.636349475480761539e-02
1.322342731198962007e-04
3.752385926339431819e-04
1.419300596508804449e-04
1.091341970300560718e+02
4.415227768659443441e+00
6.070348204981972362e-01
9.474078851929890632e+00
3.583470807552788351e+00
3.642507157992796341e+00
0.000000000000000000e+00
0.000000000000000000e+00
0.000000000000000000e+00
0.000000000000000000e+00
6.031685523526898152e+01
6.582565973478590138e+01
0.000000000000000000e+00
0.000000000000000000e+00
0.000000000000000000e+00
0.000000000000000000e+00
0.000000000000000000e+00
4.223815364579499090e-03
3.406629163465900098e-03
3.162480333325427655e-04
1.815266064787042759e-03
2.605887885904101687e-03
5.376216566653199691e-03
5.376216566653199691e-03
5.376216566653199691e-03
5.376216566653199691e-03
2.461678159087684128e-02
3.794982358112791161e-06
1.421220545556110132e-02
5.376216566653199691e-03
5.376216566653199691e-03
5.376216566653199691e-03
5.376216566653199691e-03
5.376216566653199691e-03
5.376216566653199691e-03
5.376216566653199691e-03
5.376216566653199691e-03
5.376216566653199691e-03
5.376216566653199691e-03
5.376216566653199691e-03
5.376216566653199691e-03
5.376216566653199691e-03
5.717773419555999964e-04
9.420411206955300182e-03
4.703248135821100177e-03
1.498765032630679922e-02
2.770337121422000162e-04
2.087240296962000101e-04
1.993629739108185913e-03
5.578638961730716462e-04
7.793623804342327509e-03
2.449029608122514721e-03
3.162480333325427655e-04
8.241431722599626419e-03
4.312362470384514465e-03
3.080261673688513765e-03
1.397818005394642522e-03
1.264992133330171062e-03
2.765276648434673162e-02
5.664642177012429135e-03
0.000000000000000000e+00
8.651289817275826383e-03
1.312811145338248220e-02
6.946084695506529044e-03
4.770291781476399678e-02
5.013171695066999042e-03
3.744382593337000176e-04
5.047326536290000238e-04
1.184919693708635577e-02
1.628045942099728147e-03
4.085931005567999840e-04
1.152410635767213594e-03
2.785516554344544260e-03
2.023990590993499574e-05
3.397775197650715687e-03
4.105538200918985581e-01
1.303955987898576009e-02
1.264994119370919446e-06
0.000000000000000000e+00
4.457838283642785900e-03
2.529988238741870656e-06
1.264994119370919446e-06
3.288984710364429312e-05
3.390194170117145759e-04
0.000000000000000000e+00
7.792368740426572522e-04
4.800653676033014502e-03
4.658971355602370933e-03
0.000000000000000000e+00
8.627264859211575525e-04
3.657096013060571593e-03
2.656487650678969017e-05
0.000000000000000000e+00
1.264992133330171062e-03
8.348981048255290499e-04
5.577358079285986772e-03
2.560349090627114278e-03
1.258670638304571670e-03
0.000000000000000000e+00
6.957467656540150319e-05
2.326324682033256534e-03
1.401613980773157471e-03
1.602241204038089978e-02
9.791064414134144876e-04
8.514671941914400341e-03
4.326299748655289268e-04
2.788047039093499366e-03
8.322394325300569787e-03
0.000000000000000000e+00
7.273712710811499824e-03
2.488241943272028172e-03
1.036030680274957309e-03
4.819627594803199688e-03
6.324960666650869404e-04
6.324960666650855309e-04
6.881582904682730442e-04
1.122176432247006320e-02
1.174926140863563791e-02
1.712801541118042208e-03
2.896583186978439819e-02
7.016922380150499711e-03
4.791797227666842393e-03
3.162480333325427655e-04
3.151100847863157715e-03
6.684225451184596864e-03
0.000000000000000000e+00
5.264907014352370948e-03
1.003140336661100061e-03
1.264994119370919446e-06
0.000000000000000000e+00
2.576792028138215340e-02
1.528619191753954193e-02
4.094788943464842956e-03
1.163920543071986745e-02
0.000000000000000000e+00
2.338593883715764030e-02
2.264338977163742571e-03
2.528721755091928054e-03
1.074991704735305496e-02
4.036594745382028789e-03
2.903162496976614739e-03
2.552759622421071645e-03
3.369943340983785722e-03
2.909486474553155913e-05
1.629313418770114361e-03
0.000000000000000000e+00
5.059976477483741313e-06
1.202251652325612291e-02
0.000000000000000000e+00
6.324970596854693582e-06
5.059976477483741313e-06
6.818308373205518927e-04
6.388220302823000409e-04
6.847409692583501448e-03
4.933477065545998665e-04
1.119519299133042798e-03
2.024040242005723073e-05
0.000000000000000000e+00
