1.897392000000000053e+03
1.802499026519186884e+02
3.582017334354455240e+00
3.893395753196950295e+02
2.239276498126751669e+00
8.968756800620702380e-73
2.933221979702816559e-102
3.587653606781060045e+00
3.598490853954709578e+00
3.599156456966351669e+00
3.698012107615182842e+00
3.702028440395540798e+00
3.711542072071680298e+00
3.712853538352398175e+00
3.740059009102378873e+00
3.777322198807513853e+00
3.832364239229478553e+00
3.596543757591136092e+00
3.623306340111370538e+00
3.668082114025277729e+00
3.698203407653813723e+00
3.745810397374088829e+00
3.872363352482661725e+00
3.923000512035671239e+00
3.956191055055750194e+00
4.015778524488944790e+00
4.039170679513564899e+00
3.965079909992499374e-01
6.583465552805107279e+01
1.535019038479672737e+01
3.500682343270883692e-04
1.217232349695747250e-05
0.000000000000000000e+00
0.000000000000000000e+00
7.171058264726565312e+01
1.524766238283774840e+02
0.000000000000000000e+00
8.107686438293923104e+00
1.902512744549142987e+00
7.970740398866936630e+03
3.464325368525380977e+00
3.537767600290694231e-02
1.128399819141485750e+03
7.713422672676215619e-01
1.526806484120454277e+00
1.954468183914239532e+01
3.972670195711592189e+00
2.546000306110443590e-01
8.893543613820833471e-01
2.745843191451166287e+00
1.140873025812386743e+01
1.122036401306599318e+00
1.412865397309272169e+02
4.924030321235761676e+01
1.602365035983293140e+01
5.529829494629576203e+01
4.022190117982066937e+00
1.404275020515550310e+01
5.212122459475510006e+00
1.277859455863216143e+00
2.044237546829263508e+01
5.948351952893685679e-01
1.088103501630028376e+02
1.158918017612475992e+01
4.204345680113220851e+00
4.152093237908083267e+01
3.443677257440735495e+00
3.900604709162137862e+00
6.841919425748431705e-01
7.116751125620717744e+01
7.300548480702516718e-01
9.402897999130114925e+00
2.651894990308426969e+01
1.674039672836750015e+01
8.395914525986301891e-02
1.497720318032879916e-01
8.989963121980430515e+03
1.950079513014713273e+00
2.894451472639744338e+00
3.349632251589345633e-01
3.181847435075132319e-02
3.629867118734150799e-02
2.369575473628230018e-03
0.000000000000000000e+00
5.252609865350765794e+00
0.000000000000000000e+00
0.000000000000000000e+00
1.205116154934691819e+00
0.000000000000000000e+00
1.545133747087485787e+01
0.000000000000000000e+00
5.980154507517702455e-04
2.861890401553478583e-03
5.398396903556101000e-06
8.733287876979665043e+01
8.248565657651692890e-03
6.355533938987244474e-05
4.957926062922368260e+00
9.947281798582856553e-10
2.112581418498913122e-05
3.094662453351716918e-09
2.070586681891660064e+01
8.237671753752485190e-05
3.274731161788756140e+02
6.511667714142054242e-07
3.766135757115691152e-01
6.663879664314663387e+01
1.141913129303212277e-04
3.082002681523667718e-06
3.549730367741712200e+01
3.354016705717591815e-04
1.154643699988498469e+02
1.124131959422067949e-07
1.384239890549780131e-04
1.866545601021922605e-03
5.069560656005548616e+00
2.895690111763342053e-02
1.101598278418096838e-04
1.701474902160740989e-03
3.836908470545828746e-07
5.874924785411017530e-06
2.259973843900312204e+03
2.739149229135540435e-06
2.226250674611402749e-04
1.760004218327494527e+04
2.252626438516299595e-02
2.242815059620840434e-01
1.878641294824478564e+03
2.404471103364820214e-03
1.470252730796160409e-02
1.566536117232134387e-02
1.165610694874917863e-01
2.884046724481214156e-06
4.170056447680241529e-01
1.416959524897836462e-10
1.920046770036604354e-12
2.404675336799303243e-12
3.773118363376623389e-04
2.440201264346215118e-10
1.664138339725565185e-01
6.092085285337035749e+00
1.866449376824013496e-11
2.620746306093710730e-12
6.857954236890488348e-13
2.020881402208493432e-09
2.868112814312452088e-10
7.356859025764262843e-11
4.805487871409373286e-12
1.751581772081901577e-18
5.156956990902900909e-10
8.722565214146439722e-13
1.739801505547687103e-10
1.387539681930347880e-14
3.378678689555833703e-09
3.387863652253456227e-12
6.717375405726851059e-16
4.897357657552514656e-18
6.118896864100316219e-19
1.919707493911839051e-16
5.052065789051157451e-17
1.316161937229977584e-17
0.000000000000000000e+00
2.344654283170377340e+01
4.255402644276163926e+01
2.195475481296908912e-04
3.985152173894407606e-04
4.980994593080707600e-05
2.357440343177965728e-13
4.278597756490368651e-13
0.000000000000000000e+00
1.541143327056185086e+01
2.160542760610380719e-04
2.006760108596387315e+00
3.580664750928027468e-02
1.615733841317313832e-02
5.497348612746095764e-01
5.147562019117313252e-06
1.167856668130091780e-06
5.527243711865916741e-15
4.820104746831045815e-11
1.093564574615904673e-11
5.175633348337406957e-20
1.174225370224693972e-20
5.557385568792511416e-29
2.375105212002220079e-01
4.027059051612125531e-03
1.473050530605626962e+00
9.578880463160727166e-02
3.996301922037177598e-16
7.004884567816675723e-24
3.296927619253881294e-32
1.973766778588446993e-17
4.147582589626820334e-20
1.500551368963996255e-17
3.475732220117353194e-19
0.000000000000000000e+00
7.836004969260664789e-15
7.751140953907658281e-20
8.067460966413728428e-29
1.366056170060072043e-27
1.405581753931296044e-22
3.483724656493683646e-28
0.000000000000000000e+00
1.580862947273825042e-36
6.428103220749434915e-36
0.000000000000000000e+00
6.609559753209050719e-31
1.449973926201113327e-36
6.866820531390118895e-45
2.602312899529562353e-16
1.240470672464260396e-38
2.003625072917025183e-16
5.973318944196331233e-18
0.000000000000000000e+00
2.189052193390294671e-31
1.627579111304847113e-38
3.140797009488675772e-47
7.315780539655636753e-47
5.608174516465717895e-55
1.461447889060336602e-63
8.816103586211654100e-34
8.599559212109164242e-42
2.233840082690706078e-33
6.285755495201973188e-36
0.000000000000000000e+00
4.255866892980010086e+00
3.985117819445536155e-05
4.279062750402883625e-14
3.455688672603015820e-19
0.000000000000000000e+00
7.714529183586552652e-15
2.155154623574844813e-31
7.706093368324173610e-20
1.617912640623322578e-38
8.020445145383343804e-29
3.122335090223347648e-47
1.364731533833439832e-27
0.000000000000000000e+00
1.397201451464760775e-22
1.579131723060531825e-36
5.601389725350660420e-55
6.422014501200716136e-36
0.000000000000000000e+00
6.571147794661126020e-31
1.448446351757403030e-36
6.859798170548702861e-45
1.459915115209202131e-63
2.600182525021055702e-16
8.808168021835646427e-34
8.591066278739361539e-42
1.239142257191283262e-38
2.231195728906087652e-33
2.001320817801145824e-16
5.966889640794053876e-18
0.000000000000000000e+00
6.278157167509854768e-36
0.000000000000000000e+00
6.928535870399855245e-18
0.000000000000000000e+00
7.214281021878416008e-36
0.000000000000000000e+00
2.428117630481500414e-23
0.000000000000000000e+00
5.503888464592012043e-19
1.524298538746094800e-35
5.415548983030227434e-24
1.124974209082781914e-42
5.579329886924145442e-33
2.148511177011129980e-51
9.643965065718248947e-32
0.000000000000000000e+00
9.821315160889141104e-27
1.102975003427170648e-40
3.864929614803675580e-59
4.480549933603307082e-40
0.000000000000000000e+00
4.559953866696626575e-35
1.011294699200550732e-40
4.731633751448119295e-49
9.944321341606683216e-68
1.832792110080234942e-20
6.136969337734657437e-38
6.154069822013857157e-46
8.807848489332230716e-43
1.550454001758202125e-37
1.405238753824813475e-20
4.205719233954594141e-22
0.000000000000000000e+00
4.372326859366604347e-40
0.000000000000000000e+00
2.146180785190498679e-18
0.000000000000000000e+00
1.354909765755946816e-13
3.707065745132917901e-30
4.786790749678352088e-19
9.807718110018507305e-38
4.869508916451267454e-28
1.849681017485140347e-46
6.730329283276565579e-28
0.000000000000000000e+00
8.685492827240755876e-22
7.660198476309776279e-37
2.670988701652605701e-55
3.110993661977134462e-36
0.000000000000000000e+00
3.969317671800091423e-30
7.022842222482201524e-37
3.270239658906602332e-45
6.839613689094661196e-64
1.289295931403595960e-16
4.296282872513081701e-34
4.311220355810094580e-42
6.158321608169773814e-39
1.083758654454008045e-33
9.864651748463786717e-17
1.276455865443694810e-17
0.000000000000000000e+00
1.096260629002797685e-35
0.000000000000000000e+00
2.148077793279978263e-18
0.000000000000000000e+00
1.356079476486847017e-13
3.710300783259513935e-30
4.791021418381317707e-19
9.816497194202223943e-38
4.873864119704569475e-28
1.851356870735031399e-46
6.739961010238532421e-28
0.000000000000000000e+00
8.693166277675797298e-22
7.671253643454303182e-37
2.674877638343760149e-55
3.115486584333512466e-36
0.000000000000000000e+00
3.972877256636279111e-30
7.032980106006580564e-37
3.275001677591704595e-45
6.849663766243111868e-64
1.291135748094085319e-16
4.302465217212831767e-34
4.317335964039643724e-42
6.167100325905091077e-39
1.085321475598179030e-33
9.878770816943372931e-17
1.276556890532566023e-17
0.000000000000000000e+00
1.096362790696353350e-35
0.000000000000000000e+00
1.556926616621558780e-17
0.000000000000000000e+00
1.335283953580053589e-35
0.000000000000000000e+00
1.449649629150527471e-22
0.000000000000000000e+00
3.596855968960117968e-18
1.004385021179837167e-34
2.873756779482449135e-23
6.030312760685497804e-42
4.110450754337251728e-32
1.599658227125239788e-50
4.452686494582484826e-31
0.000000000000000000e+00
5.210314730317531698e-26
6.621707048793753842e-40
2.347919911219666865e-58
2.992027854827389851e-39
0.000000000000000000e+00
3.367068250988326922e-34
6.073299433547268390e-40
3.833664841577387798e-48
8.155754796615185913e-67
2.423822276430506433e-20
8.208254589422313232e-38
4.005571325976689135e-46
5.776099265223094002e-43
8.315898459424887916e-37
7.461583431717120830e-20
1.614698139566119581e-21
0.000000000000000000e+00
1.680907849271035152e-39
0.000000000000000000e+00
9.017103952196451054e-22
0.000000000000000000e+00
6.325022296022317938e-17
1.730541953272345611e-33
1.787701053839915226e-22
3.662845637913388901e-41
2.500554303040523576e-31
9.498397961776296183e-50
2.200548013116038296e-31
0.000000000000000000e+00
3.243731612567390611e-25
3.220156836938811873e-40
1.122823429717769753e-58
1.453101122474550189e-39
0.000000000000000000e+00
2.038305260308809590e-33
2.952243140477783174e-40
1.832980040710046928e-48
3.833627799473350273e-67
1.204422989054255721e-20
4.013465092048607524e-38
2.013614634186921874e-46
2.876329388936612679e-43
4.049478448141243589e-37
3.685938576203838910e-20
3.630882849236461062e-21
0.000000000000000000e+00
3.113963000751594443e-39
0.000000000000000000e+00
5.897106663031633317e-20
0.000000000000000000e+00
1.315711148071330367e-15
3.677154110975363467e-32
9.862386979474939448e-21
2.069301503812986877e-39
1.026159652801424922e-29
3.994055332562459318e-48
1.746461589093660433e-28
0.000000000000000000e+00
1.788259129371781449e-23
1.346818860085834687e-37
4.776184994661202462e-56
8.216695163811266221e-37
0.000000000000000000e+00
8.408076693004435195e-32
1.235492554258588265e-37
5.849851726363119224e-46
1.244650331399708434e-64
4.437247191915275351e-17
1.502773200923890643e-34
1.832946397776538329e-42
2.642986499354039515e-39
1.902910610647651263e-34
5.121780796456097950e-17
4.433622477668793413e-19
0.000000000000000000e+00
4.615087617523959914e-37
0.000000000000000000e+00
8.083726773736325455e-20
0.000000000000000000e+00
9.031710188145282848e-16
2.520400078923945440e-32
4.509404009300970836e-20
9.451402545761010071e-39
1.872331094151990938e-29
7.277069550588050599e-48
9.568386718610151468e-28
0.000000000000000000e+00
8.144992744806695322e-23
1.104971121080548299e-36
3.912283424245565631e-55
2.246782350082591131e-36
0.000000000000000000e+00
1.535165443552744837e-31
1.014200918279548687e-36
2.393712799309021252e-45
5.094875378320283875e-64
9.133266398835695844e-17
3.088169233782118175e-34
2.994217953755662288e-42
4.311977742881097399e-39
1.821416654330014215e-33
1.870243628726249403e-16
4.223418713640906197e-18
0.000000000000000000e+00
4.389168082909084994e-36
0.000000000000000000e+00
6.786535848628686375e-20
0.000000000000000000e+00
7.575708745546089772e-16
2.116115409704816934e-32
3.784026032272902516e-20
7.943403122194777636e-39
1.574883489585597339e-29
6.130886432577632925e-48
8.041240438845269288e-28
0.000000000000000000e+00
6.860858156640757080e-23
9.301565864691811209e-37
3.299278442605161621e-55
1.891632934494508745e-36
0.000000000000000000e+00
1.290409854744741181e-31
8.532790147157125691e-37
2.020244241700619285e-45
4.298724170050032200e-64
7.660612279948435895e-17
2.594603848225640417e-34
2.529677268400771023e-42
3.648188353668602097e-39
1.532361775484201539e-33
1.571080404764199080e-16
3.571763025009443027e-18
0.000000000000000000e+00
3.718408566793833234e-36
0.000000000000000000e+00
1.350629145815196471e-21
0.000000000000000000e+00
9.474003260703471223e-17
2.592087027475981430e-33
2.677728971253908102e-22
5.486374886207253286e-41
3.745422574379108314e-31
1.422697396309107464e-49
3.296105892959424979e-31
0.000000000000000000e+00
4.858663053596181466e-25
4.823246751756083007e-40
1.681787295802362523e-58
2.176509193321790313e-39
0.000000000000000000e+00
3.053060263832231307e-33
4.421983005681946672e-40
2.745473531291142643e-48
5.742007886450448548e-67
1.804060535013298641e-20
6.011549087621083859e-38
3.015997106505666144e-46
4.308143726368047099e-43
6.065177966685850802e-37
5.520738498439774978e-20
5.438529312047217316e-21
0.000000000000000000e+00
4.664223746240025354e-39
0.000000000000000000e+00
1.096576153920111930e-20
0.000000000000000000e+00
2.720815007074442492e-16
7.597590233844268503e-33
2.173831226437481002e-21
4.561579595553605364e-40
3.109316119636525264e-30
1.210047410437098054e-48
3.368199829695863925e-29
0.000000000000000000e+00
3.941302359607114672e-24
5.008935187840574093e-38
1.776063324077648262e-56
2.263294423431468711e-37
0.000000000000000000e+00
2.546989817704781426e-32
4.594096252744811799e-38
2.899941713445849983e-46
6.169344252458930385e-65
1.833481305311002606e-18
6.209066462261254718e-36
3.029984821455785881e-44
4.369285825086710279e-41
6.290491668240520341e-35
5.644255380599309386e-18
1.221425783074529720e-19
0.000000000000000000e+00
1.271509112105028499e-37
0.000000000000000000e+00
5.358928191986260687e-19
0.000000000000000000e+00
1.195601270753907455e-14
3.341545062598915904e-31
8.962308613807021805e-20
1.880389680347667913e-38
9.324954473274360460e-29
3.629459889916241146e-47
1.587066905059037730e-27
0.000000000000000000e+00
1.625060432805057615e-22
1.223881738632223260e-36
4.340166569768772038e-55
7.466714542377121759e-36
0.000000000000000000e+00
7.640651383285938366e-31
1.122723042846075192e-36
5.315848319606065646e-45
1.131018830389288904e-63
4.032298473909065761e-16
1.365613515724189197e-33
1.665691365408867631e-41
2.401781912570135246e-38
1.729218865678834974e-33
4.654331627752384749e-16
4.028995084716719429e-18
0.000000000000000000e+00
4.193840066073270794e-36
0.000000000000000000e+00
8.000555479463044963e-19
0.000000000000000000e+00
8.938840639591073243e-15
2.494467018506156120e-31
4.463023164618443683e-19
9.354089260186596778e-38
1.853042314727246087e-28
7.202020215496484700e-47
9.469873099147131836e-27
0.000000000000000000e+00
8.061002786385355743e-22
1.093581689758283576e-35
3.871909065225180460e-54
2.223621534400195660e-35
0.000000000000000000e+00
1.519357355742339615e-30
1.003750976061154298e-35
2.368996716039960585e-44
5.042278975021877681e-63
9.039355122939590681e-16
3.056379437450347259e-33
2.963279220682873085e-41
4.267379816216552619e-38
1.802649843043258600e-32
1.850993292210521897e-15
4.179982786411515942e-17
0.000000000000000000e+00
4.344016774025778929e-35
0.000000000000000000e+00
0.000000000000000000e+00
0.000000000000000000e+00
0.000000000000000000e+00
0.000000000000000000e+00
0.000000000000000000e+00
0.000000000000000000e+00
0.000000000000000000e+00
0.000000000000000000e+00
0.000000000000000000e+00
0.000000000000000000e+00
0.000000000000000000e+00
0.000000000000000000e+00
0.000000000000000000e+00
0.000000000000000000e+00
0.000000000000000000e+00
0.000000000000000000e+00
0.000000000000000000e+00
0.000000000000000000e+00
0.000000000000000000e+00
0.000000000000000000e+00
0.000000000000000000e+00
0.000000000000000000e+00
0.000000000000000000e+00
0.000000000000000000e+00
0.000000000000000000e+00
0.000000000000000000e+00
0.000000000000000000e+00
0.000000000000000000e+00
0.000000000000000000e+00
1.529931414799152289e+00
7.183298169263432767e-05
6.623959102101218299e+00
9.920998550727462373e+01
1.212728427638498363e-01
2.197700123690530472e+00
2.176499300918926139e+01
2.914835981328948999e-02
1.455296641472709140e+01
4.105917373663246828e+00
3.415791858400679954e-10
3.438071045786431412e+00
6.805928625253901088e-10
9.318127892963252399e-11
0.000000000000000000e+00
0.000000000000000000e+00
1.186733190496928225e-12
4.200440611667920904e-03
4.984800676636742574e-17
1.481915945800357726e+01
1.512886185927604856e+03
1.849402373222759577e+00
0.000000000000000000e+00
2.196183142418212242e+01
1.210709233982754984e+00
1.784522098344800023e+00
2.820717394203048692e-02
7.190817381139873177e-02
5.033205786605199705e+02
1.103739224396342706e+02
2.420986507052654133e+02
1.516761383918908385e-11
7.320843532537250731e+00
1.317754477847299768e+02
1.136428853589280408e+02
2.062784568931368412e+01
5.235642552468554101e+01
7.537101469715059215e-14
9.303463500243900770e-12
2.625655826350441132e-09
4.395752685724386166e-09
1.104859778636907741e+01
4.902214074694206865e-09
6.467211953685231274e-01
1.812481234747908565e-01
9.063603098788394763e-02
2.517552074731644325e+02
1.583713816101959596e-13
9.996265754210982777e+03
3.578632741679436347e+00
4.307970140420064320e-01
8.185068280346586844e-01
2.515963049251915962e+01
8.177355934657380698e-02
8.177604407886042148e-01
9.469717177906000316e+00
3.388727744442756040e-01
1.064359700334887304e-01
6.877246249746056528e-02
3.527435498000625280e+00
2.308210383609555105e+00
8.473365725193889378e-03
1.942320338193524094e+02
1.443336047489014007e+01
3.182247388014443346e-02
5.172367854167946311e-01
7.275168060524388469e-01
1.644901883098927320e-01
2.063105889731920328e+01
2.448014280436812325e-13
7.510265141414570944e-11
3.398271547073270540e+02
0.000000000000000000e+00
4.813107473790942237e+01
3.629189106588064817e+01
1.996669626371597985e+02
1.744405887417566081e-01
6.133360116598560730e-01
6.839086647905155303e+01
0.000000000000000000e+00
2.785054274121456415e-11
2.359183375070261945e+01
6.658607161419209689e-10
3.440635735358887892e-01
2.900326381728953950e-10
5.061392242544024422e-04
2.201256753375116504e-02
2.197611073330366926e-01
6.855770264837228043e-17
4.567762789707685567e-02
0.000000000000000000e+00
6.032126258457536361e-01
1.322794889096526316e-01
5.826219563506069399e+00
4.393105231988151615e+00
2.062790467518768622e+01
3.586195841207545415e-15
9.027600826699396558e-15
1.249415891179541103e-10
3.144644447345020289e-10
7.562670460668803412e-14
1.401512810202606551e-03
9.245653225756420013e-04
8.189217933322747800e-04
1.443951494024028059e-01
2.114874516348981461e-03
5.163631264889818190e-02
0.000000000000000000e+00
2.914558506665438739e-13
1.998464379499446165e-12
6.483973301871700243e-04
3.478025872673459324e-13
5.002967963639339181e-13
0.000000000000000000e+00
1.113258763800160444e-12
4.037100193630673017e-02
1.629502649605304619e-04
7.455999538277029116e-04
1.635037896763037409e-04
1.117317843881178874e+02
3.829605259216754209e+00
3.184155339247143335e-01
8.013236918479627491e+00
1.757238296278105238e+00
5.219652732462905398e+00
0.000000000000000000e+00
0.000000000000000000e+00
0.000000000000000000e+00
0.000000000000000000e+00
5.957709473612272433e+01
6.656542023393258489e+01
0.000000000000000000e+00
0.000000000000000000e+00
0.000000000000000000e+00
0.000000000000000000e+00
0.000000000000000000e+00
3.907567331246956759e-03
6.885357530123871819e-03
4.098580946760998372e-04
1.499018031454499994e-03
3.238383952569185483e-03
5.376216566653199691e-03
5.376216566653199691e-03
5.376216566653199691e-03
5.376216566653199691e-03
2.145430125755141276e-02
3.794982358112791161e-06
1.674218972222144344e-02
5.376216566653199691e-03
5.376216566653199691e-03
5.376216566653199691e-03
5.376216566653199691e-03
5.376216566653199691e-03
5.376216566653199691e-03
5.376216566653199691e-03
5.376216566653199691e-03
5.376216566653199691e-03
5.376216566653199691e-03
5.376216566653199691e-03
5.376216566653199691e-03
5.376216566653199691e-03
5.717773419555999964e-04
9.420411206955300182e-03
4.703248135821100177e-03
1.498765032630679922e-02
2.770337121422000162e-04
2.087240296962000101e-04
1.677381705775643148e-03
8.741119295056144116e-04
8.109871837674869841e-03
3.081525674787600252e-03
3.162480333325427655e-04
6.976439589269457960e-03
2.098626237056715541e-03
2.447765607023428235e-03
2.030314072059728053e-03
2.844970284934628460e-03
2.955025468434198388e-02
4.399650043682258073e-03
7.589964716225612816e-06
9.283785883940911046e-03
9.016887020059418875e-03
9.792316995499414367e-03
4.548918158143619439e-02
4.064427595069370312e-03
5.819022600115726564e-05
5.047326536290000238e-04
9.002964637093468711e-03
6.793018421020998506e-04
3.162480333325427655e-04
2.417402769097385523e-03
1.520524421014371897e-03
2.023990590993499574e-05
2.449031097653087390e-03
4.042288594252476663e-01
8.612087412330158773e-03
1.264994119370919446e-06
0.000000000000000000e+00
4.457838283642785900e-03
2.529988238741870656e-06
1.264994119370919446e-06
3.288984710364429312e-05
2.277138367917179689e-05
3.162480333325427655e-04
1.411732940707742783e-03
7.646885976025898958e-03
2.761483155607114773e-03
1.505343002051000019e-04
9.487440999976282964e-04
2.392103879730399663e-03
0.000000000000000000e+00
0.000000000000000000e+00
0.000000000000000000e+00
3.048634338153328408e-03
4.628613979288357175e-03
2.876597123959658345e-03
1.574918671637114435e-03
5.059976477483741313e-06
6.957467656540150319e-05
3.275068782030884831e-03
2.350358080770785767e-03
8.116211207067326738e-03
1.611602508078500019e-03
3.454703408593716094e-03
2.962614241525871051e-03
4.369287205756213627e-03
6.108658091972770862e-03
3.162480333325427655e-04
6.008720577481328762e-03
1.223249809941856893e-03
7.197826469424144355e-04
5.135875628135742020e-03
1.264992133330171712e-03
1.123538713914281450e-18
3.719102571357302245e-04
1.248675645580023252e-02
8.903029108642752584e-03
1.396553507785500093e-03
2.295711923646608782e-02
7.965666480148125839e-03
2.261812961006499836e-03
4.718433030354571354e-04
2.202356747865529419e-03
5.419233317854428404e-03
1.177709525134300068e-03
6.213651114349999678e-03
1.319388369993642826e-03
1.264994119370919446e-06
1.011995295496748601e-05
1.628047928140586784e-02
1.243995961754665661e-02
5.992277143460099549e-03
8.160477064061895727e-03
1.693825636307028483e-03
1.959096243716712538e-02
4.794323243824084695e-03
3.149855217641286953e-04
1.011742098068796857e-02
3.720346712049486023e-03
5.749394796969499628e-03
4.766495855748871004e-03
3.053695307651243390e-03
2.909486474553155913e-05
2.261809485435199892e-03
1.657142296375000074e-04
5.059976477483741313e-06
2.150995752323240501e-02
0.000000000000000000e+00
6.324970596854693582e-06
5.059976477483741313e-06
4.933477065546644307e-05
9.550700636148428064e-04
4.949921492588242253e-03
4.933477065545998665e-04
8.032712658005000325e-04
6.527364690851426973e-04
0.000000000000000000e+00
