1.897392000000000053e+03
2.172109001983068595e+02
5.686142126857963497e+00
2.353996365389785410e+02
2.001995361269841567e+00
3.061672800607294335e-72
2.079616684552215007e-103
5.688930601628813477e+00
5.694289707566715819e+00
5.694618838980781916e+00
5.728484529651132640e+00
5.729844197099925651e+00
5.732969559197030662e+00
5.733398627688750082e+00
5.741466882839233676e+00
5.750978011107026333e+00
5.761918705254885253e+00
5.693293661434303488e+00
5.705791594272687561e+00
5.723760365938338701e+00
5.734578193113082811e+00
5.748522574958611742e+00
5.768476225041151650e+00
5.774439349884832318e+00
5.777586895203670636e+00
5.781234796305047219e+00
5.782398986688298770e+00
5.972403522225937511e-01
7.622800963201709123e+01
1.474630691336264654e+01
3.700393631991074662e-04
1.066052898822909822e-05
0.000000000000000000e+00
0.000000000000000000e+00
4.350540568570504973e+01
1.522718108262211558e+02
0.000000000000000000e+00
7.068969903413497846e+00
1.721677876602852875e+00
7.965237110227350968e+03
4.418378561165583029e+00
4.202679094174019414e-02
1.129455200488389437e+03
9.427681664952368701e-01
1.631187209597047882e+00
2.328029524511970649e+01
4.739618265754748094e+00
2.538280779200288717e-01
8.870816165508872420e-01
2.737062421520685351e+00
1.140849414987170363e+01
1.123292080842026142e+00
1.412632954584578329e+02
4.930458895359100779e+01
1.603556924236516323e+01
5.529831103519855162e+01
4.021953070283768028e+00
1.404589757480975365e+01
5.189673285358703758e+00
1.278129905246700559e+00
2.053173812505750462e+01
5.912346599757769550e-01
1.088172583270799549e+02
1.154275266454586024e+01
4.203755299875394869e+00
4.139916558392476986e+01
3.443574952808099443e+00
3.900468339167009635e+00
6.841709257708697978e-01
7.116752039260447305e+01
7.300308311096395109e-01
9.402866615536611405e+00
2.651896208449438319e+01
1.674039048084428316e+01
8.431789725927218981e-02
1.497720318032879916e-01
8.992086421058753331e+03
2.485887616732134209e+00
2.891084036621283548e+00
3.953165086305850950e-01
3.167977025029110327e-02
3.610743825389167022e-02
2.366643285596394929e-03
0.000000000000000000e+00
4.719691266251152761e+00
0.000000000000000000e+00
0.000000000000000000e+00
9.831546396052561754e-01
0.000000000000000000e+00
1.640179910716011946e+01
0.000000000000000000e+00
6.122987028427274298e-04
2.861749767447239676e-03
5.526821075243059991e-06
8.873117130869266589e+01
8.576485304034301219e-03
1.578172121103828165e-04
4.850216154943426616e+00
2.416360241022994066e-09
4.010655902113386610e-05
6.236410191145904670e-09
8.655259472885651562e+00
8.550456327118785733e-05
3.292036591621042589e+02
1.625464621187258899e-06
4.066494249959130003e-01
6.175502150121080547e+01
1.083367255512288259e-04
2.374819361325593474e-06
4.407655901133606591e+01
3.208204340843905924e-04
1.155111328662876389e+02
8.665484853211714387e-08
1.056336801170446423e-04
1.421907437155879236e-03
6.294507853241432471e+00
2.748747937237874805e-02
6.392846714642831283e-05
1.241831416436472426e-03
1.292273291584220002e-07
2.534953879860516825e-06
2.259985803014837984e+03
9.225837324026281434e-07
1.179123976495152906e-04
1.732812302572956833e+04
1.174703258243205498e-02
1.178997888204582761e-01
1.963541295137643374e+03
1.331117611205771475e-03
1.079615160388580804e-02
8.268030044484673755e-03
1.153375654170420012e-01
1.506173274741480901e-06
3.585645457278709425e-01
4.116406139655638430e-11
1.410631598478049805e-12
1.792243854283209517e-12
5.789670628280703304e-04
7.630035319157849472e-11
1.091522985616311808e-01
6.098412865033215446e+00
1.753430314451680139e-11
2.602975282620102086e-12
4.326867906286717876e-13
2.344531999710806683e-09
3.415951463574895902e-10
5.685800833910018315e-11
2.594323081081037614e-12
9.460172495488590645e-19
3.490505693108750614e-10
4.979028360240607355e-13
9.956753356669698111e-11
1.396108810973180561e-14
3.355939741046043477e-09
3.365166872496601794e-12
8.275914227577138013e-16
4.916534655094096207e-18
6.142718394358994966e-19
3.315469036683222282e-16
6.295950452169878718e-17
1.321316405487293246e-17
0.000000000000000000e+00
3.837971825536754267e+01
7.364581402891433015e+01
2.098953785702846941e-04
4.028347811250794128e-04
4.864426744011129326e-05
2.264926904992889593e-13
4.346324994077910023e-13
0.000000000000000000e+00
1.633250160857587829e+01
2.160542762046989797e-04
2.027968865297074874e+00
3.312738803065957971e-02
7.642501511199015739e-03
1.472975432999353407e+00
8.055588434790514438e-06
1.866922972252512564e-06
8.692474872620127078e-15
4.405605593852495682e-11
1.021021165186732844e-11
4.753919124055376084e-20
1.101744570593121761e-20
5.129770824869252196e-29
2.667485671279588022e-01
4.112634116843629818e-03
1.071820379534621059e+00
6.187676669731720369e-02
4.792085028151049905e-16
4.332749038547316342e-24
2.029035269593108987e-32
1.981816906124847911e-17
7.161251355823192500e-20
1.626178502402290422e-17
3.991314563371387017e-19
0.000000000000000000e+00
1.526498975521487114e-14
8.999940386854871150e-20
9.311263925840406702e-29
8.102713711749920358e-28
1.428120251496708148e-22
2.105122575628198218e-28
0.000000000000000000e+00
9.399022654858038597e-37
3.793441969999447212e-36
0.000000000000000000e+00
6.694625963345112841e-31
8.749310401775445248e-37
4.078647828524752928e-45
2.767264846013857289e-16
3.283375501929791283e-38
2.028104892097485269e-16
4.266743496260314879e-18
0.000000000000000000e+00
4.734611012128035078e-31
1.883831870933353171e-38
3.588710099503509690e-47
4.072486236118790654e-47
3.205278607570542959e-55
7.941079633843223467e-64
9.232277634375786805e-34
2.563353201742718198e-41
2.732659143842909780e-33
4.482906687442237514e-36
0.000000000000000000e+00
7.365760740633426451e+00
4.028320342784978139e-05
4.346809834221223256e-14
3.969401788468838689e-19
0.000000000000000000e+00
1.504061752542301551e-14
4.665049812608936410e-31
8.949845788580018570e-20
1.873108073508797415e-38
9.259553719583668843e-29
3.568607266343584963e-47
8.095109894059341441e-28
0.000000000000000000e+00
1.419985797303469501e-22
9.388961368042961091e-37
3.201476877011808877e-55
3.789970271933779430e-36
0.000000000000000000e+00
6.657658110332805479e-31
8.740274942046525257e-37
4.074588084553833806e-45
7.932999180170644344e-64
2.765043426465581422e-16
9.224115579916903122e-34
2.560357354805178645e-41
3.279480769659887780e-38
2.729242308457039214e-33
2.025594759330608111e-16
4.262037066805285659e-18
0.000000000000000000e+00
4.477373064844273358e-36
0.000000000000000000e+00
5.054043628126652429e-18
0.000000000000000000e+00
5.255681395598645532e-36
0.000000000000000000e+00
2.776589061501845606e-23
0.000000000000000000e+00
1.062045297624964846e-18
3.259460665482197612e-35
6.264107004596153302e-24
1.297309799240437077e-42
6.406760103081257367e-33
2.444019970936130240e-51
5.738970128134183703e-32
0.000000000000000000e+00
9.965520763131403232e-27
6.578620515619873667e-41
2.216250147591179149e-59
2.650466274188750353e-40
0.000000000000000000e+00
4.609971601148573761e-35
6.117829554608216748e-41
2.816784648273457654e-49
5.418992617586611888e-68
1.948366629687346380e-20
6.424812449180742205e-38
1.791690132526646546e-45
2.292947412877946823e-42
1.888212757546636809e-37
1.415196551726909546e-20
3.007840414411366325e-22
0.000000000000000000e+00
3.123679524682319844e-40
0.000000000000000000e+00
2.335289004193733432e-18
0.000000000000000000e+00
2.465728116451755671e-13
7.466388100809506542e-30
5.271245488907627337e-19
1.076825185388344419e-37
5.313599599397089219e-28
2.001055552636633230e-46
3.858639230525439356e-28
0.000000000000000000e+00
8.408459537747174925e-22
4.401050267012093235e-37
1.475274044754836099e-55
1.772101960292252466e-36
0.000000000000000000e+00
3.825097937097146355e-30
4.091202820775282400e-37
1.874303104969810350e-45
3.588845289465482174e-64
1.318093664182795192e-16
4.324803517813008885e-34
1.197641692204805248e-41
1.531982690471958996e-38
1.266506402569494751e-33
9.531496217314481075e-17
9.338798623416723081e-18
0.000000000000000000e+00
7.954067550831406229e-36
0.000000000000000000e+00
2.337351853146568233e-18
0.000000000000000000e+00
2.467870510509868027e-13
7.472957012396047480e-30
5.275899134389589128e-19
1.077787889647360380e-37
5.318354491335374166e-28
2.002868124412239168e-46
3.864134654483674834e-28
0.000000000000000000e+00
8.415862254560777876e-22
4.407371723116567380e-37
1.477411685228389669e-55
1.774650574867310055e-36
0.000000000000000000e+00
3.828518700550496594e-30
4.097083475176787547e-37
1.877021378192500629e-45
3.594095177856637513e-64
1.319970598090948593e-16
4.331014084277337556e-34
1.199363798621078154e-41
1.534187048801054865e-38
1.268334711991640652e-33
9.545158220787991484e-17
9.339502514171999990e-18
0.000000000000000000e+00
7.954775329923471432e-36
0.000000000000000000e+00
1.166441305042054620e-17
0.000000000000000000e+00
9.921494982384830497e-36
0.000000000000000000e+00
1.908022295017813293e-22
0.000000000000000000e+00
8.034501747808242609e-18
2.490688056536551833e-34
3.824400091531465536e-23
7.999585775616662689e-42
5.437425765503959642e-32
2.094863591509125376e-50
3.027022972661108600e-31
0.000000000000000000e+00
6.068156851580632689e-26
4.512082422386554288e-40
1.537933086097280799e-58
2.023630782240669459e-39
0.000000000000000000e+00
3.909131643869732067e-34
4.199979360876156883e-40
2.609617314545330154e-48
5.078820012848239399e-67
2.953720188213336374e-20
9.850394990603977567e-38
1.366906341809773626e-45
1.750873439192736124e-42
1.165524862433740992e-36
8.653138902197040415e-20
1.349846081032577210e-21
0.000000000000000000e+00
1.403386199420293925e-39
0.000000000000000000e+00
1.124324110412048167e-21
0.000000000000000000e+00
1.319006955671474129e-16
3.994040687280771948e-33
2.255869120236526387e-22
4.608354581540433219e-41
3.126726667170696615e-31
1.177504442936623440e-49
1.445702247253773954e-31
0.000000000000000000e+00
3.598463400950932397e-25
2.120035891785531015e-40
7.106600531451065866e-59
9.484957210746392273e-40
0.000000000000000000e+00
2.250846824219618180e-33
1.970789264785087830e-40
1.203837218805867282e-48
2.305062497465415194e-67
1.410986661678600121e-20
4.629595452877785523e-38
6.409921629106328122e-46
8.199354694268227798e-43
5.422795189641121529e-37
4.081096559313588736e-20
3.117157877296320263e-21
0.000000000000000000e+00
2.651360789093163843e-39
0.000000000000000000e+00
6.312374302819525264e-20
0.000000000000000000e+00
2.390251147928522190e-15
7.416499988081232995e-32
1.067398330763766157e-20
2.232520073491834594e-39
1.103990952674729481e-29
4.253980844868787349e-48
9.655042223103758461e-29
0.000000000000000000e+00
1.693720499512708941e-23
7.463241456604358650e-38
2.544224801688789564e-56
4.519362805651913675e-37
0.000000000000000000e+00
7.938920709265225934e-32
6.948289806397220883e-38
3.238412090202304113e-46
6.303431918488311579e-65
4.397454624553127924e-17
1.466636954230519741e-34
5.088210428029721730e-42
6.516547959285549195e-39
2.169097663424108692e-34
4.830669004587349492e-17
3.014124061484725336e-19
0.000000000000000000e+00
3.133470320365183446e-37
0.000000000000000000e+00
9.529698729561432238e-20
0.000000000000000000e+00
1.805966750073490116e-15
5.593632497818060181e-32
5.375049616470257865e-20
1.123033252027959063e-38
2.218255864724635024e-29
8.535812862237994601e-48
5.831055277078844777e-28
0.000000000000000000e+00
8.499275703173395983e-23
6.749622230667053316e-37
2.297322725944042880e-55
1.362134160435600286e-36
0.000000000000000000e+00
1.596914873309360712e-31
6.286991618983556405e-37
1.460607682041300165e-45
2.844297785479804162e-64
9.973009723164092414e-17
3.320835139205518701e-34
9.125766835016933099e-42
1.168703289061450086e-38
2.286401776286323776e-33
1.942349095278307132e-16
3.164374151598617106e-18
0.000000000000000000e+00
3.284593883516572714e-36
0.000000000000000000e+00
8.760579472414416999e-20
0.000000000000000000e+00
1.659767579877696180e-15
5.147216661786094589e-32
4.938891950843499736e-20
1.033496352420146961e-38
2.043295574858096950e-29
7.874735372112366273e-48
5.360847666345541023e-28
0.000000000000000000e+00
7.836357259386071115e-23
6.215696379950445427e-37
2.119378526762808038e-55
1.254681115067294164e-36
0.000000000000000000e+00
1.469323680944036511e-31
5.786892203519845360e-37
1.348676467167101876e-45
2.625333769413284127e-64
9.155346027910217763e-17
3.053680961086990513e-34
8.469686702467209746e-42
1.084839170453378187e-38
2.106467952339499574e-33
1.786977794794716405e-16
2.928224251831446569e-18
0.000000000000000000e+00
3.044533158485781707e-36
0.000000000000000000e+00
1.780714434837708541e-21
0.000000000000000000e+00
2.089053865807491078e-16
6.325725439129284391e-33
3.572888944157252820e-22
7.298719883590964903e-41
4.952080790532795890e-31
1.864911790951190489e-49
2.289737019061307598e-31
0.000000000000000000e+00
5.699329421069110205e-25
3.357701506461878056e-40
1.125532380187840239e-58
1.502228874876776316e-39
0.000000000000000000e+00
3.564894091878811315e-33
3.121341310658518514e-40
1.906616266615080748e-48
3.650672181439556217e-67
2.234754129300585497e-20
7.332375507281018608e-38
1.015155149988658298e-45
1.298550835429454031e-42
8.588166715555385360e-37
6.463362792430062799e-20
4.937000764997049084e-21
0.000000000000000000e+00
4.199234268101073125e-39
0.000000000000000000e+00
1.526129144182129726e-20
0.000000000000000000e+00
6.426387604529766052e-16
1.992172465579134153e-32
3.058941884986531570e-21
6.398453427917182856e-40
4.349114591855259122e-30
1.675571716337587293e-48
2.421161073622033516e-29
0.000000000000000000e+00
4.853608519769974585e-24
3.608981924394212307e-38
1.230112531565410509e-56
1.618597712210753367e-37
0.000000000000000000e+00
3.126710925173823141e-32
3.359346301686887171e-38
2.087296643979806630e-46
4.062280445187502571e-65
2.362529413078812066e-18
7.878822134379164014e-36
1.093317563582648008e-43
1.400433012713633065e-40
9.322427845174309653e-35
6.921199878340552901e-18
1.079672864425924908e-19
0.000000000000000000e+00
1.122496467868149081e-37
0.000000000000000000e+00
5.736310769541609771e-19
0.000000000000000000e+00
2.172044105892610845e-14
6.739582307698073353e-31
9.699857254442794726e-20
2.028712268916050646e-38
1.003224373513279264e-28
3.865666438964506728e-47
8.773925395170215340e-28
0.000000000000000000e+00
1.539156713960643911e-22
6.782054853077983918e-37
2.311981263701867845e-55
4.106888901403771118e-36
0.000000000000000000e+00
7.214348789193332209e-31
6.314133849331015691e-37
2.942816484764384698e-45
5.728001465414694564e-64
3.996157519243652873e-16
1.332782222437167871e-33
4.623826623793305652e-41
5.921769046069945601e-38
1.971112148663536350e-33
4.389792574118965840e-16
2.739063100215447539e-18
0.000000000000000000e+00
2.847479492065460884e-36
0.000000000000000000e+00
9.431617078046730703e-19
0.000000000000000000e+00
1.787382719699531647e-14
5.536023612513911971e-31
5.319747014594702189e-19
1.111466579930789875e-37
2.195394332091304358e-28
8.447751039302426510e-47
5.771038632246861715e-27
0.000000000000000000e+00
8.411626143898868811e-22
6.680071774662594365e-36
2.273621971230360080e-54
1.348096211762399953e-35
0.000000000000000000e+00
1.580469301052070351e-30
6.222229288635853769e-36
1.445529963929825160e-44
2.814943887114068422e-63
9.870461926000853770e-16
3.286649820529310145e-33
9.031232775593786296e-41
1.156595464552195430e-37
2.262834753125584201e-32
1.922347434405660200e-15
3.131840760775330892e-17
0.000000000000000000e+00
3.250816826943372276e-35
0.000000000000000000e+00
0.000000000000000000e+00
0.000000000000000000e+00
0.000000000000000000e+00
0.000000000000000000e+00
0.000000000000000000e+00
0.000000000000000000e+00
0.000000000000000000e+00
0.000000000000000000e+00
0.000000000000000000e+00
0.000000000000000000e+00
0.000000000000000000e+00
0.000000000000000000e+00
0.000000000000000000e+00
0.000000000000000000e+00
0.000000000000000000e+00
0.000000000000000000e+00
0.000000000000000000e+00
0.000000000000000000e+00
0.000000000000000000e+00
0.000000000000000000e+00
0.000000000000000000e+00
0.000000000000000000e+00
0.000000000000000000e+00
0.000000000000000000e+00
0.000000000000000000e+00
0.000000000000000000e+00
0.000000000000000000e+00
0.000000000000000000e+00
0.000000000000000000e+00
1.566077879139715412e+00
7.183296523181107688e-05
6.256373449563658262e+00
7.903295438265976713e+01
1.389673119798614243e-01
2.663626200276761224e+00
2.028324324414546354e+01
2.658790518959344013e-02
1.701288491238701894e+01
4.218820197072421507e+00
1.049924643766040284e-10
3.863958972221617216e+00
6.387497517137517743e-10
2.776895404024828723e-11
0.000000000000000000e+00
0.000000000000000000e+00
2.085576394275878684e-12
4.200439376260236765e-03
8.760332875753916908e-17
1.467968866329255206e+01
1.599699294138018558e+03
2.014176264436107200e+00
0.000000000000000000e+00
2.417641290711126700e+01
1.261125823604334784e+00
1.829217930719704732e+00
2.764099567419952760e-02
7.293800818730489244e-02
4.827894422464030413e+02
1.101553961083176887e+02
2.513048881363652924e+02
2.149685089763792250e-11
7.740384010467869835e+00
1.393273133396623962e+02
1.205028443533352629e+02
2.312680781291969367e+01
5.869261961318101584e+01
8.888305639318423013e-14
1.265355167237128029e-11
1.127987812213596029e-09
2.027531468015910170e-09
1.956403696594300712e+01
3.979592166161322220e-09
6.467211918122537373e-01
1.414660365364397709e-01
7.074443208285344231e-02
1.562788870056656663e+02
2.785020420692284117e-13
9.996304635173568386e+03
3.548293734337025107e+00
4.439605602423242203e-01
7.965170972118847947e-01
2.491865423930735801e+01
8.758181004772629119e-02
8.758457144173996678e-01
1.007116612798564681e+01
3.573428001357621953e-01
7.258551952475342239e-02
1.191384615037084926e-01
3.411467520218809835e+00
3.625100254299351121e+00
9.072664542615356542e-03
1.763069738877324824e+02
1.403147813103921315e+01
4.518156681950432491e-02
4.876045883659761992e-01
7.278305729846702432e-01
2.201961775491373396e-01
2.103265486710331089e+01
4.385560786376287856e-13
1.356788253969954643e-10
3.455672544795205567e+02
0.000000000000000000e+00
4.791003035100346352e+01
3.696891155760636138e+01
2.111129300114965304e+02
2.332082583592578751e-01
8.880768420903752958e-01
7.297422922135511669e+01
0.000000000000000000e+00
2.475093436993757300e-11
2.535453754226336898e+01
2.132363867421079813e-10
3.123345499448711426e-01
7.847136393774367337e-11
6.362935365526792546e-04
2.667041317676154336e-02
2.420338750975758735e-01
1.273967692390089334e-16
4.927910641133747410e-02
0.000000000000000000e+00
5.868942264870744552e-01
1.339084102531255815e-01
6.020003668877507153e+00
4.645228076232737813e+00
2.312693901684531994e+01
4.740831778950146673e-15
1.125605387122853219e-14
6.016475487737348619e-11
1.428220266061372709e-10
1.377711898679833353e-13
1.432092968429505685e-03
9.487652434118317747e-04
8.770990121658423346e-04
1.403791413056530157e-01
2.135327193788656361e-03
5.146832271800876046e-02
0.000000000000000000e+00
7.884696432102124396e-14
6.400606466510773723e-13
9.284223489254262406e-04
1.064986969918387623e-13
7.222806358795749829e-13
0.000000000000000000e+00
1.601220534786751286e-12
3.990851650376489590e-02
1.592624643338218747e-04
6.990017456157857859e-04
1.594873621699830629e-04
1.143819567160988839e+02
3.557664728454315917e+00
3.345055753171863877e-01
8.074749318994058456e+00
1.842370940561538051e+00
6.989794531940911604e+00
0.000000000000000000e+00
0.000000000000000000e+00
0.000000000000000000e+00
0.000000000000000000e+00
5.884066453032405519e+01
6.730185043974272219e+01
0.000000000000000000e+00
0.000000000000000000e+00
0.000000000000000000e+00
0.000000000000000000e+00
0.000000000000000000e+00
3.907567331246956759e-03
4.355373263463529696e-03
9.361006134355722081e-05
1.182769998121957229e-03
1.973391819239014421e-03
5.376216566653199691e-03
5.376216566653199691e-03
5.376216566653199691e-03
5.376216566653199691e-03
2.714676585753718341e-02
3.794982358112791161e-06
1.832342988888415944e-02
5.376216566653199691e-03
5.376216566653199691e-03
5.376216566653199691e-03
5.376216566653199691e-03
5.376216566653199691e-03
5.376216566653199691e-03
5.376216566653199691e-03
5.376216566653199691e-03
5.376216566653199691e-03
5.376216566653199691e-03
5.376216566653199691e-03
5.376216566653199691e-03
5.376216566653199691e-03
5.717773419555999964e-04
9.420411206955300182e-03
4.703248135821100177e-03
1.498765032630679922e-02
2.770337121422000162e-04
2.087240296962000101e-04
7.286376057780148512e-04
8.741119295056145200e-04
5.896135604347070916e-03
4.030269774785228548e-03
5.009371747606427162e-04
3.497711222611488407e-03
3.996114437051972133e-03
6.242742007013942288e-03
1.714066038727185288e-03
6.324960666650855309e-04
2.765276648434672815e-02
4.399650043682258073e-03
0.000000000000000000e+00
2.958825217290055737e-03
2.261555245335876776e-02
8.527324862169243305e-03
2.904428384814395844e-02
5.961915795064629507e-03
6.906862926662428372e-04
0.000000000000000000e+00
1.121670087042126937e-02
1.944293975432270912e-03
3.162480333325427655e-04
1.152410635767214244e-03
2.785516554344544260e-03
2.023990590993499574e-05
5.927759464311057810e-03
4.073913397585731122e-01
1.145831971232304583e-02
1.264994119370919446e-06
0.000000000000000000e+00
4.774086316975329099e-03
2.529988238741870656e-06
1.264994119370919446e-06
3.288984710364429312e-05
1.604011550341885584e-03
0.000000000000000000e+00
1.095484907375200018e-03
7.330637942693355759e-03
1.812739055609486477e-03
0.000000000000000000e+00
2.443966652583871163e-03
3.024599946395486062e-03
2.656487650678969017e-05
3.162480333325427655e-04
1.720396967445572288e-04
1.783642204823157346e-03
3.679869879290724542e-03
3.825341223957286641e-03
1.891166704969657201e-03
5.059976477483741313e-06
3.858227098979442687e-04
3.907564848695970795e-03
4.528698807755292288e-04
1.285993170705547126e-02
3.192842674741213846e-03
6.933431775251686080e-03
1.381374074863157223e-03
1.839302939095871069e-03
5.476162025307685331e-03
9.487440999976282964e-04
6.008720577481328762e-03
9.070017766093141278e-04
1.668526746940042840e-03
7.033363828130998613e-03
1.264992133330171062e-03
9.487440999976297059e-04
3.162480333325421149e-04
1.248675645580024293e-02
7.321788941980039191e-03
1.396553507785499443e-03
2.453835940312880035e-02
7.965666480148125839e-03
1.945564927673957070e-03
1.736835436365627818e-03
5.364837081190956640e-03
5.102985284521885205e-03
1.177709525134299851e-03
6.529899147682542010e-03
1.003140336661100061e-03
1.264994119370919446e-06
1.011995295496748601e-05
1.691297534807095077e-02
2.161115258419040244e-02
5.359781076795014018e-03
7.211732964064272201e-03
1.264992133330171062e-03
3.413837197046410560e-02
3.213083077161371301e-03
2.528721755091928054e-03
1.106616508068559643e-02
3.720346712049486023e-03
5.433146763636956429e-03
3.185255689086157176e-03
3.686191374316328487e-03
2.909486474553155913e-05
1.313065385437572462e-03
1.657142296375000887e-04
5.059976477483741313e-06
2.403994178989275754e-02
2.201089767705002311e-04
6.324970596854693582e-06
5.059976477483741313e-06
4.933477065546644307e-05
9.550700636148428064e-04
6.214913625918415917e-03
4.933477065545999749e-04
8.032712658005000325e-04
2.024040242005716297e-05
0.000000000000000000e+00
