1.897392000000000053e+03
3.010728908859994704e+02
8.885659543093515467e+00
2.049217601774797686e+02
1.335017949944087068e+00
1.078950792489214492e-68
1.728799375124210289e-101
8.910394065371729511e+00
8.950944731609761007e+00
8.953411955890469898e+00
9.126967867268190204e+00
9.133823624468783819e+00
9.149054497815754416e+00
9.151135716624359873e+00
9.187622082462620909e+00
9.228056722650789467e+00
9.272977158170093048e+00
8.941940790088628077e+00
9.019221904507240595e+00
9.109204179401288570e+00
9.158225092922711141e+00
9.216355085489102095e+00
9.300677925771299925e+00
9.326975951603111881e+00
9.341535558673745854e+00
9.360596860430909771e+00
9.367118075243384467e+00
5.331058430715192031e-01
6.080446112067401998e+01
1.423849945932995986e+01
5.553603684438454969e-04
1.330929315544440901e-05
0.000000000000000000e+00
0.000000000000000000e+00
5.530974186651498314e+01
1.525943754733162336e+02
0.000000000000000000e+00
7.257727136649368305e+00
1.985886396901777262e+00
7.973504822432439141e+03
2.731952798343210365e+00
2.957078997950943547e-02
1.128152451271351765e+03
5.858080802060534609e-01
1.413072857127225745e+00
1.628232867574622844e+01
3.322907306895451551e+00
2.553550872073456768e-01
8.913502939288252547e-01
2.753548250682950282e+00
1.140885236319104123e+01
1.121032827151988265e+00
1.413064732446189566e+02
4.920509319996639874e+01
1.601321488533077186e+01
5.529828442870124405e+01
4.022866914076629108e+00
1.404209343919699116e+01
5.224162671026192584e+00
1.275913566355280526e+00
2.036550398082728108e+01
5.967730538345570324e-01
1.088067531134261259e+02
1.161493537038772494e+01
4.205069644352503744e+00
4.158490405442324800e+01
3.443729396518438790e+00
3.900691339123896206e+00
6.842053926234499261e-01
7.116750506405453791e+01
7.300702041612326942e-01
9.402918033660053965e+00
2.651894222787139554e+01
1.674040076439186109e+01
8.365556821166619805e-02
1.497720318032879916e-01
8.991144410167735259e+03
1.542085995805632326e+00
2.900031616538885082e+00
2.861098490904635527e-01
3.196370133207418474e-02
3.644333105322631466e-02
2.374203364305411002e-03
0.000000000000000000e+00
5.164176968403030976e+00
0.000000000000000000e+00
0.000000000000000000e+00
1.003983628130169947e+00
0.000000000000000000e+00
1.575634495721254780e+01
0.000000000000000000e+00
5.989314784191043838e-04
2.861880849469949483e-03
5.404032179197164919e-06
8.981195093326029166e+01
8.493941778560613193e-03
1.060953485570912368e-04
4.798185788741546887e+00
1.607039706412853121e-09
3.131419962937888313e-05
4.677663306734112908e-09
1.276460415962984207e+01
8.477365711587714315e-05
3.170379719681764072e+02
1.052381226465143436e-06
3.956401683237195654e-01
6.624547833464463054e+01
1.136147951664492602e-04
2.749057142047776294e-06
3.959487719191997712e+01
3.336132825029930775e-04
1.193345385959872829e+02
1.036301663529184898e-07
1.265976806439202617e-04
1.705659235180992947e-03
5.654774900703730900e+00
2.958396370183516422e-02
9.198812074059219428e-05
1.593009566652769894e-03
2.675501862510240604e-07
4.618922107916242087e-06
2.259977183119795427e+03
1.910042839281123880e-06
1.938074877766193848e-04
1.754811222205216473e+04
1.955289106045382530e-02
1.955409453926715557e-01
1.856211261480533949e+03
2.068271497923162335e-03
1.450207143419540365e-02
1.368835408355163590e-02
1.200600867183836268e-01
2.595772489510895796e-06
4.753027011147626379e-01
1.193494279030543413e-10
2.612793136315014104e-12
3.357762471872661777e-12
5.825916774692380768e-04
2.045918106280358841e-10
1.602783477301695514e-01
6.098569829471475856e+00
1.849755645140391671e-11
8.868750437071819124e-13
1.191262236565361835e-12
2.227867245829340082e-09
1.105191447539285674e-10
1.457763291873989634e-10
6.428468649423785096e-12
2.421730869314678429e-18
7.823085159381796299e-10
1.198433062077820954e-12
2.397240938436300082e-10
1.659305078881891110e-14
3.430543174970190689e-09
3.448390512695501294e-12
7.640169275699300532e-16
4.851128842955039352e-18
6.060751781085989575e-19
2.090184953144707393e-16
4.367474624772493604e-17
1.303738065689688820e-17
0.000000000000000000e+00
3.109080832946113659e+01
5.794743333389016016e+01
2.150291497196200473e-04
4.008713279049852464e-04
4.935532538368825935e-05
2.287254005346499822e-13
4.263505406409054603e-13
0.000000000000000000e+00
1.635195026481429892e+01
2.160542757147549027e-04
2.061750903108679811e+00
3.233148764697322403e-02
1.203976916577529678e-02
9.666106202667325009e-01
6.685287584887737150e-06
1.534464330387548571e-06
7.111023118924422431e-15
4.623759164645174174e-11
1.061284712193510268e-11
4.918211503992449786e-20
1.128869929132433954e-20
5.231415292181943345e-29
2.673848090228274077e-01
4.250795957752804069e-03
1.651808822773598306e+00
4.091136664545117624e-02
4.009179193735336501e-16
5.223278812438447475e-24
2.468464515213541761e-32
1.964299116179575910e-17
4.515154129529322060e-20
1.165296219181251787e-17
3.350982501060449186e-19
0.000000000000000000e+00
1.013087534786186539e-14
7.435732918494648471e-20
7.849124023733481391e-29
1.007527537499573855e-27
1.389791815015902356e-22
2.576319829041622104e-28
0.000000000000000000e+00
1.152239427365746835e-36
4.745500095590809111e-36
0.000000000000000000e+00
6.590261044104356202e-31
1.085361662075778161e-36
5.020106293191798556e-45
2.748282054475725099e-16
1.356584648272553190e-38
1.506590462260102131e-16
8.795579564686370449e-18
0.000000000000000000e+00
2.939996661554993554e-31
1.577098458026629439e-38
3.179676664202437358e-47
5.072531615863464422e-47
3.980320068936822543e-55
1.002121907364879767e-63
9.052948503917673287e-34
1.019027142628890116e-41
1.436984369068461179e-33
9.715236392994458006e-36
0.000000000000000000e+00
5.796030543387599820e+00
4.008700334750132368e-05
4.263988736492873038e-14
3.332690987617249653e-19
0.000000000000000000e+00
9.983042300428897545e-15
2.897118914424997648e-31
7.394492751031810512e-20
1.568140561326340538e-38
7.805835664960409677e-29
3.161979563607132240e-47
1.006661815245229275e-27
0.000000000000000000e+00
1.381910367184312542e-22
1.151080330918057389e-36
3.975839368798818265e-55
4.741364900700059668e-36
0.000000000000000000e+00
6.554161323896845756e-31
1.084317581442203667e-36
5.015279680615653738e-45
1.001144958039039238e-63
2.746107975414553738e-16
9.044954285902026829e-34
1.017868279132884679e-41
1.355032236146232624e-38
1.435334237234515983e-33
1.504769882066554919e-16
8.788883907916035039e-18
0.000000000000000000e+00
9.706337565065912974e-36
0.000000000000000000e+00
5.477865969022062786e-18
0.000000000000000000e+00
5.920957213300673352e-36
0.000000000000000000e+00
2.325641557299229069e-23
0.000000000000000000e+00
6.999194337030402604e-19
2.009588996189755815e-35
5.159837663884426148e-24
1.083531818892717068e-42
5.400378352960512656e-33
2.165728353691471015e-51
7.182554419025935434e-32
0.000000000000000000e+00
9.692497274827724914e-27
8.117594282788174699e-41
2.771732757482843037e-59
3.340636946202898289e-40
0.000000000000000000e+00
4.538574902240523120e-35
7.640936301142900644e-41
3.493310091433185069e-49
6.898706633466603820e-68
1.937752836708531888e-20
6.306844409664027664e-38
7.194952529426406599e-46
9.582184053222340159e-43
1.002580220540012846e-37
1.054951281456488128e-20
5.959496177338545564e-22
0.000000000000000000e+00
6.444950320009848495e-40
0.000000000000000000e+00
1.929026600665886133e-18
0.000000000000000000e+00
1.595304056834616913e-13
4.509509931737306957e-30
4.279377030163856038e-19
8.869344832824083735e-38
4.427445230482262340e-28
1.752669048654968405e-46
4.802114193246320552e-28
0.000000000000000000e+00
8.093508705037890471e-22
5.399959396527835770e-37
1.834836812212099653e-55
2.221805147452363152e-36
0.000000000000000000e+00
3.729921633402600007e-30
5.081562480582073749e-37
2.312247599118333125e-45
4.546376489985873331e-64
1.301539418085201869e-16
4.214416464368563204e-34
4.792644088236607292e-42
6.382962352087286346e-39
6.699102411274692238e-34
7.060457127918434678e-17
1.521581584064681251e-17
0.000000000000000000e+00
1.336874466848745027e-35
0.000000000000000000e+00
1.930735400559070532e-18
0.000000000000000000e+00
1.596700650223282193e-13
4.513512569562958665e-30
4.283168194901498699e-19
8.877296915699145923e-38
4.431408872020277136e-28
1.754257242835526401e-46
4.808921458220212206e-28
0.000000000000000000e+00
8.100634732454923557e-22
5.407679161600205730e-37
1.837481908524688245e-55
2.224983228502338227e-36
0.000000000000000000e+00
3.733255011540083637e-30
5.088830856858255326e-37
2.315582600906695021e-45
4.552985026835278148e-64
1.303390248928406582e-16
4.220461644063942417e-34
4.799482905243944447e-42
6.392068447835474385e-39
6.708703144266747101e-34
7.070548517380025059e-17
1.521756105292062635e-17
0.000000000000000000e+00
1.337058659210003354e-35
0.000000000000000000e+00
9.913853867591284213e-18
0.000000000000000000e+00
8.690568090909895694e-36
0.000000000000000000e+00
1.342437873479014330e-22
0.000000000000000000e+00
4.468081721120981109e-18
1.295895728272375737e-34
2.647854419328935839e-23
5.611971762921019867e-42
3.841246216437048587e-32
1.555459765856498838e-50
3.155477187356469605e-31
0.000000000000000000e+00
4.949102102425120112e-26
4.637022241733127886e-40
1.600982810585624528e-58
2.122164291319092899e-39
0.000000000000000000e+00
3.224982427371730018e-34
4.367674909136127215e-40
2.692481960768665332e-48
5.372691714518003663e-67
2.458600393880034949e-20
8.095099926094769559e-38
4.555520560527033284e-46
6.065020681286389597e-43
5.138569692738925632e-37
5.387886342664013549e-20
1.226751292401631361e-21
0.000000000000000000e+00
1.325171190959189206e-39
0.000000000000000000e+00
7.783341747251300382e-22
0.000000000000000000e+00
7.151913597383761722e-17
2.021658821217956800e-33
1.534823193799493348e-22
3.181039806420949954e-41
2.183388637195665959e-31
8.643307511917791686e-50
1.507837684091468144e-31
0.000000000000000000e+00
2.902784280458407019e-25
2.179989278845036849e-40
7.407360478929408625e-59
9.966203428636991655e-40
0.000000000000000000e+00
1.839416313396830820e-33
2.051462391921055572e-40
1.244626641187177917e-48
2.447202446741332957e-67
1.167646252561513890e-20
3.780864683191596496e-38
2.149695582812064221e-46
2.863017980010046152e-43
2.403854898902563505e-37
2.533521181762970776e-20
2.220359945858768371e-21
0.000000000000000000e+00
1.946347380993585788e-39
0.000000000000000000e+00
5.985603590395553724e-20
0.000000000000000000e+00
1.791586694046177031e-15
5.201207652342640250e-32
9.960033374596873210e-21
2.110887317794042122e-39
1.051129040999695424e-29
4.257171301084779588e-48
1.356256691600890413e-28
0.000000000000000000e+00
1.861652249968462184e-23
1.033578712622540375e-37
3.569187804754916209e-56
6.386713905997291651e-37
0.000000000000000000e+00
8.827182813839697565e-32
9.737287752628218823e-38
4.502741647861782747e-46
8.986322422598313827e-65
4.932844665057478034e-17
1.624362036294273955e-34
2.285114248822222455e-42
3.041779706857928502e-39
1.288681132272618455e-34
4.053447999568188946e-17
3.690851568430426519e-19
0.000000000000000000e+00
3.987393100743559711e-37
0.000000000000000000e+00
9.070230155826479098e-20
0.000000000000000000e+00
1.357689197833289320e-15
3.934524593621873535e-32
5.033954152895521495e-20
1.065848543845783082e-38
2.120545451854944870e-29
8.577034287719588955e-48
8.232196095427399369e-28
0.000000000000000000e+00
9.379132324676996892e-23
9.394676369291827162e-37
3.239437747559317551e-55
1.934854077189607025e-36
0.000000000000000000e+00
1.782783768294146063e-31
8.855218070013705707e-37
2.041317575218395040e-45
4.076576106877123039e-64
1.123510290287465928e-16
3.693563278095244451e-34
4.120528912268234049e-42
5.485855012493289387e-39
1.365778230359309032e-33
1.637297210622682386e-16
3.898054953595516575e-18
0.000000000000000000e+00
4.198642833263468018e-36
0.000000000000000000e+00
7.489704248769289163e-20
0.000000000000000000e+00
1.121686670775430251e-15
3.254678759981057278e-32
4.155099960765699106e-20
8.810379169570998451e-39
1.754017107923296254e-29
7.105138863147898573e-48
6.789145018188576612e-28
0.000000000000000000e+00
7.765748552693172059e-23
7.760674288606405967e-37
2.680488823982511383e-55
1.598548704839352685e-36
0.000000000000000000e+00
1.472954335683576434e-31
7.311371537627746940e-37
1.690615052508701538e-45
3.374257185678554974e-64
9.259290899549616199e-17
3.049237764705810385e-34
3.429234871663814581e-42
4.565188683938340847e-39
1.128255049690801928e-33
1.351879583308911497e-16
3.232551738741181585e-18
0.000000000000000000e+00
3.492895303122237995e-36
0.000000000000000000e+00
1.347929768261520312e-21
0.000000000000000000e+00
1.238572604665573910e-16
3.501078492096401196e-33
2.658043786953720073e-22
5.508943206794817136e-41
3.781187080204385868e-31
1.496838820525764169e-49
2.611341539206046681e-31
0.000000000000000000e+00
5.027138898742038735e-25
3.775336071246314889e-40
1.282809674456652167e-58
1.725970254859876843e-39
0.000000000000000000e+00
3.185520982695566294e-33
3.552770431107249368e-40
2.155447893528875905e-48
4.238024773562191186e-67
2.022173661185898959e-20
6.547763334224522103e-38
3.722724254605536845e-46
4.958018187530539481e-43
4.162837796663796524e-37
4.387402079905258139e-20
3.845338987730432500e-21
0.000000000000000000e+00
3.370733542495745456e-39
0.000000000000000000e+00
1.174088172813044881e-20
0.000000000000000000e+00
3.907757707459733816e-16
1.133381717765159562e-32
2.315798009380126232e-21
4.908193461899831184e-40
3.359528828884503411e-30
1.360394229071030099e-48
2.759763671368950279e-29
0.000000000000000000e+00
4.328456681266458147e-24
4.055512525837066572e-38
1.400209358593452193e-56
1.856032366401241946e-37
0.000000000000000000e+00
2.820548121781079329e-32
3.819942387366426428e-38
2.354827243241166704e-46
4.698918703346905293e-65
2.150277865587548035e-18
7.079924473678532713e-36
3.984231118337909787e-44
5.304431579591906542e-41
4.494161697635291909e-35
4.712213463341836926e-18
1.072910534347504689e-19
0.000000000000000000e+00
1.158987047719203378e-37
0.000000000000000000e+00
5.439316938997964361e-19
0.000000000000000000e+00
1.628010492128135418e-14
4.726420481254089153e-31
9.050986742614684729e-20
1.918168361623410002e-38
9.551813053442324567e-29
3.868542568491121324e-47
1.232485712420123521e-27
0.000000000000000000e+00
1.691752648226555929e-22
9.392423203657596416e-37
3.243387690282884839e-55
5.803817087422444398e-36
0.000000000000000000e+00
8.021492598796516771e-31
8.848592332566619337e-37
4.091745760503602613e-45
8.165995617835018564e-64
4.482670071056474783e-16
1.476105562880815208e-33
2.076566220097528846e-41
2.764163005340518806e-38
1.171060280901103593e-33
3.683496991736437123e-16
3.354059591360100594e-18
0.000000000000000000e+00
3.623456925603448354e-36
0.000000000000000000e+00
8.976861019230244618e-19
0.000000000000000000e+00
1.343708214894930889e-14
3.893973915403143642e-31
4.982149300919877009e-19
1.054869094891590773e-37
2.098691343183909320e-28
8.488552073235221909e-47
8.147527017597817478e-27
0.000000000000000000e+00
9.282408027501113983e-22
9.297941647159258840e-36
3.206044724825396117e-54
1.914929758039378268e-35
0.000000000000000000e+00
1.764424775841678429e-30
8.764068950874796296e-36
2.020262317682541161e-44
4.034544537994290266e-63
1.111960063380475480e-15
3.655547632716348179e-33
4.077886653421449521e-41
5.429086038183847823e-38
1.351714917255105332e-32
1.620443770960705448e-15
3.857981772396009943e-17
0.000000000000000000e+00
4.155460842814145959e-35
0.000000000000000000e+00
0.000000000000000000e+00
0.000000000000000000e+00
0.000000000000000000e+00
0.000000000000000000e+00
0.000000000000000000e+00
0.000000000000000000e+00
0.000000000000000000e+00
0.000000000000000000e+00
0.000000000000000000e+00
0.000000000000000000e+00
0.000000000000000000e+00
0.000000000000000000e+00
0.000000000000000000e+00
0.000000000000000000e+00
0.000000000000000000e+00
0.000000000000000000e+00
0.000000000000000000e+00
0.000000000000000000e+00
0.000000000000000000e+00
0.000000000000000000e+00
0.000000000000000000e+00
0.000000000000000000e+00
0.000000000000000000e+00
0.000000000000000000e+00
0.000000000000000000e+00
0.000000000000000000e+00
0.000000000000000000e+00
0.000000000000000000e+00
0.000000000000000000e+00
8.155087480831152424e-01
7.183297866780156981e-05
6.186751063313734811e+00
9.130371579836756268e+01
1.164634037606546296e-01
2.168800103648154121e+00
2.291049081142025656e+01
3.323673678991372754e-02
1.501529922319466692e+01
4.781972383130759674e+00
1.785602938720997086e-10
3.935038958943618326e+00
2.626995140573489993e-10
4.153657924349533023e-11
0.000000000000000000e+00
0.000000000000000000e+00
1.578539495647141125e-12
4.200439883264104474e-03
6.630554779563319203e-17
1.742826977867384031e+01
1.749190213660426480e+03
1.807538060843889127e+00
0.000000000000000000e+00
2.011352868620507195e+01
1.079913695694731057e+00
1.859303059492605881e+00
1.991088565927178269e-02
6.322840262821270707e-02
4.981623097370576829e+02
1.123763187775398222e+02
2.534766693075737862e+02
1.507641362392847279e-11
7.518609115216801086e+00
1.353355221783029378e+02
1.151289018788784091e+02
2.146288638580681152e+01
5.447025801422650915e+01
1.438000976555544483e-13
2.072516874761129658e-11
1.024887891456710423e-09
1.767555266032574672e-09
3.088009117966146277e+01
5.444581716228540763e-09
6.467211888449434509e-01
2.741629269547496417e-01
1.371807433240058716e-01
2.971911018759912508e+02
2.110555372496695044e-13
9.996278531021900562e+03
3.527046026155530534e+00
4.532533588284609616e-01
8.203238918731043938e-01
2.605924758400623631e+01
9.867011255530676317e-02
9.867578727043110343e-01
1.140397749888779444e+01
4.021965073414531244e-01
1.122872096613409809e-01
6.793258117332565127e-02
4.176088849745449139e+00
2.640844066203274831e+00
1.022218237488577500e-02
1.745659527600466561e+02
1.565064600104092207e+01
3.023783198953553311e-02
5.247904279904743730e-01
7.964500644842744670e-01
1.586248051408948589e-01
2.240988416411045492e+01
3.536144660717542184e-13
1.077319597475679415e-10
3.439599257212215093e+02
0.000000000000000000e+00
4.590081947682519115e+01
3.560477448080053620e+01
2.050690440836752089e+02
1.244825936392084526e-01
5.353390976713934268e-01
6.599341499945690259e+01
0.000000000000000000e+00
8.261350658637211651e-12
2.770587858829912520e+01
3.485926389048549070e-10
3.074171953414065461e-01
1.155413930845219277e-10
4.025713272802153037e-04
2.171163837616985059e-02
2.013227167590395938e-01
1.054342085073802951e-16
5.250373528096560077e-02
0.000000000000000000e+00
5.249659949629033040e-01
1.184227519741542362e-01
5.817380966782745411e+00
4.512481403884590847e+00
2.146300471584600089e+01
7.119198805793271046e-15
1.769008923398521763e-14
5.074314958052181558e-11
1.260751743635434608e-10
1.105690954529180845e-13
1.453313777173403020e-03
1.099770836752789801e-03
9.884428957170512779e-04
1.565940492119512195e-01
2.589196340746964271e-03
5.380727652924950644e-02
0.000000000000000000e+00
1.160818583554149850e-13
1.046185636428216379e-12
5.583333485415719558e-04
1.805645920711385892e-13
4.878821976044331412e-13
0.000000000000000000e+00
2.547803298753307545e-12
3.404034578877371264e-02
1.158681084989479269e-04
5.247370867665282620e-04
1.183711093061040127e-04
1.080297155957226494e+02
3.307850921923488396e+00
3.455986647301160786e-01
8.608170627916557294e+00
1.941846634580957076e+00
3.732251795261825489e+00
0.000000000000000000e+00
0.000000000000000000e+00
0.000000000000000000e+00
0.000000000000000000e+00
6.063725143046499966e+01
6.550526353958788661e+01
0.000000000000000000e+00
0.000000000000000000e+00
0.000000000000000000e+00
0.000000000000000000e+00
0.000000000000000000e+00
5.172559464577127820e-03
5.620365396793699023e-03
4.098580946760999998e-04
8.665219647894144631e-04
2.289639852571557187e-03
5.376216566653199691e-03
5.376216566653199691e-03
5.376216566653199691e-03
5.376216566653199691e-03
1.860806895755852744e-02
0.000000000000000000e+00
1.136597315556821426e-02
5.376216566653199691e-03
5.376216566653199691e-03
5.376216566653199691e-03
5.376216566653199691e-03
5.376216566653199691e-03
5.376216566653199691e-03
5.376216566653199691e-03
5.376216566653199691e-03
5.376216566653199691e-03
5.376216566653199691e-03
5.376216566653199691e-03
5.376216566653199691e-03
5.376216566653199691e-03
5.717773419555999964e-04
9.420411206955300182e-03
4.703248135821100177e-03
1.498765032630679922e-02
2.770337121422000162e-04
2.087240296962000101e-04
1.993629739108185913e-03
3.087848162833413661e-03
5.896135604347070916e-03
2.449029608122514721e-03
1.846891414280999236e-04
6.027695489271830097e-03
1.782378203724172992e-03
4.345253807018685695e-03
7.653219387295570999e-04
1.896226184937000597e-03
2.164405385102841431e-02
5.348394143679886803e-03
0.000000000000000000e+00
4.856313417285313197e-03
1.534184768671027072e-02
8.527324862169243305e-03
4.295919731477585574e-02
7.859403995059884365e-03
5.819022600115726564e-05
5.047326536290000238e-04
1.153294890375381257e-02
4.680577543701436034e-05
3.162480333325427655e-04
2.101154735764841457e-03
2.785516554344544260e-03
2.023990590993499574e-05
6.560255530976143341e-03
4.263662217585256764e-01
1.493704807898101582e-02
1.264994119370919446e-06
0.000000000000000000e+00
4.141590250310243568e-03
2.529988238741870656e-06
1.264994119370919446e-06
3.288984710364429312e-05
6.552674503442572872e-04
0.000000000000000000e+00
7.792368740426572522e-04
5.749397776030642365e-03
4.342723322269828601e-03
0.000000000000000000e+00
2.127718619251328398e-03
3.340847979728027526e-03
0.000000000000000000e+00
0.000000000000000000e+00
9.487440999976282964e-04
2.099890238155700112e-03
4.312365945955815710e-03
3.509093190624743876e-03
3.788654904964914010e-03
5.059976477483740466e-06
0.000000000000000000e+00
2.326324682033257402e-03
7.691179141080719400e-04
1.728740417371107257e-02
1.927850541411042784e-03
5.984687675254058217e-03
1.381374074863157223e-03
3.736791139091128096e-03
6.741154158637855526e-03
0.000000000000000000e+00
3.162488277488443873e-03
1.539497843274399659e-03
1.036030680274957309e-03
5.452123661468285219e-03
1.581240166662713827e-03
1.404423392392851812e-18
3.218142557128614734e-03
1.375174858913041226e-02
1.080051730863801004e-02
2.345297607783128173e-03
3.054707203644711419e-02
8.281914513480669038e-03
4.791797227666839791e-03
7.880913363679998467e-04
3.783596914528243246e-03
4.154241184524257342e-03
6.324960666650855309e-04
7.794891281012713072e-03
1.951884436658728357e-03
1.264994119370919446e-06
1.011995295496748601e-05
2.640041634804723633e-02
1.718368011753480112e-02
7.573517310122812943e-03
7.527980997396817135e-03
6.324960666650855309e-04
2.053970653716475497e-02
1.315594877166114708e-03
1.263729621761756992e-03
8.852428847357797503e-03
3.404098678716942824e-03
3.851906596974243036e-03
3.501503722418699942e-03
2.737447274318700625e-03
2.909486474553155913e-05
9.968173521050296970e-04
0.000000000000000000e+00
5.059976477483741313e-06
1.803122915657444023e-02
3.162480333325427655e-04
0.000000000000000000e+00
5.059976477483741313e-06
4.933477065546644307e-05
6.388220302823000409e-04
4.317425425923156722e-03
6.324960666650855309e-04
4.870232324679572128e-04
3.364884357525999318e-04
0.000000000000000000e+00
