1.897392000000000053e+03
2.732443662584690287e+02
8.435506171358239769e+00
1.164035142439307720e+02
4.711747680626328094e-01
4.944856385845567018e-69
5.103132613511753768e-102
8.420969130487273802e+00
8.395467503039695245e+00
8.393909381646611934e+00
8.231872489678014659e+00
8.225359705883073858e+00
8.210298821914792100e+00
8.208229338288983712e+00
8.167777482153777413e+00
8.115989315495509615e+00
8.045328466365562647e+00
8.400645377568755734e+00
8.345653527299516483e+00
8.267669024089899565e+00
8.219373924183983604e+00
8.150160449129264961e+00
7.995011646770270985e+00
7.936205446853052514e+00
7.898901606734041181e+00
7.835580177068810492e+00
7.811240511276592358e+00
6.490924455242533808e-01
6.434016612890188469e+01
1.483751084655347263e+01
5.327560161957079756e-04
1.252901563908835518e-05
0.000000000000000000e+00
0.000000000000000000e+00
5.423772130935385860e+01
1.523301185074707860e+02
0.000000000000000000e+00
6.949248393345412111e+00
1.789835266380083612e+00
7.973917424462120835e+03
3.161169362661299331e+00
3.302220476577825276e-02
1.127425216543370652e+03
7.369759271452758220e-01
1.485353689057151261e+00
1.824340559926110927e+01
3.708246230833384338e+00
2.546550908332265717e-01
8.894515925515017463e-01
2.746218056663895180e+00
1.140885219875136869e+01
1.122003484460866618e+00
1.412874940581960743e+02
4.920928300178754000e+01
1.602314340250801195e+01
5.529828799811601669e+01
4.021664772411668309e+00
1.403984014042406514e+01
5.223197541847658165e+00
1.280348840204923233e+00
2.043867666359035340e+01
5.966174960139558614e-01
1.088068065290928388e+02
1.161075914460595548e+01
4.204364578357361104e+00
4.158248332096931676e+01
3.443733425484467148e+00
3.900664103037243091e+00
6.842010827346666213e-01
7.116750735300385600e+01
7.300652956840761876e-01
9.402911657550486524e+00
2.651894458143843636e+01
1.674039943765138005e+01
8.394658541392420459e-02
1.497720318032879916e-01
8.985815901882884646e+03
1.777732971020189456e+00
2.895832786431256523e+00
3.137810755285026509e-01
3.183821059313255569e-02
3.639333845245653482e-02
2.370797180413626755e-03
0.000000000000000000e+00
4.789998433324221594e+00
0.000000000000000000e+00
0.000000000000000000e+00
8.944118344824077971e-01
0.000000000000000000e+00
1.661767825507114438e+01
0.000000000000000000e+00
6.123736726176167008e-04
2.861748801661660995e-03
5.529297549021102181e-06
8.909882672427654882e+01
8.612288314024758515e-03
1.436340925128608845e-04
4.819098724902756814e+00
2.185117429804152506e-09
3.553550293647446737e-05
5.598351098557307001e-09
9.553914437001962412e+00
8.589992887626865254e-05
3.177982237850425236e+02
1.428145831649776184e-06
3.957881459809017843e-01
6.081562024573127445e+01
1.067770720308665528e-04
2.869642244950019819e-06
3.642020898233965909e+01
3.206222706651853677e-04
1.211860525008092537e+02
1.098541592200171455e-07
1.333324373772212497e-04
1.795811161978633870e-03
5.201433623069367407e+00
2.858673680746958573e-02
1.019686486649148965e-04
1.616015531054241106e-03
3.287501501451928727e-07
5.164412237958130081e-06
2.259977716707187483e+03
2.346924697156051467e-06
1.931304689924846481e-04
1.721795015205302479e+04
1.911762698234665755e-02
1.903799015170040132e-01
1.774414160285394473e+03
1.970188578727677647e-03
1.380338128659045621e-02
1.329873987017474689e-02
8.424700096656546899e-02
1.769585291293195872e-06
3.497602497255164478e-01
9.387978370323795103e-11
1.913271754955781409e-12
2.431352509609620077e-12
5.551219608004993823e-04
1.123537933974034324e-10
1.132879558590041136e-01
6.100272982363533103e+00
2.081146027439910904e-11
1.426599205685451803e-12
7.556084926719636262e-13
2.304028745619313069e-09
1.604280356442996050e-10
8.602482431512109448e-11
5.733875790931657515e-12
2.193569604379540345e-18
6.420053093201457687e-10
9.822732903908208420e-13
1.963300734985338895e-10
1.760085330126406739e-14
3.546466056621849677e-09
3.565194156986733435e-12
5.178050511071370243e-16
4.873440416720044441e-18
6.089073457224053479e-19
2.910116070090901094e-16
3.057257634379081133e-17
1.309734328611093194e-17
0.000000000000000000e+00
3.012052267555542784e+01
5.159108164279518860e+01
2.272744764633268747e-04
3.893490764943572779e-04
4.935513398514858931e-05
2.429080217835394829e-13
4.160786299356091460e-13
0.000000000000000000e+00
1.459790539648082230e+01
2.160542479227410952e-04
2.033688597577382851e+00
3.480823756807454455e-02
2.087416243320003306e-02
9.072291580050744209e-01
6.845508295723707552e-06
1.486578193648609839e-06
7.316305935650613722e-15
5.165364593846853056e-11
1.121716319059381267e-11
5.520610887899768080e-20
1.198861999295610523e-20
5.900289132735961142e-29
2.130977938253304227e-01
4.135861822238395651e-03
1.482204961855694947e+00
7.911099431338729226e-02
3.036454504081912383e-16
5.499179056538241213e-24
2.766782461387413971e-32
1.948742504054662945e-17
6.286274568655934537e-20
9.288889017596606283e-18
2.778556497852501294e-19
0.000000000000000000e+00
7.617632392245516484e-15
5.856564507973831500e-20
6.342104711301503588e-29
1.112575720094246582e-27
1.421412548988432598e-22
2.711322033114737971e-28
0.000000000000000000e+00
1.278725457452053005e-36
5.593404198504247132e-36
0.000000000000000000e+00
7.178252809035781927e-31
1.206831250631001068e-36
5.946461263489878742e-45
2.431860521934093908e-16
2.600039216770758505e-38
1.270475155884528555e-16
5.557545379944383601e-18
0.000000000000000000e+00
1.546400411812708268e-31
1.218476433619054599e-38
2.477160549814661294e-47
5.408599033944644926e-47
4.457492479284274592e-55
1.203652853888746771e-63
8.321919138237484350e-34
1.975264404070861479e-41
8.759965676952020954e-34
5.709107833804438394e-36
0.000000000000000000e+00
5.159913182961032518e+00
3.893460145520531208e-05
4.161236004598885842e-14
2.764825272857635802e-19
0.000000000000000000e+00
7.517183299370321565e-15
1.526003002450170306e-31
5.827135056087406285e-20
1.212183005667453389e-38
6.310306415601173194e-29
2.464595675768688970e-47
1.111589636623804127e-27
0.000000000000000000e+00
1.414054247050362917e-22
1.277410828893329647e-36
4.452375047668077328e-55
5.588549948496197339e-36
0.000000000000000000e+00
7.142503497326542064e-31
1.205634754167083158e-36
5.940782004854240187e-45
1.202483088981166743e-63
2.430043407082459392e-16
8.314977356980924632e-34
1.973102127632349703e-41
2.597158301817838350e-38
8.751098727949822607e-34
1.269121536131516465e-16
5.551091616942764337e-18
0.000000000000000000e+00
5.701727568150298221e-36
0.000000000000000000e+00
6.403370843870773222e-18
0.000000000000000000e+00
6.508551414701434961e-36
0.000000000000000000e+00
1.937519206817364843e-23
0.000000000000000000e+00
5.302954212321793558e-19
1.063482335106936376e-35
4.087048100787308949e-24
8.409595754999642536e-43
4.373463913679521953e-33
1.688302862367074222e-51
7.910783805055344289e-32
0.000000000000000000e+00
9.937767168839793798e-27
8.986966199308108083e-41
3.096093962597396872e-59
3.921770988441103193e-40
0.000000000000000000e+00
4.949954204880497225e-35
8.471139167349912999e-41
4.121848164364260837e-49
8.250984371254207206e-68
1.716833140126011578e-20
5.806825641824456843e-38
1.393129269758581194e-45
1.833803577294928681e-42
6.175878240997152031e-38
8.972828480098065119e-21
3.912092912100313199e-22
0.000000000000000000e+00
3.974234949082099278e-40
0.000000000000000000e+00
1.459647707129158731e-18
0.000000000000000000e+00
1.100077781636104954e-13
2.173502728718211003e-30
3.081354098218661922e-19
6.251489202477068972e-38
3.250060490204175943e-28
1.236566047022912544e-46
4.884856598376176920e-28
0.000000000000000000e+00
7.508119043990180508e-22
5.522159425893462945e-37
1.893230778465503288e-55
2.407900451396543572e-36
0.000000000000000000e+00
3.675506484928028091e-30
5.202770352623512313e-37
2.518894385042239593e-45
5.020205940979243093e-64
1.066482859196812029e-16
3.589237838967616035e-34
8.572216931189163307e-42
1.128190690019795719e-38
3.832308630175114810e-34
5.571746901486304006e-17
1.105948058096022911e-17
0.000000000000000000e+00
9.331694049144985433e-36
0.000000000000000000e+00
1.460936124759250619e-18
0.000000000000000000e+00
1.101034330885348939e-13
2.175419538656562831e-30
3.084071710169566780e-19
6.257074912584424061e-38
3.252966397645581527e-28
1.237687013225763855e-46
4.891801370737159031e-28
0.000000000000000000e+00
7.514726880172741992e-22
5.530075871961487729e-37
1.895967880025516726e-55
2.411358201582048830e-36
0.000000000000000000e+00
3.678794282020525997e-30
5.210235593216393811e-37
2.522541377160768629e-45
5.027532772802159438e-64
1.067999904956763438e-16
3.594386608683608753e-34
8.584474864986963080e-42
1.129804070636885536e-38
3.837765866328440914e-34
5.579671039893322403e-17
1.106033687090699587e-17
0.000000000000000000e+00
9.332539197075051325e-36
0.000000000000000000e+00
1.354661320842424164e-17
0.000000000000000000e+00
1.141544275111802449e-35
0.000000000000000000e+00
1.040637250140712287e-22
0.000000000000000000e+00
3.144112730851440783e-18
6.378449156032633261e-35
1.949772584519057129e-23
4.053477104991104366e-42
2.901346421604191198e-32
1.132706405559741523e-50
3.254911282328347579e-31
0.000000000000000000e+00
4.731655404898784286e-26
4.807086834837617745e-40
1.674806840418343065e-58
2.336535219314687654e-39
0.000000000000000000e+00
3.283609985684115504e-34
4.536492373401623764e-40
2.979219289020696260e-48
6.027924812812731349e-67
2.032668734936426648e-20
6.952872362991331438e-38
8.250086779250807725e-46
1.085995864284701814e-42
2.927955863034023342e-37
4.246574530991179918e-20
1.338999129717165699e-21
0.000000000000000000e+00
1.360687152626340371e-39
0.000000000000000000e+00
5.502844234038503090e-22
0.000000000000000000e+00
4.608011325129179860e-17
9.104374227983306391e-34
1.032596603915562613e-22
2.094943674230205348e-41
1.497547389557536458e-31
5.697818820396510784e-50
1.433128105355593993e-31
0.000000000000000000e+00
2.516055801209986239e-25
2.082974508084175619e-40
7.141357258067103024e-59
1.009191092124207211e-39
0.000000000000000000e+00
1.693591781998841194e-33
1.962510858983826121e-40
1.266851931557058280e-48
2.524859469755080701e-67
8.939619095577625924e-21
3.008618642324857558e-38
3.592578345940740976e-46
4.728197453081975897e-43
1.284883265475166065e-37
1.868076298852688595e-20
2.834746175396274460e-21
0.000000000000000000e+00
2.388757534743328823e-39
0.000000000000000000e+00
4.482293931311358776e-20
0.000000000000000000e+00
1.217812317625719519e-15
2.473004298462316167e-32
7.084900583247794954e-21
1.472869884871446593e-39
7.669802566516188903e-30
2.994948502786172743e-48
1.351617992780001639e-28
0.000000000000000000e+00
1.719437482637203677e-23
1.035192335897301580e-37
3.607297683337872876e-56
6.793815120141022676e-37
0.000000000000000000e+00
8.682584412770650273e-32
9.771141365035989311e-38
4.813563637864813397e-46
9.740915033329393483e-65
3.939895214783318382e-17
1.347814734795938589e-34
3.998016503634779455e-42
5.261945580617928551e-39
7.092863987315317267e-35
3.086098341301706009e-17
3.892831797431641764e-19
0.000000000000000000e+00
3.955668091620374146e-37
0.000000000000000000e+00
7.369203857673108157e-20
0.000000000000000000e+00
1.001745008148737583e-15
2.030020593443266230e-32
3.885445905583979696e-20
8.068355677521598995e-39
1.678142164074673422e-29
6.542658231790707003e-48
8.891480395622206182e-28
0.000000000000000000e+00
9.395883701731145542e-23
1.019803309768271971e-36
3.548320097325122215e-55
2.230254934121093200e-36
0.000000000000000000e+00
1.901748535817161934e-31
9.630075701055316732e-37
2.364705423726511008e-45
4.788004290033667915e-64
9.731401530714108488e-17
3.323696235166227591e-34
7.816398971760706834e-42
1.028801422747722392e-38
8.161963338576327242e-34
1.353158346784376728e-16
4.448415643210768904e-18
0.000000000000000000e+00
4.513565014560704430e-36
0.000000000000000000e+00
6.360134252266633063e-20
0.000000000000000000e+00
8.645991503583747196e-16
1.754828493303062466e-32
3.351674776080496610e-20
6.971146496409422450e-39
1.451367931387990689e-29
5.668402202302629639e-48
7.672828014817945004e-28
0.000000000000000000e+00
8.133649079960375361e-23
8.814646581602737333e-37
3.072241334432680229e-55
1.928383581789025154e-36
0.000000000000000000e+00
1.642981613395404572e-31
8.320230458760867928e-37
2.049583060521725639e-45
4.147902807831877113e-64
8.386529338280327346e-17
2.869164509318990907e-34
6.803848761621880351e-42
8.955720688748450933e-39
7.041735447494406701e-34
1.167141415928292574e-16
3.866724250242029794e-18
0.000000000000000000e+00
3.929598520193355760e-36
0.000000000000000000e+00
9.415221772900624910e-22
0.000000000000000000e+00
7.884172318373817681e-17
1.557712668363412057e-33
1.766757691424028027e-22
3.584377017907015961e-41
2.562235236993642370e-31
9.748647625825801940e-50
2.452071533312015068e-31
0.000000000000000000e+00
4.304942622598216545e-25
3.563890243602194445e-40
1.221851839751836566e-58
1.726693994840556213e-39
0.000000000000000000e+00
2.897674737500758936e-33
3.357797723244655650e-40
2.167518095422806897e-48
4.319854219704978588e-67
1.529560997143026088e-20
5.147658849272707936e-38
6.146525264226335647e-46
8.089449817897604198e-43
2.198313645927983886e-37
3.196107442907819690e-20
4.850182772239051853e-21
0.000000000000000000e+00
4.087079429019621460e-39
0.000000000000000000e+00
8.991825026967536754e-21
0.000000000000000000e+00
2.716731198421561461e-16
5.511416546479870403e-33
1.684738541744313380e-21
3.502481688358065795e-40
2.506961814241698935e-30
9.787352310368770860e-49
2.812469319051657849e-29
0.000000000000000000e+00
4.088478206499198705e-24
4.153654104864604558e-38
1.447147565553679077e-56
2.018927095058040510e-37
0.000000000000000000e+00
2.837263200165056898e-32
3.919841198739818831e-38
2.574248594688540165e-46
5.208534996340386104e-65
1.756366455605056758e-18
6.007759817066899955e-36
7.128643348750143285e-44
9.383753119550277924e-41
2.529956475904842559e-35
3.669334674990996525e-18
1.156987835789788435e-19
0.000000000000000000e+00
1.175727396738354975e-37
0.000000000000000000e+00
4.073226835173731654e-19
0.000000000000000000e+00
1.106631409705718260e-14
2.247270918015383636e-31
6.438297583065569750e-20
1.338405588488232411e-38
6.969711051112127505e-29
2.721546200136848917e-47
1.228266654334455989e-27
0.000000000000000000e+00
1.562520460019348779e-22
9.407059793621666302e-37
3.278008495733394950e-55
6.173737865703781773e-36
0.000000000000000000e+00
7.890103987326469348e-31
8.879326634096513245e-37
4.374179183834533777e-45
8.851663353503840932e-64
3.580342114393453557e-16
1.224800604098909166e-33
3.633142325723431556e-41
4.781694196706073984e-38
6.445541659947616573e-34
2.804457158359647600e-16
3.537557463481783177e-18
0.000000000000000000e+00
3.594611858643170092e-36
0.000000000000000000e+00
7.293326860108686276e-19
0.000000000000000000e+00
9.914303514701792783e-15
2.009096062650575936e-31
3.845453946423635893e-19
7.985219733398525650e-38
1.660838864502123821e-28
6.475118205341218091e-47
8.799939681666096599e-27
0.000000000000000000e+00
9.298944062578682150e-22
1.009292389070458597e-35
3.511706311368286289e-54
2.207263059262589653e-35
0.000000000000000000e+00
1.882153963640564648e-30
9.530848611176041040e-36
2.340287585083875625e-44
4.738580046483597849e-63
9.631301735317936795e-16
3.289469089038927350e-33
7.735451462139246676e-41
1.018146676290151146e-37
8.077944611195885068e-33
1.339231412269625413e-15
4.402655427633596646e-17
0.000000000000000000e+00
4.467124535231246066e-35
0.000000000000000000e+00
0.000000000000000000e+00
0.000000000000000000e+00
0.000000000000000000e+00
0.000000000000000000e+00
0.000000000000000000e+00
0.000000000000000000e+00
0.000000000000000000e+00
0.000000000000000000e+00
0.000000000000000000e+00
0.000000000000000000e+00
0.000000000000000000e+00
0.000000000000000000e+00
0.000000000000000000e+00
0.000000000000000000e+00
0.000000000000000000e+00
0.000000000000000000e+00
0.000000000000000000e+00
0.000000000000000000e+00
0.000000000000000000e+00
0.000000000000000000e+00
0.000000000000000000e+00
0.000000000000000000e+00
0.000000000000000000e+00
0.000000000000000000e+00
0.000000000000000000e+00
0.000000000000000000e+00
0.000000000000000000e+00
0.000000000000000000e+00
0.000000000000000000e+00
1.536080707241850973e+00
7.183297086051920201e-05
5.585416390288524546e+00
9.876229088702879721e+01
1.088182794682438226e-01
1.861823773598950904e+00
2.067709005765567198e+01
3.934439632991970637e-02
1.284028361757469128e+01
4.683070733125656915e+00
7.890445493985739075e-11
4.028175624416670431e+00
2.889335315377632546e-10
1.867231697173747609e-11
0.000000000000000000e+00
0.000000000000000000e+00
1.082313352926761074e-12
4.200438866122638802e-03
4.546188677094768970e-17
1.732811833695572901e+01
1.728140219466826238e+03
1.792418283490968101e+00
0.000000000000000000e+00
1.789268954816057899e+01
1.045275206689356029e+00
1.790381235833528262e+00
2.144202653044200574e-02
6.499426767099085456e-02
5.193324352087436182e+02
1.113972264508123686e+02
2.389470825408672852e+02
1.221834387792933941e-11
6.909229395656917738e+00
1.243664389413139588e+02
1.218480075395441276e+02
2.087382193990859847e+01
5.297909990632027899e+01
8.207154215020818911e-14
1.322455262805446713e-11
1.764593316551261005e-09
2.843188088487887321e-09
1.055278244627904805e+01
2.971644698115611982e-09
6.467212046116551649e-01
1.995647345908672932e-01
9.982925874169308600e-02
2.429912712871918075e+02
1.445287157121895337e-13
9.996252626328334372e+03
3.556736636348505787e+00
4.401853131868463387e-01
8.646807567167356101e-01
2.693062233003069394e+01
9.302554330632493984e-02
9.303168433818735927e-01
1.022023950420441629e+01
3.634756318966348987e-01
1.164222220490539056e-01
4.910148565644036067e-02
4.897972718562916938e+00
2.401647334728453487e+00
9.641350668163293711e-03
1.833891873137802691e+02
1.549852027089613138e+01
3.705494744626122716e-02
5.374791329636638970e-01
7.560887515873468967e-01
1.990333135374090234e-01
2.119127036384052332e+01
2.293056336815778484e-13
7.007419818299046232e-11
3.409671770339201657e+02
0.000000000000000000e+00
4.640398851125791424e+01
3.470466538014596125e+01
1.884424474643586791e+02
1.542448260859289599e-01
6.262404323684608309e-01
5.991399487401651669e+01
0.000000000000000000e+00
7.586695506002295763e-12
2.593228683067546214e+01
1.466919056657851064e-10
3.890343953519667108e-01
6.580485866677962368e-11
3.641279379090570653e-04
1.864159013970769982e-02
1.790662000973147205e-01
7.142095308949503307e-17
5.176536258952138536e-02
0.000000000000000000e+00
5.625595037678566834e-01
1.206695103082070369e-01
5.544039238248622326e+00
4.146284643372068146e+00
2.087390022361725528e+01
3.952234733670165763e-15
9.278381563174185796e-15
8.497587365142080021e-11
1.994776573417890164e-10
7.107682653008303899e-14
1.423293596706136279e-03
1.047634017221086948e-03
9.320165665982433961e-04
1.550990114892557004e-01
2.500121742802492806e-03
5.064099729971548863e-02
0.000000000000000000e+00
6.603772900357682206e-14
4.401951644329366791e-13
6.522538479011982457e-04
7.949249251990174896e-14
3.853900099442844303e-13
0.000000000000000000e+00
1.494540376883125360e-12
3.634503642929188399e-02
1.320857571712219546e-04
6.236030987099894273e-04
1.337633937769816843e-04
1.077608461837686775e+02
4.176699732697152001e+00
3.204534203200666842e-01
8.321053813121842779e+00
1.784874655645616759e+00
4.625953167675611155e+00
0.000000000000000000e+00
0.000000000000000000e+00
0.000000000000000000e+00
0.000000000000000000e+00
6.071561883227880685e+01
6.542689613777972113e+01
0.000000000000000000e+00
0.000000000000000000e+00
0.000000000000000000e+00
0.000000000000000000e+00
0.000000000000000000e+00
4.223815364579499090e-03
2.457885063468271802e-03
9.361006134355722081e-05
1.182769998121957229e-03
2.922135919236642718e-03
5.376216566653199691e-03
5.376216566653199691e-03
5.376216566653199691e-03
5.376216566653199691e-03
2.619802175753955381e-02
3.794982358112791161e-06
1.104972512223567453e-02
5.376216566653199691e-03
5.376216566653199691e-03
5.376216566653199691e-03
5.376216566653199691e-03
5.376216566653199691e-03
5.376216566653199691e-03
5.376216566653199691e-03
5.376216566653199691e-03
5.376216566653199691e-03
5.376216566653199691e-03
5.376216566653199691e-03
5.376216566653199691e-03
5.376216566653199691e-03
5.717773419555999964e-04
9.420411206955300182e-03
4.703248135821100177e-03
1.498765032630679922e-02
2.770337121422000162e-04
2.087240296962000101e-04
9.614153911292929312e-05
1.581240166662713827e-03
7.161127737677241978e-03
4.030269774785227681e-03
0.000000000000000000e+00
7.925183689267086690e-03
5.261106570382143195e-03
4.029005773686142496e-03
4.490739053970142802e-04
1.263730118271915066e-03
2.354154205102367003e-02
3.450905943684630210e-03
7.589964716225612816e-06
5.172561450617856396e-03
1.281186342004991818e-02
9.792316995499414367e-03
3.789922878145516455e-02
3.115683495071742016e-03
5.819022600115726564e-05
0.000000000000000000e+00
1.216544497041889723e-02
3.630538087695571394e-04
9.234506722425720501e-05
1.784906702432299125e-03
2.469268521012000193e-03
2.023990590993499574e-05
4.346519297648343549e-03
4.054938515585778669e-01
1.778328037897390287e-02
1.264994119370919446e-06
0.000000000000000000e+00
3.509094183645157603e-03
2.529988238741870656e-06
1.264994119370919446e-06
0.000000000000000000e+00
9.715154836768000526e-04
0.000000000000000000e+00
7.792368740426572522e-04
7.014389909360813427e-03
1.812739055609486477e-03
1.505343002051000019e-04
1.495222552586243083e-03
3.973344046393114358e-03
0.000000000000000000e+00
5.059971512381428865e-04
3.162480333325427655e-04
3.364882371485871174e-03
2.731125779293100582e-03
9.791089239644004509e-04
6.318639171625255700e-03
5.059976477483741313e-06
0.000000000000000000e+00
4.540060915361056326e-03
7.691179141080719400e-04
1.570616400704835658e-02
2.244098574743585549e-03
5.035943575256428620e-03
1.697622108195699989e-03
2.788047039093499366e-03
9.587386458630740849e-03
3.162480333325427655e-04
3.794984344153529403e-03
1.539497843274399876e-03
1.036030680274957309e-03
5.452123661468285219e-03
0.000000000000000000e+00
1.404423392392851812e-18
1.320654357133358575e-03
9.324276122474826553e-03
1.080051730863801004e-02
2.029049574450585407e-03
3.402580040310508591e-02
7.649418446815583507e-03
5.424293294331927924e-03
0.000000000000000000e+00
5.364837081190956640e-03
5.102985284521885205e-03
1.493957558466843267e-03
5.897403081017456479e-03
6.868923033285572952e-04
1.264994119370919446e-06
1.011995295496748601e-05
2.070795174806146915e-02
1.465369585087445900e-02
4.727285010129928487e-03
1.132295739738733119e-02
6.324960666650855309e-04
1.263350570385118714e-02
1.315594877166114708e-03
3.161217821757013584e-03
9.168676880690340703e-03
4.036594745382028789e-03
3.851906596974242602e-03
4.450247822416328672e-03
3.053695307651243390e-03
2.909486474553155913e-05
2.578057518767743524e-03
0.000000000000000000e+00
5.059976477483741313e-06
1.455250078991646677e-02
3.162480333325427655e-04
6.324970596854693582e-06
5.059976477483741313e-06
4.933477065546644307e-05
6.388220302823000409e-04
2.103689192595357364e-03
9.487440999976282964e-04
8.032712658005000325e-04
9.689845024176854628e-04
0.000000000000000000e+00
