1.897392000000000053e+03
2.827296688878002442e+02
1.061666787589459027e+01
7.734152412018202938e+01
3.151979088574210358e-02
8.335155853320915154e-71
9.082423338385257554e-102
1.059454753239518432e+01
1.055620508344112807e+01
1.055386410201144010e+01
1.033040894549247390e+01
1.032145690786154368e+01
1.030091253501933224e+01
1.029809252393248542e+01
1.024411017127322054e+01
1.017683029638859082e+01
1.008818953930236972e+01
1.056413401077311320e+01
1.048349194632035086e+01
1.037386075425092535e+01
1.030777373120780993e+01
1.021672248553903906e+01
1.002666124733666386e+01
9.956291711821600998e+00
9.912253230974222618e+00
9.838929406413067014e+00
9.810938062625847778e+00
2.082826760180135073e-01
6.170835382555635107e+01
1.496829474045933672e+01
4.396963983785074281e-04
1.287707459658548240e-05
0.000000000000000000e+00
0.000000000000000000e+00
4.803600446945950608e+01
1.524400483548618013e+02
0.000000000000000000e+00
7.970131820908200382e+00
1.997490866367772622e+00
7.969784174476390035e+03
3.252567288726110117e+00
3.376647504830882635e-02
1.128888688485347529e+03
5.766530828850539026e-01
1.492486032261927331e+00
1.860594219413062689e+01
3.820317696491825732e+00
2.549625153682378298e-01
8.898525554945504457e-01
2.747737853275419084e+00
1.140867980952508454e+01
1.121961928275851506e+00
1.412907063073760696e+02
4.925166618186987932e+01
1.602110452196203738e+01
5.529829509631574069e+01
4.022932723818324341e+00
1.404484362948220699e+01
5.207889299819658646e+00
1.275945926503093908e+00
2.042556848671759795e+01
5.941551927893771179e-01
1.088117961499806938e+02
1.158116332865899167e+01
4.204988078313326660e+00
4.149623052036828597e+01
3.443655344385830208e+00
3.900598613300214179e+00
6.841911798544403345e-01
7.116751094982295456e+01
7.300539478515875036e-01
9.402896758415050016e+00
2.651895056863829581e+01
1.674039656797191356e+01
8.390256557822106664e-02
1.497720318032879916e-01
8.992752992959831317e+03
1.839468242097163975e+00
2.899923811700886311e+00
3.284043952645819830e-01
3.188271649637765270e-02
3.632405643565650433e-02
2.373626277456246554e-03
0.000000000000000000e+00
4.787587099301211069e+00
0.000000000000000000e+00
0.000000000000000000e+00
6.834366539940273100e-01
0.000000000000000000e+00
1.629463997404808850e+01
0.000000000000000000e+00
6.118774651902059462e-04
2.861751155962163375e-03
5.522452405984154132e-06
8.664460234497956037e+01
8.370710407838526795e-03
9.137969154062374963e-05
4.916596380535855459e+00
1.418266701147310353e-09
2.289238376554422191e-05
3.536414472547933887e-09
1.460477888817014680e+01
8.354129759966758429e-05
3.196469644047082284e+02
9.138529755106056874e-07
3.740292071470330826e-01
6.374908964080791662e+01
1.116183733523725107e-04
2.454655060099907124e-06
4.351008109990166872e+01
3.272687029890500809e-04
1.191549732248381019e+02
9.239251425010922462e-08
1.055138096438822294e-04
1.413525925219864809e-03
6.214175636220200971e+00
2.694030149566028695e-02
6.317547486585244120e-05
1.197204886182927711e-03
1.261887600605932386e-07
2.364468653037874317e-06
2.259989492100826283e+03
9.008539231074197256e-07
8.558089685704775140e-05
1.730310448944442396e+04
8.513506622399932486e-03
8.503978487843492917e-02
1.845265385495427608e+03
9.079108504313639473e-04
7.407775070023135851e-03
5.949501210933420305e-03
7.647515040702078382e-02
7.186128795235869728e-07
3.188878723423295702e-01
9.174014743581180147e-11
1.547909893954301246e-12
1.898677558723663979e-12
4.018194832924689070e-04
1.399518337871497080e-10
1.287298822198436055e-01
6.092791762039404091e+00
1.936490249115747585e-11
2.373430382113527621e-12
8.509737501453306474e-13
2.590869259559215490e-09
3.191870917069127579e-10
1.136611482783331207e-10
3.019698944132498880e-12
1.135861596423822545e-18
4.036033289931252341e-10
5.728744548763879432e-13
1.144552794452627224e-10
1.690060571809173669e-14
3.676999536355799602e-09
3.673767281205221026e-12
4.952804048725249683e-16
4.902586867248690173e-18
6.125470854391190503e-19
1.836034678721509079e-16
2.675635017437375586e-17
1.317567325863957024e-17
0.000000000000000000e+00
2.671969762275058358e+01
5.068134437512240709e+01
2.129613105945921559e-04
4.040167887594107478e-04
4.965539716792461799e-05
2.288932830338324827e-13
4.341863833331966376e-13
0.000000000000000000e+00
1.568285827652570319e+01
2.160542761002037099e-04
2.132349419472111318e+00
3.225616415411809712e-02
1.353306931329704282e-02
7.139288890603127102e-01
5.690169388590278290e-06
1.326755323343408311e-06
6.115788256320708014e-15
4.535258154585558228e-11
1.057469029194943260e-11
4.874490838724115473e-20
1.136566633995922278e-20
5.239097782349468709e-29
2.459500522991763249e-01
4.546878500011190295e-03
1.522539185421038388e+00
4.520025470629845249e-02
3.153619665052504429e-16
6.467216687147110795e-24
3.059187367240016559e-32
1.970329893746302503e-17
3.965655787726995793e-20
8.871887512146406141e-18
2.818222261068564249e-19
0.000000000000000000e+00
7.135373313372621777e-15
6.397972681090759669e-20
6.269509301266963800e-29
1.231898460663092061e-27
1.491117072975421048e-22
3.208121936824109364e-28
0.000000000000000000e+00
1.426858063075634836e-36
5.818694595860854457e-36
0.000000000000000000e+00
7.083180556164900911e-31
1.349928116207746617e-36
6.220500442795714205e-45
2.641618064016768079e-16
1.005562789257663604e-38
1.324273879804464073e-16
6.223255665400982151e-18
0.000000000000000000e+00
1.454161321144492440e-31
1.328632465519042980e-38
2.455496323895966302e-47
6.632132717642390399e-47
5.111366402625585397e-55
1.312059283762167153e-63
8.898694874055851569e-34
7.860616734894135138e-42
8.073487855762216507e-34
6.559822707177522162e-36
0.000000000000000000e+00
5.069017679300916512e+00
4.040160651102481552e-05
4.342365175510326737e-14
2.805809881058026624e-19
0.000000000000000000e+00
7.051284232812595695e-15
1.437042525879185967e-31
6.369438728091189233e-20
1.322534081620900035e-38
6.241496583022329256e-29
2.444392653322884180e-47
1.230940241483142864e-27
0.000000000000000000e+00
1.484219050666510965e-22
1.425561104909192990e-36
5.106164292014597666e-55
5.814205731729993146e-36
0.000000000000000000e+00
7.051616293776108135e-31
1.348755348973866765e-36
6.215197855731200919e-45
1.310919066228586056e-63
2.639777609998195785e-16
8.891790090164360665e-34
7.852122527126688232e-42
1.004471537767788536e-38
8.066169829940351866e-34
1.323007043392476371e-16
6.216615508012909972e-18
0.000000000000000000e+00
6.551923880585675643e-36
0.000000000000000000e+00
7.197276306595992740e-18
0.000000000000000000e+00
7.503714292676945760e-36
0.000000000000000000e+00
1.973360518394196766e-23
0.000000000000000000e+00
4.990015219693303020e-19
1.007743740309192004e-35
4.476110995989692916e-24
9.191644320496951122e-43
4.344829952702902166e-33
1.681455496488644070e-51
8.763772711253676437e-32
0.000000000000000000e+00
1.042198079146573135e-26
1.003114923508339110e-40
3.551682633021021543e-59
4.089732133218611365e-40
0.000000000000000000e+00
4.891581998392295073e-35
9.485151280244509349e-41
4.321683540485278118e-49
9.013877678641164635e-68
1.859748813823167813e-20
6.193350081657025878e-38
5.481545875810928541e-46
7.020349980635709054e-43
5.685834081507565900e-38
9.344741365815125022e-21
4.373244737176901348e-22
0.000000000000000000e+00
4.552960722564213490e-40
0.000000000000000000e+00
1.335230506719670078e-18
0.000000000000000000e+00
9.293816802970137791e-14
1.852839333546580900e-30
3.024918089865777900e-19
6.121948540496345828e-38
2.900996169036391960e-28
1.105728793395185687e-46
4.974819900342635422e-28
0.000000000000000000e+00
7.037298663558781597e-22
5.665980231870812000e-37
1.996454513873472533e-55
2.310342686949389715e-36
0.000000000000000000e+00
3.253474713457884771e-30
5.356792240632773393e-37
2.429851679828852844e-45
5.045422715195913762e-64
1.060851648798453632e-16
3.515782660214419252e-34
3.086415232585929500e-42
3.956001791647398285e-39
3.242707971432876229e-34
5.333636534073778996e-17
1.137597910959754067e-17
0.000000000000000000e+00
9.772022522360315206e-36
0.000000000000000000e+00
1.336405098466473627e-18
0.000000000000000000e+00
9.301862927042915920e-14
1.854461847825206597e-30
3.027581899271368288e-19
6.127411837681760796e-38
2.903579505057988490e-28
1.106727555603457634e-46
4.981894939072082718e-28
0.000000000000000000e+00
7.043501051636911224e-22
5.674106750557345037e-37
1.999342099780889649e-55
2.313656734736022012e-36
0.000000000000000000e+00
3.256383106454922310e-30
5.364478182918894570e-37
2.433366256112073107e-45
5.052779668718505536e-64
1.062364513409814109e-16
3.520838101534289043e-34
3.090867222813094824e-42
3.961702383386731452e-39
3.247331406115572101e-34
5.341230383967161844e-17
1.137687356334592487e-17
0.000000000000000000e+00
9.772927994013206820e-36
0.000000000000000000e+00
1.389934098791215616e-17
0.000000000000000000e+00
1.192307038846182940e-35
0.000000000000000000e+00
1.228885416118215168e-22
0.000000000000000000e+00
3.431906468306126576e-18
6.990480847588762049e-35
2.479880965864676143e-23
5.145893955205088578e-42
3.339376679262460868e-32
1.307282071574558197e-50
4.193756200326953390e-31
0.000000000000000000e+00
5.778288808703401528e-26
6.241673170906477642e-40
2.234754352695518788e-58
2.828486476420895864e-39
0.000000000000000000e+00
3.771886626887782068e-34
5.904865555700362890e-40
3.626577361429285570e-48
7.646178480334771303e-67
2.568833549554989753e-20
8.649848341822198252e-38
3.818317339314188699e-46
4.884963931527950362e-43
3.139870357493184927e-37
5.150427295816595153e-20
1.750940265161204488e-21
0.000000000000000000e+00
1.824984734337401433e-39
0.000000000000000000e+00
5.856196986886217387e-22
0.000000000000000000e+00
4.529022929394237922e-17
9.029171656354554771e-34
1.179296396324166938e-22
2.386704840609416815e-41
1.555093387052845744e-31
5.927343119109918136e-50
1.697973117367776483e-31
0.000000000000000000e+00
2.743565390599337797e-25
2.486395313795266739e-40
8.761060685674406878e-59
1.126500738859047225e-39
0.000000000000000000e+00
1.744050807954916097e-33
2.350728004057278243e-40
1.421725550808733593e-48
2.952114839567585035e-67
1.034522530995502728e-20
3.428522473564076401e-38
1.504828269659819792e-46
1.928808477005220048e-43
1.264826216804017916e-37
2.080398303327122711e-20
3.383741194510979907e-21
0.000000000000000000e+00
2.902594965734509321e-39
0.000000000000000000e+00
4.370223662971988247e-20
0.000000000000000000e+00
1.097506581353012991e-15
2.237627655152670950e-32
7.440121226442520685e-21
1.543845098899035119e-39
7.288569189770585778e-30
2.853886511910445234e-48
1.437900659700347949e-28
0.000000000000000000e+00
1.733769976373089054e-23
1.109831745132768280e-37
3.974363687779136489e-56
6.790499104357067220e-37
0.000000000000000000e+00
8.235199624071763399e-32
1.050144883365057366e-37
4.838085362915436514e-46
1.020217480809511873e-64
4.111400245066402703e-17
1.384561973181858487e-34
1.528111943852601348e-42
1.954648193507049885e-39
6.280486997375425981e-35
3.090558020591117324e-17
4.203258441950384871e-19
0.000000000000000000e+00
4.380879679340405503e-37
0.000000000000000000e+00
6.793084251369878457e-20
0.000000000000000000e+00
8.535607514413491309e-16
1.737601340023916406e-32
3.856940847419495636e-20
7.994324531209883624e-39
1.507921878362500270e-29
5.895301097263430834e-48
8.938911816687762979e-28
0.000000000000000000e+00
8.951898535068799651e-23
1.033181412835651621e-36
3.694388677900663476e-55
2.107061608893476394e-36
0.000000000000000000e+00
1.704693870769336664e-31
9.781325110269386237e-37
2.246514726761512301e-45
4.739967433877779662e-64
9.591924717823808380e-17
3.225106765499922690e-34
2.818477340744828796e-42
3.605924099310318057e-39
6.828027046429370284e-34
1.280307318770871269e-16
4.537467523599664918e-18
0.000000000000000000e+00
4.721389842715478490e-36
0.000000000000000000e+00
5.795201540605714315e-20
0.000000000000000000e+00
7.281826873940268328e-16
1.483838591446351066e-32
3.289353601175462263e-20
6.828822728725412463e-39
1.288939639619803516e-29
5.047825531890092444e-48
7.628474627121918961e-28
0.000000000000000000e+00
7.664793398953674092e-23
8.831789981295256034e-37
3.163356962155426414e-55
1.801294538596353329e-36
0.000000000000000000e+00
1.456343835176173597e-31
8.356904706000294842e-37
1.925200630874657267e-45
4.059990800763812800e-64
8.179056325216488672e-17
2.754563780494928591e-34
2.430540770640268847e-42
3.109264495196583421e-39
5.827240841367361739e-34
1.092350060032179687e-16
3.901907219160495892e-18
0.000000000000000000e+00
4.067298964129232177e-36
0.000000000000000000e+00
1.028809872033778751e-21
0.000000000000000000e+00
7.956526918562890376e-17
1.586217190380065310e-33
2.071784905292405757e-22
4.192908042223726157e-41
2.731940733887915227e-31
1.041290788710074874e-49
2.983002038560016803e-31
0.000000000000000000e+00
4.819885172895706759e-25
4.368024552591898543e-40
1.539107762192009930e-58
1.979014357694042631e-39
0.000000000000000000e+00
3.063903634143361446e-33
4.129711270599330927e-40
2.497629890025761678e-48
5.186095616661875623e-67
1.817443883551689300e-20
6.023140097064743234e-38
2.643503064447096249e-46
3.388305854104059268e-43
2.221932676001916907e-37
3.654663534830862919e-20
5.944498545029203764e-21
0.000000000000000000e+00
5.099190335114104738e-39
0.000000000000000000e+00
1.090269348381872353e-20
0.000000000000000000e+00
3.044794166534527791e-16
6.201963572121357915e-33
2.200155050924402459e-21
4.565442561607708922e-40
2.962698738154189323e-30
1.159821423623765359e-48
3.720708732473785710e-29
0.000000000000000000e+00
5.126508195830810901e-24
5.537621102979761484e-38
1.982675959499730251e-56
2.509437038879258094e-37
0.000000000000000000e+00
3.346420833296179182e-32
5.238804217126079856e-38
3.217502170313213069e-46
6.783691383269208173e-65
2.279073177862733190e-18
7.674155275622440393e-36
3.387614394408749722e-44
4.333944725177779669e-41
2.785698163077674147e-35
4.569468158784250733e-18
1.553436946073030943e-19
0.000000000000000000e+00
1.619128669493158515e-37
0.000000000000000000e+00
3.971377264496143860e-19
0.000000000000000000e+00
9.973073565022263539e-15
2.033383294343812010e-31
6.761077822636889241e-20
1.402896856145585417e-38
6.623269246972243715e-29
2.593359323131752905e-47
1.306668441148339580e-27
0.000000000000000000e+00
1.575535511479094944e-22
1.008527508035017448e-36
3.611549121211113696e-55
6.170702885100568807e-36
0.000000000000000000e+00
7.483519093707695063e-31
9.542934987380859039e-37
4.396446568237333419e-45
9.270781469427602211e-64
3.736164807276569717e-16
1.258183857201422717e-33
1.388627596055759581e-41
1.776222218283485361e-38
5.707267344103575117e-34
2.808491522509948945e-16
3.819625563542368386e-18
0.000000000000000000e+00
3.980978134557723685e-36
0.000000000000000000e+00
6.723168918167124279e-19
0.000000000000000000e+00
8.447757305773558902e-15
1.719705612297895219e-31
3.817253504931726279e-19
7.911974974209250503e-38
1.492381551857946474e-28
5.834475727475684860e-47
8.846890879956263019e-27
0.000000000000000000e+00
8.859538347200256059e-22
1.022533351763815767e-35
3.656270989503994814e-54
2.085345149791344260e-35
0.000000000000000000e+00
1.687132113158732587e-30
9.680553103388747646e-36
2.223322767120561260e-44
4.691050747484257077e-63
9.493234684486624098e-16
3.191887328169486798e-33
2.789256418571576871e-41
3.568541952052156761e-38
6.757733827014287604e-33
1.267129265708314536e-15
4.490779836769591202e-17
0.000000000000000000e+00
4.672797913510296352e-35
0.000000000000000000e+00
0.000000000000000000e+00
0.000000000000000000e+00
0.000000000000000000e+00
0.000000000000000000e+00
0.000000000000000000e+00
0.000000000000000000e+00
0.000000000000000000e+00
0.000000000000000000e+00
0.000000000000000000e+00
0.000000000000000000e+00
0.000000000000000000e+00
0.000000000000000000e+00
0.000000000000000000e+00
0.000000000000000000e+00
0.000000000000000000e+00
0.000000000000000000e+00
0.000000000000000000e+00
0.000000000000000000e+00
0.000000000000000000e+00
0.000000000000000000e+00
0.000000000000000000e+00
0.000000000000000000e+00
0.000000000000000000e+00
0.000000000000000000e+00
0.000000000000000000e+00
0.000000000000000000e+00
0.000000000000000000e+00
0.000000000000000000e+00
0.000000000000000000e+00
1.532461981650132588e+00
7.183297838182118331e-05
4.980719478581657533e+00
6.843590932604550403e+01
1.265962989960081886e-01
2.399078583430720890e+00
1.986519948860432905e+01
3.395884666610158448e-02
1.321393645630677049e+01
4.249100958416519802e+00
2.318897107287630129e-10
3.615877983946905960e+00
4.408479650560078981e-10
6.003622494947838554e-11
0.000000000000000000e+00
0.000000000000000000e+00
9.828437410413239999e-13
4.200439866019861981e-03
4.128373840174466467e-17
1.614315297473282129e+01
1.774404986796102548e+03
2.036796366588482954e+00
0.000000000000000000e+00
2.187056847500653234e+01
1.153853369882571700e+00
1.842167670282416791e+00
3.065818045991726415e-02
8.927693134566457023e-02
4.933134899955587116e+02
1.204893394633280650e+02
2.943173714911730485e+02
1.105888794349779450e-11
7.651159369110344777e+00
1.377214697296755332e+02
1.186653329016723291e+02
2.251221454369393982e+01
5.712911787966161370e+01
5.343631824114859810e-14
6.978451404106751426e-12
8.177073630648168606e-10
1.448961386739605285e-09
1.029170043123026268e+01
1.515516618857595531e-09
6.467211960583671981e-01
2.792336381376329668e-01
1.396561642582185570e-01
3.470774837788484888e+02
1.312361840623769454e-13
9.996224797919108823e+03
3.594941728278899351e+00
4.237645801048409711e-01
8.022749912637680003e-01
2.499119187025518940e+01
9.599509212630856492e-02
9.600281575956776114e-01
1.099765668857885714e+01
3.953227272532657821e-01
9.620449591899876696e-02
7.151179454287966142e-02
4.534350924340870392e+00
2.999591068272435379e+00
9.954223602260552084e-03
1.847024270144227955e+02
1.610895330152493443e+01
2.839485879205459057e-02
5.808837027182244261e-01
8.843324554820846117e-01
1.648072767747950917e-01
2.147001943023716564e+01
2.109724990336199587e-13
6.478004225335755679e-11
3.424283272243603164e+02
0.000000000000000000e+00
3.681269118860524259e+01
3.120502282724521947e+01
2.086852877931524404e+02
2.211054919436422905e-01
9.234998258502223889e-01
6.680863530009874296e+01
0.000000000000000000e+00
1.290089235101288601e-11
2.489463732728451717e+01
4.529242042132687673e-10
3.167642234704907134e-01
1.723885877154157718e-10
5.886712236189284167e-04
2.401684021689272364e-02
2.189002558104541918e-01
6.659335659289894034e-17
5.480048865328657204e-02
0.000000000000000000e+00
7.340240077443286326e-01
1.792817648575004419e-01
5.417291324191859658e+00
4.592081096857864253e+00
2.251237811047829140e+01
2.774311469636546974e-15
6.689173422371177005e-15
4.245599012482013910e-11
1.023489010652860889e-10
6.567446035204199424e-14
1.384917057989680598e-03
1.057191150301044040e-03
9.619132187442681458e-04
1.611985989029914579e-01
2.788312013953605454e-03
6.060909495189004126e-02
0.000000000000000000e+00
1.728843498293516686e-13
1.358706954246198217e-12
9.648445910241168749e-04
2.319048865436747496e-13
3.136415692178888381e-13
0.000000000000000000e+00
8.727329633240903496e-13
4.851356593376280474e-02
2.353408965063246685e-04
1.055424745149712452e-03
2.577822591118041897e-04
1.118790460577201742e+02
3.531759049694684460e+00
3.392675745981844626e-01
8.368225487870883939e+00
2.043900137332035349e+00
6.629944097625298127e+00
0.000000000000000000e+00
0.000000000000000000e+00
0.000000000000000000e+00
0.000000000000000000e+00
5.953556850403215606e+01
6.660694646602399871e+01
0.000000000000000000e+00
0.000000000000000000e+00
0.000000000000000000e+00
0.000000000000000000e+00
0.000000000000000000e+00
3.907567331246955891e-03
1.509140963470643939e-03
0.000000000000000000e+00
2.131514098119585525e-03
4.819624119231900178e-03
5.376216566653199691e-03
5.376216566653199691e-03
5.376216566653199691e-03
5.376216566653199691e-03
1.860806895755852744e-02
3.794982358112791161e-06
1.041722905557058640e-02
5.376216566653199691e-03
5.376216566653199691e-03
5.376216566653199691e-03
5.376216566653199691e-03
5.376216566653199691e-03
5.376216566653199691e-03
5.376216566653199691e-03
5.376216566653199691e-03
5.376216566653199691e-03
5.376216566653199691e-03
5.376216566653199691e-03
5.376216566653199691e-03
5.376216566653199691e-03
5.717773419555999964e-04
9.420411206955300182e-03
4.703248135821100177e-03
1.498765032630679922e-02
2.770337121422000162e-04
2.087240296962000101e-04
2.942373839105814209e-03
2.846232299992884889e-03
3.366151337686729660e-03
3.081525674787599818e-03
0.000000000000000000e+00
6.976439589269457960e-03
3.047370337054343837e-03
2.131517573690885903e-03
1.714066038727185288e-03
6.312340516068278007e-04
2.480653418435384283e-02
6.929634310342600197e-03
7.589964716225612816e-06
6.437553583948027458e-03
1.249561538671739060e-02
1.074106109549704223e-02
3.536924451479481896e-02
5.013171695066999042e-03
3.744382593337000176e-04
5.047326536290000238e-04
8.054220537095840848e-03
6.793018421020998506e-04
3.162480333325427655e-04
1.152410635767214244e-03
1.520524421014371897e-03
2.023990590993499574e-05
4.346519297648343549e-03
4.171950287918819167e-01
1.620204021231118688e-02
1.264994119370919446e-06
0.000000000000000000e+00
4.774086316975329099e-03
2.529988238741870656e-06
1.264994119370919446e-06
3.288984710364429312e-05
9.715154836768000526e-04
6.324960666650855309e-04
1.095484907375200018e-03
3.535661542702843007e-03
3.710227255604743070e-03
1.505343002051000019e-04
1.178974519253700318e-03
2.392103879730399230e-03
2.656487650678970711e-05
3.162480333325427655e-04
3.162480333325427655e-04
3.048634338153328408e-03
4.312365945955813976e-03
2.560349090627114278e-03
2.523662771634742948e-03
5.059976477483741313e-06
3.162480333325427655e-04
1.061332548703086340e-03
2.350358080770785767e-03
1.665490810704598618e-02
2.560346608076128315e-03
5.668439641921515018e-03
2.013870141528244055e-03
2.471799005760957034e-03
8.638642358633111251e-03
3.162480333325427655e-04
7.589960744144042155e-03
5.907537432767713623e-04
1.668526746940042840e-03
3.554635461473029060e-03
9.487440999976282964e-04
5.617693569571407250e-19
1.404423392392851812e-18
1.470049268912804186e-02
1.206550944196818111e-02
1.396553507785499660e-03
2.864958383645185500e-02
7.333170413483040308e-03
6.056789360997011720e-03
9.487440999976282964e-04
5.681085114523499839e-03
3.521745117859171811e-03
1.493957558466842616e-03
8.427387347677796001e-03
1.003140336661100061e-03
1.264994119370919446e-06
3.263679862875102549e-04
1.849421551473366676e-02
1.908116831753006032e-02
8.522261410120442540e-03
8.792973130726983860e-03
1.061329569641942736e-03
1.927471440383458565e-02
2.264338977163742571e-03
9.474815884292142262e-04
1.011742098068796857e-02
3.087850645384400492e-03
4.168154630306786235e-03
3.185255689086157176e-03
2.421199240986157859e-03
2.909486474553157946e-05
4.159297685430457352e-03
0.000000000000000000e+00
5.059976477483741313e-06
1.486874882324900997e-02
0.000000000000000000e+00
6.324970596854693582e-06
5.059976477483741313e-06
4.933477065546644307e-05
6.388220302823000409e-04
4.949921492588242253e-03
0.000000000000000000e+00
1.119519299133042798e-03
6.527364690851426973e-04
0.000000000000000000e+00
