1.897392000000000053e+03
1.856760053444128289e+02
7.384136809404185264e+00
1.571310434330980286e+02
5.487355948548148454e+00
3.729168525684579218e-73
1.255888418994030593e-102
7.378592963206654254e+00
7.369500043899016362e+00
7.368946761622328978e+00
7.325710928902956276e+00
7.323993595029463677e+00
7.320127604943902355e+00
7.319598351270516723e+00
7.309976617271755295e+00
7.298754938193893871e+00
7.285182966280015826e+00
7.371483538995818208e+00
7.353643256636041237e+00
7.331748886580929714e+00
7.319376856331245129e+00
7.303799380598972490e+00
7.276192743230590843e+00
7.266576729242972377e+00
7.260781975744856176e+00
7.251725077423799348e+00
7.248353622247321937e+00
7.235874589925559430e-01
6.774723822042247434e+01
1.658936169202194932e+01
3.326158410109123051e-04
1.166030618176040462e-05
0.000000000000000000e+00
0.000000000000000000e+00
7.077954701428531337e+01
1.523842428166228444e+02
0.000000000000000000e+00
7.719295107440019343e+00
1.617161276572040896e+00
7.969526563832123429e+03
3.771094498065080458e+00
3.760549127684342102e-02
1.128509166309347847e+03
8.027140268351274921e-01
1.563725630803568967e+00
2.079776265183451045e+01
4.234463473138834644e+00
2.542759594771268894e-01
8.883119892719192334e-01
2.741812303478820656e+00
1.140867050641530867e+01
1.122641142599373865e+00
1.412758223420940737e+02
4.925764692682884771e+01
1.602912350158798205e+01
5.529829951442673774e+01
4.021868967144437867e+00
1.404303151599945387e+01
5.206206776949572124e+00
1.279118717480725032e+00
2.048360561153607406e+01
5.938848517651653669e-01
1.088121100955385572e+02
1.157647575181389854e+01
4.204126024683298546e+00
4.148951256489582562e+01
3.443652804432865366e+00
3.900565360553549521e+00
6.841858853553012265e-01
7.116751379444207259e+01
7.300479222203702934e-01
9.402888939234426147e+00
2.651895344653076947e+01
1.674039493753787156e+01
8.412682732393547691e-02
1.497720318032879916e-01
8.989445771296399471e+03
2.122201085348518479e+00
2.893956954466111231e+00
3.562762692017604760e-01
3.176313044025571436e-02
3.625249075470908522e-02
2.369033368768023919e-03
0.000000000000000000e+00
4.926220424961178956e+00
0.000000000000000000e+00
0.000000000000000000e+00
1.281897162088166064e+00
0.000000000000000000e+00
1.647605674508048423e+01
0.000000000000000000e+00
6.212173377184739258e-04
2.861664081930038149e-03
5.605811015482720276e-06
8.721163787013138347e+01
8.554232625470123766e-03
6.616924004549439649e-05
4.829728025958925031e+00
1.008879313449319747e-09
2.489527225804164380e-05
3.888724115190351234e-09
2.062776924418009727e+01
8.544072198855288188e-05
3.288488556169674553e+02
6.808084144698959052e-07
3.924366450587532529e-01
6.170761407968463175e+01
1.099512416179498957e-04
3.048861700210601320e-06
3.479267818297468295e+01
3.252934698190878128e-04
1.156282873082830207e+02
1.113625840122840448e-07
1.395732208262888277e-04
1.884526428783046912e-03
4.968790338388084926e+00
2.864965428488927546e-02
1.122929063333284033e-04
1.702759785234451984e-03
3.987002955285398784e-07
6.014891200756739290e-06
2.259972155536033824e+03
2.846322268052856187e-06
2.403138521244961557e-04
1.746271359477436272e+04
2.412645326488736461e-02
2.403980395847524487e-01
1.791294975878492551e+03
2.474850597617016430e-03
1.498591544097203389e-02
1.679750497207030402e-02
5.889177008218498405e-02
1.562458861871863110e-06
3.661264302882378807e-01
1.806387557689568374e-10
2.222790165486645215e-12
2.815252005065638005e-12
3.671725055340270484e-04
2.816742939955907449e-10
1.608264423836423540e-01
6.100394595958625210e+00
1.530865245386770510e-11
1.483553990681399396e-12
1.369577340058582710e-12
1.627676291449186647e-09
1.564748260907080938e-10
1.463061559155701022e-10
6.092825773348315383e-12
2.224002197147350811e-18
6.509607015093640218e-10
1.143603283568898429e-12
2.287733563570183133e-10
1.330397168222090259e-14
2.874084165809431704e-09
2.873369765188531435e-12
6.785186406973835864e-16
4.870846859852739284e-18
6.085846801502573293e-19
1.527888251780796334e-16
1.776011493477825798e-17
1.309037062898680900e-17
0.000000000000000000e+00
2.277092815828137518e+01
4.273357360358492230e+01
2.147587602033645114e-04
4.030951412546164721e-04
4.984678376834111179e-05
2.293699110348308047e-13
4.304650450930535878e-13
0.000000000000000000e+00
1.484798677017132640e+01
2.160543449850143259e-04
1.947051563113870731e+00
4.580727063963661340e-03
3.456774640501307071e-03
5.185085150725802228e-01
4.890191194275250371e-06
1.135042003059246081e-06
5.222835349798708267e-15
4.612138757446929442e-11
1.070504404764353339e-11
4.925869026276747364e-20
1.143323036721285125e-20
5.260940085150700642e-29
2.204610013030129101e-01
3.791031668507625820e-03
1.373156261845775550e+00
6.175318300117101783e-02
3.717142010054855241e-16
6.950519429252774787e-24
3.211734440380839957e-32
1.953516152903070395e-17
3.300285575659196274e-20
6.612415273426982788e-18
3.104700843806811327e-19
0.000000000000000000e+00
6.957571964085507880e-15
6.993720439787232901e-20
7.256915165092417773e-29
1.327497350522841985e-27
1.346956747892665711e-22
3.459576861690574456e-28
0.000000000000000000e+00
1.527185882187448715e-36
6.135722825265160077e-36
0.000000000000000000e+00
6.229182584611425669e-31
1.414075053722293032e-36
6.515517774640115656e-45
2.480388486916835499e-16
6.948185423758035639e-39
9.441149565349674151e-17
5.496214969575345567e-18
0.000000000000000000e+00
1.918778381486272228e-31
1.478511420715943770e-38
2.884244338127717559e-47
7.220880732190018893e-47
5.414535411689756756e-55
1.381768419606366962e-63
8.446992891436150955e-34
5.444275466885312701e-42
3.957424943737429791e-34
5.732255523970392063e-36
0.000000000000000000e+00
4.273979230289592479e+00
4.030946734969121709e-05
4.305147298258948963e-14
3.084562384089972483e-19
0.000000000000000000e+00
6.836106357284135343e-15
1.885254242343119175e-31
6.947864764712096410e-20
1.468611049462271750e-38
7.209377404361724752e-29
2.865159187691484927e-47
1.326126520383824825e-27
0.000000000000000000e+00
1.337927464195955946e-22
1.525408786612647399e-36
5.407598535043297058e-55
6.129557208554873723e-36
0.000000000000000000e+00
6.188545573001454784e-31
1.412486306685766608e-36
6.508443960237006067e-45
1.380237028897205897e-63
2.478171268755502072e-16
8.438760203317242075e-34
5.437511340006635556e-42
6.939245251731197111e-39
3.953110367251832400e-34
9.430751941992183318e-17
5.490214558424411559e-18
0.000000000000000000e+00
5.725201384870121833e-36
0.000000000000000000e+00
6.415574640418701852e-18
0.000000000000000000e+00
6.617601035109671517e-36
0.000000000000000000e+00
2.164516617924962035e-23
0.000000000000000000e+00
4.860209564249255920e-19
1.321409604433787599e-35
4.873212067785815167e-24
1.018056707125155755e-42
5.006724900050834579e-33
1.963051566914903879e-51
9.395515189798192341e-32
0.000000000000000000e+00
9.396946443673191318e-27
1.068271161226983467e-40
3.741165999331092667e-59
4.291184990999081947e-40
0.000000000000000000e+00
4.294255041091064268e-35
9.885102890231834814e-41
4.504923041181300721e-49
9.437088530388976432e-68
1.747143413308657107e-20
5.881326832080009201e-38
3.819017646298821193e-46
4.848431179209773462e-43
2.791146312528044490e-38
6.683542630885023831e-21
3.893090536339637369e-22
0.000000000000000000e+00
4.010529864410554418e-40
0.000000000000000000e+00
2.162459965827876528e-18
0.000000000000000000e+00
1.348091859704803864e-13
3.601247391226868994e-30
4.864882658256521886e-19
1.001228145620312673e-37
4.934804442009877206e-28
1.903739485168880280e-46
7.238791715855616028e-28
0.000000000000000000e+00
9.392548512710956773e-22
8.190252309405659385e-37
2.853863454551312251e-55
3.290313356744312334e-36
0.000000000000000000e+00
4.228375998527466656e-30
7.577097638484116578e-37
3.438157505948283243e-45
7.167447556433059915e-64
1.355832291301051445e-16
4.541752053320885874e-34
2.931316599958055683e-42
3.712579917881320825e-39
2.166667233444470469e-34
5.195742047415253237e-17
1.360123432858488926e-17
0.000000000000000000e+00
1.153515153569282206e-35
0.000000000000000000e+00
2.164369081361920778e-18
0.000000000000000000e+00
1.349258787519573702e-13
3.604416722189823937e-30
4.869180339069938791e-19
1.002125020609556247e-37
4.939215582717055979e-28
1.905468068741704192e-46
7.249117803563723330e-28
0.000000000000000000e+00
9.400834821056799237e-22
8.202034213193640302e-37
2.858005285545430927e-55
3.295047137692614181e-36
0.000000000000000000e+00
4.232159272158723760e-30
7.588002555166304086e-37
3.443144817112705669e-45
7.177936994412859524e-64
1.357763920099447092e-16
4.548276865031543008e-34
2.935524743733042117e-42
3.717930367610428751e-39
2.169751188718244658e-34
5.203118156079701069e-17
1.360224879003525217e-17
0.000000000000000000e+00
1.153616560780991432e-35
0.000000000000000000e+00
1.667970214282221120e-17
0.000000000000000000e+00
1.412737912356440151e-35
0.000000000000000000e+00
1.032278081577049131e-22
0.000000000000000000e+00
2.542485072767389668e-18
7.006986384916633826e-35
2.066958184674862950e-23
4.366495389146600191e-42
2.947480302579723601e-32
1.170882656439773352e-50
3.452153572019635520e-31
0.000000000000000000e+00
3.980340801234255574e-26
5.103469941543963475e-40
1.808496983578841908e-58
2.278561085622334563e-39
0.000000000000000000e+00
2.529813581202147537e-34
4.725305663227191496e-40
2.902112912604285056e-48
6.152121983121260718e-67
1.842999821952571941e-20
6.273944803034351341e-38
2.021211769711122062e-46
2.579207974032585899e-43
1.176027508103312747e-37
2.805960326746024937e-20
1.193035498277705361e-21
0.000000000000000000e+00
1.230312590229575015e-39
0.000000000000000000e+00
7.247666149056218191e-22
0.000000000000000000e+00
5.020194838863118388e-17
1.341078512355166597e-33
1.449346394964761113e-22
2.982860973350593535e-41
2.021484191600108582e-31
7.798486308061729788e-50
1.888034496084998936e-31
0.000000000000000000e+00
2.798229036352787014e-25
2.746524567730740331e-40
9.570216737956220619e-59
1.225979469187684414e-39
0.000000000000000000e+00
1.732113106699238489e-33
2.540922010460127630e-40
1.537280365642206944e-48
3.204733914017675592e-67
1.010373049507294914e-20
3.384537507245972593e-38
1.092164874767609922e-46
1.383252136223161438e-43
6.458141359434854963e-38
1.548684216779603695e-20
3.103011271875553373e-21
0.000000000000000000e+00
2.628165139235019952e-39
0.000000000000000000e+00
4.770534275163258749e-20
0.000000000000000000e+00
1.056578432831536732e-15
2.914636859061610588e-32
8.058626388692835373e-21
1.702258620365341309e-39
8.359450870159077516e-30
3.321384882464163305e-48
1.538163274193927229e-28
0.000000000000000000e+00
1.551951005224514414e-23
1.179189191755231194e-37
4.179240729959494279e-56
7.108334910200819560e-37
0.000000000000000000e+00
7.176730334957397101e-32
1.092008373481253379e-37
5.030651083033512423e-46
1.066570466324404438e-64
3.832879214037844810e-17
1.304885190370406848e-34
1.050958898000575963e-42
1.340954289277519445e-39
3.056639060014290863e-35
2.187844630359051987e-17
3.721201675306257794e-19
0.000000000000000000e+00
3.837220359695747215e-37
0.000000000000000000e+00
7.640855592045746496e-20
0.000000000000000000e+00
8.470800011596980574e-16
2.331114389937431624e-32
4.304788196771946723e-20
9.081856317013839924e-39
1.782046450218594503e-29
7.067288284312039314e-48
9.852447238012553857e-28
0.000000000000000000e+00
8.259847477470204129e-23
1.131076144703021776e-36
4.002404233226506663e-55
2.272712384732668591e-36
0.000000000000000000e+00
1.531354651893919731e-31
1.047999833228502752e-36
2.406956821716259391e-45
5.105218930383361167e-64
9.220353243253925745e-17
3.134013560561503338e-34
2.000176163660320594e-42
2.550675252368432810e-39
3.426919566469700311e-34
9.348923065519453327e-17
4.145819415181601936e-18
0.000000000000000000e+00
4.268089175805149721e-36
0.000000000000000000e+00
5.794877616844636331e-20
0.000000000000000000e+00
6.421553386907487729e-16
1.770534592322586182e-32
3.263646975992516081e-20
6.897341464334162352e-39
1.354193881995095668e-29
5.381528687996892293e-48
7.475226369643533017e-28
0.000000000000000000e+00
6.284818288435170638e-23
8.595834994030635502e-37
3.047141294763130221e-55
1.727282889284676907e-36
0.000000000000000000e+00
1.162577696635958792e-31
7.960406708968029625e-37
1.833745027925366841e-45
3.888094069059274976e-64
6.984557707274913588e-17
2.378008232958505582e-34
1.531161393005243580e-42
1.953905664294154067e-39
2.597837388804709667e-34
7.083290905336289831e-17
3.164158204410772303e-18
0.000000000000000000e+00
3.263211902060899296e-36
0.000000000000000000e+00
1.109875225309130522e-21
0.000000000000000000e+00
7.687719600654387076e-17
2.053643016424344267e-33
2.219476626148845474e-22
4.567789438698806702e-41
3.095576775985437265e-31
1.194202907570043878e-49
2.891270280939646232e-31
0.000000000000000000e+00
4.285111732691676668e-25
4.205856335828956709e-40
1.465513661348059915e-58
1.877399573636845381e-39
0.000000000000000000e+00
2.652465594048470364e-33
3.891030554593904394e-40
2.354081487636324913e-48
4.907438193417055312e-67
1.547252880428810601e-20
5.182910870599495528e-38
1.672406782457818910e-46
2.118130250250472845e-43
9.889321938895464529e-38
2.371501695883443891e-20
4.751828135078739950e-21
0.000000000000000000e+00
4.024639859385508024e-39
0.000000000000000000e+00
7.983204392404436348e-21
0.000000000000000000e+00
1.966251665431451594e-16
5.418904343616961504e-33
1.598498674615964974e-21
3.376860900570209013e-40
2.279455510770718667e-30
9.055100311998265142e-49
2.669750798498481120e-29
0.000000000000000000e+00
3.078228538049618445e-24
3.946807080030256873e-38
1.398613923561833555e-56
1.762142402517435768e-37
0.000000000000000000e+00
1.956449474584846845e-32
3.654350379835346680e-38
2.244369400378484365e-46
4.757783717249772686e-65
1.425298534010327567e-18
4.852002545968617309e-36
1.563119298308790866e-44
1.994649568818288681e-41
9.094903196641391803e-36
2.170012427955251437e-18
9.226437694233244466e-20
0.000000000000000000e+00
9.514719421582254042e-38
0.000000000000000000e+00
4.335165476238070810e-19
0.000000000000000000e+00
9.601210777860170153e-15
2.648595290127190469e-31
7.323155404237182564e-20
1.546850906123753309e-38
7.596420264309405416e-29
3.018181170828969738e-47
1.397783858694653632e-27
0.000000000000000000e+00
1.410317850032619693e-22
1.071556750311426502e-36
3.797730316222779355e-55
6.459545671593876396e-36
0.000000000000000000e+00
6.521697852999148840e-31
9.923383660113446498e-37
4.571446759839664823e-45
9.692011013554756493e-64
3.483089009756819371e-16
1.185788243041527267e-33
9.550401797703301895e-42
1.218556899312259504e-38
2.777682403305727044e-34
1.988185806622201373e-16
3.381611864567101480e-18
0.000000000000000000e+00
3.486993404040787693e-36
0.000000000000000000e+00
7.562210886747419611e-19
0.000000000000000000e+00
8.383638218846044223e-15
2.307097092021818023e-31
4.260491513965209696e-19
8.988293113741308727e-38
1.763679885530249474e-28
6.994349403934990567e-47
9.751012779110342220e-27
0.000000000000000000e+00
8.174645027835474051e-22
1.119418161303459924e-35
3.961102223344352392e-54
2.249287067424465694e-35
0.000000000000000000e+00
1.515582057833164547e-30
1.037201855161494758e-35
2.382107129913622867e-44
5.052524222347277967e-63
9.125526762706446073e-16
3.101745701313626579e-33
1.979458559416116625e-41
2.524243450229540845e-38
3.391658106118933095e-33
9.252761976857331722e-16
4.103181858606684344e-17
0.000000000000000000e+00
4.224183611100411312e-35
0.000000000000000000e+00
0.000000000000000000e+00
0.000000000000000000e+00
0.000000000000000000e+00
0.000000000000000000e+00
0.000000000000000000e+00
0.000000000000000000e+00
0.000000000000000000e+00
0.000000000000000000e+00
0.000000000000000000e+00
0.000000000000000000e+00
0.000000000000000000e+00
0.000000000000000000e+00
0.000000000000000000e+00
0.000000000000000000e+00
0.000000000000000000e+00
0.000000000000000000e+00
0.000000000000000000e+00
0.000000000000000000e+00
0.000000000000000000e+00
0.000000000000000000e+00
0.000000000000000000e+00
0.000000000000000000e+00
0.000000000000000000e+00
0.000000000000000000e+00
0.000000000000000000e+00
0.000000000000000000e+00
0.000000000000000000e+00
0.000000000000000000e+00
0.000000000000000000e+00
1.537640712395159870e+00
7.183297054124243824e-05
7.485128085416379307e+00
7.342560316262698450e+01
9.674113594368291547e-02
1.813403703587160631e+00
1.972547782248679482e+01
2.919391687592298029e-02
1.568095809552866271e+01
4.350153799853683445e+00
7.440450413954538080e-11
3.289113954773166704e+00
3.336989751420361958e-10
1.916461216692448358e-11
0.000000000000000000e+00
0.000000000000000000e+00
9.387655982899181157e-13
4.200440083474287975e-03
3.943227031914946732e-17
1.528008194126355157e+01
1.546717486410941547e+03
1.827677078112638132e+00
0.000000000000000000e+00
2.713355423646504150e+01
1.447320769838992716e+00
2.179822086623930844e+00
2.460640402422461723e-02
7.960284740743626963e-02
3.910910797915532271e+02
1.188497085859131914e+02
3.610161966531447320e+02
1.770224383216716750e-11
7.569810147054278460e+00
1.362571861323448275e+02
1.263997964815166313e+02
2.372461609977601782e+01
6.020651420314045765e+01
1.233288655657374286e-13
1.874575138741203952e-11
1.120711222008310368e-09
1.992362514879766888e-09
3.055268938775703447e+01
6.031689007724241485e-09
6.467211880251183542e-01
2.015801665964175315e-01
1.009097597916025213e-01
2.132294358440278472e+02
1.253199341295461718e-13
9.996258856625345288e+03
3.562324373914735443e+00
4.378158034966935230e-01
7.869415428479671348e-01
2.477717885704725376e+01
9.559118040065199551e-02
9.559611642343727178e-01
1.156129749878005342e+01
4.118228675322976873e-01
1.236695947147671559e-01
5.278012316058826314e-02
4.703594130736632017e+00
2.322773055535447106e+00
9.905797426371003647e-03
1.732268294206953101e+02
1.504687363144881651e+01
4.115027028890926725e-02
4.984554363122181697e-01
7.524330919251351890e-01
2.050413037603246724e-01
2.223122304273782390e+01
2.086615651659426153e-13
6.437111223840235956e-11
3.432148648943134503e+02
0.000000000000000000e+00
2.653098498599297628e+01
2.516929827616743864e+01
2.064667422628045870e+02
1.720001865704416932e-01
7.197503906832856124e-01
6.667224125156779735e+01
0.000000000000000000e+00
9.675384017870106429e-12
2.639131407857610156e+01
1.531495298248393702e-10
3.592847940656686556e-01
6.230581221394609257e-11
4.752706902224127753e-04
1.815780833629786900e-02
2.716549171831734166e-01
5.544513194545390216e-17
4.654506894825635732e-02
0.000000000000000000e+00
5.188650249205656317e-01
1.576791757480445200e-01
4.789053745292152442e+00
4.543253055746357738e+00
2.372478163469718737e+01
6.748491073417123710e-15
1.527485264434117218e-14
6.131995214616477818e-11
1.387770776182703042e-10
6.510441421440920906e-14
1.417856062499819230e-03
1.080267949265840619e-03
9.575209215821092442e-04
1.505431079654374060e-01
2.382514884753863995e-03
5.145589562579183651e-02
0.000000000000000000e+00
6.259568738952095454e-14
4.597976588727212116e-13
7.473901289602103608e-04
7.578703629879332528e-14
4.049461262628756252e-13
0.000000000000000000e+00
2.320267283639472772e-12
3.656319074315467210e-02
1.336747998047564082e-04
4.752632038471092430e-04
1.444289508492926336e-04
1.090569761724474489e+02
3.907468386428692320e+00
4.750212002478582662e-01
9.288779908140362807e+00
2.822786831509554784e+00
5.161764636131328743e+00
0.000000000000000000e+00
0.000000000000000000e+00
0.000000000000000000e+00
0.000000000000000000e+00
6.033932797669528725e+01
6.580318699336048383e+01
0.000000000000000000e+00
0.000000000000000000e+00
0.000000000000000000e+00
0.000000000000000000e+00
0.000000000000000000e+00
2.958823231249328028e-03
2.774133096800814567e-03
9.487440999976282964e-04
1.815266064787042759e-03
7.083996859088433594e-04
5.376216566653199691e-03
5.376216566653199691e-03
5.376216566653199691e-03
5.376216566653199691e-03
3.062549422419515513e-02
3.794982358112791161e-06
9.468484955572958536e-03
5.376216566653199691e-03
5.376216566653199691e-03
5.376216566653199691e-03
5.376216566653199691e-03
5.376216566653199691e-03
5.376216566653199691e-03
5.376216566653199691e-03
5.376216566653199691e-03
5.376216566653199691e-03
5.376216566653199691e-03
5.376216566653199691e-03
5.376216566653199691e-03
5.376216566653199691e-03
5.717773419555999964e-04
9.420411206955300182e-03
4.703248135821100177e-03
1.498765032630679922e-02
2.770337121422000162e-04
2.087240296962000101e-04
7.286376057780148512e-04
2.139104062835784931e-03
6.528631671012156447e-03
2.132781574789971522e-03
1.846891414280999236e-04
4.130207289276573504e-03
2.414874270389257005e-03
5.610245940348856757e-03
1.397818005394642522e-03
4.742458484929884185e-03
2.923400665100944068e-02
1.869665777021916383e-03
7.589964716225612816e-06
4.856313417285313197e-03
1.470935162004519126e-02
1.105730912882958543e-02
4.359169338144093520e-02
4.380675628401913511e-03
5.819022600115726564e-05
5.047326536290000238e-04
6.472980370433127455e-03
6.324960666650855309e-04
4.085931005567999840e-04
1.784906702432299775e-03
4.050508687674714454e-03
2.023990590993499574e-05
3.081527164318172921e-03
3.839889852919649571e-01
1.556954414564609701e-02
1.264994119370919446e-06
0.000000000000000000e+00
4.457838283642785900e-03
2.529988238741870656e-06
1.264994119370919446e-06
3.162480333325427655e-04
6.552674503442572872e-04
0.000000000000000000e+00
1.411732940707742783e-03
4.168157609367928972e-03
1.812739055609486477e-03
1.505343002051000019e-04
1.178974519253700318e-03
4.289592079725656690e-03
2.656487650678969017e-05
0.000000000000000000e+00
1.437031830074728426e-03
3.364882371485871174e-03
3.363621845958186113e-03
6.039077457285085999e-03
2.207414738302200183e-03
5.059976477483740466e-06
6.957467656540153029e-05
3.907564848695970795e-03
7.691179141080719400e-04
1.317617974038801446e-02
9.791064414134144876e-04
9.147168008579486739e-03
2.213736233327799358e-03
3.736791139091128096e-03
9.587386458630740849e-03
6.324960666650855309e-04
6.324968610813871094e-03
1.223249809941856893e-03
1.668526746940042840e-03
3.238387428140486295e-03
1.264992133330169761e-03
2.213736233327799358e-03
1.953150423798443672e-03
1.881171712245109998e-02
1.016802124197292538e-02
1.712801541118042425e-03
2.928207990311694139e-02
6.068178280152869246e-03
4.791797227666842393e-03
6.324960666650855309e-04
4.732341014525871109e-03
3.837993151191714577e-03
8.614614918017570854e-04
5.581155047684914147e-03
1.319388369993642826e-03
1.264994119370919446e-06
1.011995295496748601e-05
2.039170371472892249e-02
1.939741635086260005e-02
5.043533043462471686e-03
9.109221164059523590e-03
4.288335029768574214e-04
1.611223407050915366e-02
1.948090943831200022e-03
9.474815884292142262e-04
9.168676880690340703e-03
2.771602612051857727e-03
3.851906596974242602e-03
6.663984055744127596e-03
2.421199240986157426e-03
0.000000000000000000e+00
6.805693187724860642e-04
0.000000000000000000e+00
5.059976477483741313e-06
1.834747718990698342e-02
6.324960666650855309e-04
6.324970596854693582e-06
5.059976477483741313e-06
4.933477065546644307e-05
6.325963617214519273e-06
5.582417559253327784e-03
8.095957398871426319e-04
1.119519299133042798e-03
2.024040242005716297e-05
0.000000000000000000e+00
