1.897392000000000053e+03
3.153009314941980961e+02
8.261683495250757403e+00
2.119109163442977319e+02
6.952443128034698772e-01
1.927859436554107637e-69
5.713039610833116553e-102
8.283549640919165569e+00
8.320345525589084801e+00
8.322587955128563308e+00
8.492075982364124087e+00
8.498794974465042174e+00
8.513835927812351656e+00
8.515893374899613733e+00
8.552545553830595892e+00
8.593665130822838449e+00
8.639174322617833468e+00
8.312393644406199655e+00
8.385145084152703987e+00
8.473922697726059994e+00
8.523509103963204936e+00
8.583359059341404418e+00
8.666816330107028676e+00
8.691903437309946412e+00
8.705316151351743414e+00
8.721425929685004519e+00
8.726674466981455325e+00
4.547236641564109116e-01
6.519138327006827183e+01
1.292569107401571138e+01
5.109448667022379112e-04
1.259454307692187620e-05
0.000000000000000000e+00
0.000000000000000000e+00
5.593412430361388488e+01
1.525118343685014111e+02
0.000000000000000000e+00
9.262528202882055695e+00
1.515478166010697514e+00
7.969345705827329766e+03
3.321267773151074021e+00
3.429964005347314188e-02
1.128980967285257293e+03
6.361824898128074501e-01
1.503768076723059677e+00
1.891232638710798497e+01
3.871547986973841837e+00
2.549169828405126181e-01
8.897863769039759951e-01
2.747482855947149361e+00
1.140866245450814809e+01
1.121974723782983352e+00
1.412900284737565926e+02
4.925610769569222214e+01
1.602144741738170808e+01
5.529829592853480591e+01
4.022975240259282437e+00
1.404522439692298796e+01
5.206303020947394167e+00
1.275685819378134189e+00
2.042752850301370415e+01
5.939005034820258322e-01
1.088123009652592685e+02
1.157792362380283535e+01
4.204845497162954082e+00
4.148744591376265589e+01
3.443647918467259483e+00
3.900591718658404705e+00
6.841901236139298348e-01
7.116751143443242711e+01
7.300527439684261211e-01
9.402895191027186073e+00
2.651895117052747963e+01
1.674039625323800706e+01
8.391024767703245124e-02
1.497720318032879916e-01
8.992990514082235677e+03
1.876005574131081266e+00
2.899276148396471964e+00
3.317940985587297109e-01
3.187712908539180184e-02
3.630930513482215349e-02
2.373283062578704708e-03
0.000000000000000000e+00
5.334115120394220533e+00
0.000000000000000000e+00
0.000000000000000000e+00
6.495279087765575277e-01
0.000000000000000000e+00
1.615970972092518210e+01
0.000000000000000000e+00
6.109276433534698231e-04
2.861758317623836357e-03
5.514780326346573812e-06
8.539093700079311589e+01
8.237293284370747135e-03
7.964552009834701318e-05
4.859000027588165516e+00
1.221677992455508814e-09
1.955664158244269451e-05
2.996089417422319553e-09
1.649434516690637409e+01
8.223437890066998023e-05
3.204176323666100643e+02
7.984329890030449510e-07
3.655762602767418379e-01
6.496760250256849645e+01
1.136008612611368274e-04
3.156775566923326989e-06
3.395707444286733079e+01
3.284945964080055315e-04
1.199757322895054727e+02
1.196394351383444816e-07
1.517661764633474169e-04
2.051052710682862209e-03
4.849481879306024368e+00
3.043044556759333039e-02
1.330156965592756450e-04
1.971014716382262638e-03
5.594371577808650585e-07
8.268998769146701901e-06
2.259960508125073829e+03
3.993807985491580067e-06
3.412092560023563905e-04
1.766362538765486534e+04
3.465007375596013128e-02
3.453482884670220354e-01
1.782466804787946785e+03
3.496598165180113578e-03
2.214863169737551346e-02
2.413393645339704727e-02
1.101237479302203809e-01
4.197650119817062022e-06
4.167185487903315444e-01
1.465375253415863325e-10
2.143746743764253484e-12
2.578885562376538440e-12
6.560122569673427833e-04
2.162106065385153583e-10
2.305766160202263604e-01
6.089201955253239262e+00
2.179333783616088312e-11
2.631682006015189857e-12
1.093776856791413554e-12
2.248588332614072087e-09
2.718290379254713438e-10
1.174101705960824725e-10
6.206964687491077838e-12
2.350850390835271125e-18
6.465113127367214914e-10
1.078562943036703824e-12
2.158423389977184686e-10
1.804265517409849970e-14
3.778756562605762308e-09
3.786920054710983230e-12
5.794350909838379369e-16
4.906994245440322608e-18
6.131145307889669604e-19
2.377058004099696694e-16
3.052285599130616066e-17
8.168977467030097676e-17
0.000000000000000000e+00
2.745010274217914770e+01
4.769086746278230748e+01
2.254520702170753274e-04
3.917633836506546983e-04
4.952055987549451740e-05
2.426175183245943614e-13
4.215375544026367394e-13
0.000000000000000000e+00
1.399241657707542075e+01
2.160542518063118876e-04
1.357529547746542775e+00
2.115473931452986275e-02
2.514575093050642075e-03
7.534931256054817617e-01
6.188569482941712987e-06
1.359321250975222761e-06
6.659676186268103443e-15
5.082856248658459852e-11
1.116450988170476414e-11
5.469790200150922077e-20
1.201441153400772129e-20
5.886179615185576449e-29
1.957866221848707788e-01
1.842892917829910869e-03
1.225896208460241610e+00
1.073480383119710529e-02
2.896333904697431667e-16
5.674878691956719518e-24
2.729369686623346564e-32
1.954249067788455173e-17
5.134559760491290694e-20
8.602598511655753377e-18
2.483181455936478151e-19
0.000000000000000000e+00
6.389626413786178453e-15
5.378908421272621031e-20
5.951363375556454303e-29
1.144128456715982741e-27
1.320492180498420657e-22
2.807736812946110137e-28
0.000000000000000000e+00
1.325854265387515829e-36
5.490018676782555123e-36
0.000000000000000000e+00
6.329525693786594888e-31
1.202634285098702225e-36
5.880300335527093536e-45
2.337162132437541058e-16
1.743867579762636107e-38
7.570628669290282906e-17
2.945961331443973015e-17
0.000000000000000000e+00
1.418602344387200344e-31
1.151539271877621891e-38
2.371705469923362037e-47
5.662195729805785837e-47
4.573935956809370529e-55
1.194234364824273264e-63
8.159151175362105028e-34
1.317786718417649802e-41
5.549308552129774389e-34
1.892938362766672775e-34
0.000000000000000000e+00
4.769843961818989619e+00
3.917597102983725699e-05
4.215829842947765952e-14
2.465825570319428828e-19
0.000000000000000000e+00
6.268914070045494787e-15
1.391816507270109022e-31
5.341103961564738728e-20
1.143289753151304010e-38
5.909380692074164734e-29
2.354839719915760315e-47
1.142948008745710316e-27
0.000000000000000000e+00
1.311004420245127847e-22
1.324315569576307245e-36
4.568153831435750074e-55
5.484352107835059382e-36
0.000000000000000000e+00
6.284977955193582622e-31
1.201295922502557196e-36
5.873774734135735891e-45
1.192888993217749347e-63
2.334958069291976663e-16
8.150765606361094945e-34
1.316099394250660314e-41
1.741620000719704702e-38
5.542286283304716405e-34
7.560766775399199688e-17
2.942628426672127423e-17
0.000000000000000000e+00
1.890514295302915253e-34
0.000000000000000000e+00
3.510242158243041795e-17
0.000000000000000000e+00
2.229463349778757601e-34
0.000000000000000000e+00
1.737948924241253771e-23
0.000000000000000000e+00
4.472779318421439925e-19
9.825404861963662042e-36
3.764738038358608144e-24
7.967459294742040174e-43
4.121023750229109880e-33
1.622280640949730703e-51
8.130121998851090788e-32
0.000000000000000000e+00
9.235374385113401744e-27
9.310586255695973899e-41
3.175327092042296431e-59
3.852702425678179556e-40
0.000000000000000000e+00
4.372288482969654711e-35
8.444633980295043933e-41
4.079082317571362316e-49
8.193560081054870824e-68
1.647852243525434188e-20
5.683667863001089140e-38
9.251907782944297418e-46
1.225676704361623413e-42
3.869597803787861448e-38
5.305799974567018039e-21
2.077631568594309514e-21
0.000000000000000000e+00
1.317370391537659454e-38
0.000000000000000000e+00
1.856807915177548161e-18
0.000000000000000000e+00
1.323435578885039119e-13
2.865037761506113392e-30
4.023295540806389192e-19
8.391390569778455603e-38
4.343739898295929182e-28
1.684226796383115223e-46
6.638035500727167438e-28
0.000000000000000000e+00
9.863875577005579838e-22
7.565194068744121464e-37
2.568213649864616205e-55
3.129792486190037568e-36
0.000000000000000000e+00
4.597674849442986530e-30
6.861295651679296934e-37
3.298491278345073418e-45
6.597365348629391626e-64
1.353355415992136460e-16
4.644846154458620085e-34
7.516498131726907045e-42
9.965581794001680264e-39
3.162079754220938452e-34
4.344232420920261119e-17
6.998716939451862137e-17
0.000000000000000000e+00
3.636536200141540748e-34
0.000000000000000000e+00
1.858453982732190591e-18
0.000000000000000000e+00
1.324588673067321484e-13
2.867567162081970371e-30
4.026861603663533861e-19
8.398929805424370931e-38
4.347639439000913780e-28
1.685760812254287255e-46
6.647518395615368481e-28
0.000000000000000000e+00
9.872623762811558450e-22
7.576092941133116728e-37
2.571944073529862909e-55
3.134303784270775555e-36
0.000000000000000000e+00
4.601812810820981013e-30
6.871181309551573808e-37
3.303285227727863321e-45
6.607029881209971892e-64
1.355290559681871110e-16
4.651545465419495819e-34
7.527328302196609681e-42
9.979926820510503123e-39
3.166637587563139867e-34
4.350471670463912053e-17
6.999281150882598142e-17
0.000000000000000000e+00
3.636883777247684701e-34
0.000000000000000000e+00
8.755438495864810816e-17
0.000000000000000000e+00
4.542614727755277930e-34
0.000000000000000000e+00
9.191461669341141860e-23
0.000000000000000000e+00
2.596870976893161230e-18
5.762126494484006582e-35
1.769868132118951065e-23
3.786028553773061253e-42
2.690821037685332039e-32
1.071805585190522997e-50
3.313965032155159646e-31
0.000000000000000000e+00
4.343975200568416334e-26
4.934704113943122594e-40
1.701508063595861988e-58
2.270610047817427944e-39
0.000000000000000000e+00
2.861223772815463380e-34
4.476031286344708142e-40
2.916841262798142444e-48
5.921427914448878166e-67
1.933917188680810550e-20
6.748354619773138735e-38
5.448136361392080473e-46
7.210187294032759415e-43
1.835483034621205417e-37
2.504451669820435983e-20
7.268892422534312452e-21
0.000000000000000000e+00
4.615278474947139481e-38
0.000000000000000000e+00
6.932432792120076408e-22
0.000000000000000000e+00
5.490002099268264911e-17
1.188501517040740838e-33
1.335213085004877018e-22
2.784852836390375658e-41
1.982131079131918455e-31
7.685484468604104579e-50
1.928644980975404920e-31
0.000000000000000000e+00
3.273529166346878590e-25
2.826014973820532780e-40
9.593734205971314126e-59
1.299061978636689022e-39
0.000000000000000000e+00
2.098018072041419956e-33
2.563084876629046087e-40
1.642897943231082315e-48
3.285984151978254095e-67
1.123457131871303436e-20
3.855810069778536139e-38
3.119662326014872976e-46
4.136135244100209101e-43
1.049916657007254080e-37
1.442431509609839215e-20
1.814427972653774783e-20
0.000000000000000000e+00
9.413750903954258279e-38
0.000000000000000000e+00
4.388186114125043436e-20
0.000000000000000000e+00
1.114861056881219421e-15
2.476132425270821202e-32
7.128423995321143426e-21
1.524871580468083573e-39
7.884448344838885740e-30
3.141211933530737556e-48
1.525414100276393148e-28
0.000000000000000000e+00
1.749775358753135241e-23
1.177963758808402291e-37
4.062422732799328807e-56
7.318216113823332604e-37
0.000000000000000000e+00
8.386331801574127374e-32
1.068666083077032189e-37
5.224018336519516151e-46
1.060689952103057667e-64
4.155190139423254970e-17
1.450125248868769492e-34
2.926810273302172435e-42
3.872748968887412760e-39
4.929527641257238876e-35
2.017710101377204595e-17
2.342426923009775140e-18
0.000000000000000000e+00
1.487266858085266012e-35
0.000000000000000000e+00
5.705920351245218355e-20
0.000000000000000000e+00
7.254645218721418910e-16
1.608475665510304665e-32
3.091539937165523535e-20
6.605555523477256625e-39
1.364511536862873832e-29
5.427595541506281297e-48
7.931619198661471532e-28
0.000000000000000000e+00
7.558430609260787050e-23
9.172081642345360469e-37
3.158573083580491021e-55
1.899302434420340470e-36
0.000000000000000000e+00
1.452312180750094351e-31
8.326276641961216216e-37
2.028873857477155728e-45
4.121945855296415085e-64
8.110923125367963278e-17
2.825924234157155908e-34
4.520071392042121704e-42
5.981872343491133022e-39
4.477016909570454036e-34
6.985661171900844696e-17
2.116420797376307425e-17
0.000000000000000000e+00
1.341389261375927434e-34
0.000000000000000000e+00
5.692864068522755293e-20
0.000000000000000000e+00
7.236547615219256449e-16
1.606402789439377843e-32
3.083210747047338666e-20
6.598655917440401400e-39
1.364089583391627219e-29
5.435602164557256672e-48
7.917347267261774143e-28
0.000000000000000000e+00
7.567808331842057966e-23
9.170788887727993623e-37
3.163357086606419952e-55
1.899203884624261108e-36
0.000000000000000000e+00
1.450912375578309490e-31
8.319927486097279244e-37
2.033716526811531009e-45
4.129554998504296164e-64
8.086896123894538182e-17
2.822441861751946588e-34
4.554139677018779080e-42
6.026612266621958055e-39
4.474865788105396834e-34
6.977197881635010362e-17
2.127298320519616424e-17
0.000000000000000000e+00
1.350850424293030977e-34
0.000000000000000000e+00
1.220639728586983305e-21
0.000000000000000000e+00
9.666615893692047055e-17
2.092650590745683724e-33
2.351013507398158249e-22
4.903448224556404787e-41
3.490031716867265829e-31
1.353210243594184334e-49
3.395921133564882861e-31
0.000000000000000000e+00
5.763954291960376969e-25
4.975903134840367735e-40
1.689206255895759052e-58
2.287334376676235644e-39
0.000000000000000000e+00
3.694093612123296338e-33
4.512976160982732272e-40
2.892712176019110454e-48
5.785689783730262409e-67
1.978159216973062798e-20
6.789144137981798063e-38
5.492707427155094282e-46
7.282394638254523698e-43
1.848559643466716569e-37
2.539662893839217615e-20
3.194792318365732884e-20
0.000000000000000000e+00
1.657531917530451841e-37
0.000000000000000000e+00
8.173248248603358460e-21
0.000000000000000000e+00
2.309194938372942687e-16
5.123805534045748590e-33
1.573805560593120095e-21
3.366616446575859173e-40
2.392734936711724687e-30
9.530715753532282083e-49
2.946850424854116369e-29
0.000000000000000000e+00
3.862757677071716464e-24
4.388044333198032604e-38
1.513016426372784081e-56
2.019074889936522300e-37
0.000000000000000000e+00
2.544259828921826242e-32
3.980182279519645003e-38
2.593715714021115118e-46
5.265453477518674962e-65
1.719681055119536476e-18
6.000779925512272962e-36
4.844598267454044146e-44
6.411452015021721619e-41
1.632150465160334594e-35
2.227012206159316314e-18
6.463657328844783566e-19
0.000000000000000000e+00
4.104004242366577403e-36
0.000000000000000000e+00
3.987703041278605712e-19
0.000000000000000000e+00
1.013079408915602527e-14
2.250118668469243436e-31
6.477837205976030587e-20
1.385656902953282543e-38
7.164760275833023864e-29
2.854454977006833664e-47
1.386194598791513849e-27
0.000000000000000000e+00
1.590082451233482697e-22
1.070440298529059972e-36
3.691569605855086543e-55
6.650251371723739328e-36
0.000000000000000000e+00
7.620866020618010977e-31
9.711247024589983499e-37
4.747149045730715528e-45
9.638557992129729177e-64
3.775965497013288721e-16
1.317764546639993682e-33
2.659673127629818471e-41
3.519257032902044821e-38
4.479571741717661955e-34
1.833549153942665806e-16
2.128641828560304003e-17
0.000000000000000000e+00
1.351508759722401183e-34
0.000000000000000000e+00
5.647208665647284295e-19
0.000000000000000000e+00
7.180008121014346575e-15
1.591913821263181377e-31
3.059738390013734048e-19
6.537530641998329767e-38
1.350452431134114682e-28
5.371606076423433006e-47
7.849980080460365023e-27
0.000000000000000000e+00
7.480472649861122606e-22
9.077567336405638086e-36
3.125989389210247570e-54
1.879730043365273207e-35
0.000000000000000000e+00
1.437355059495424459e-30
8.240514096044718988e-36
2.007931754257888490e-44
4.079414507400815349e-63
8.027502961721104619e-16
2.796825788063170117e-33
4.473252011209116829e-41
5.919913856391864311e-38
4.430893706782694724e-33
6.913728972054218863e-16
2.094647950144152795e-16
0.000000000000000000e+00
1.327586033088248883e-33
0.000000000000000000e+00
0.000000000000000000e+00
0.000000000000000000e+00
0.000000000000000000e+00
0.000000000000000000e+00
0.000000000000000000e+00
0.000000000000000000e+00
0.000000000000000000e+00
0.000000000000000000e+00
0.000000000000000000e+00
0.000000000000000000e+00
0.000000000000000000e+00
0.000000000000000000e+00
0.000000000000000000e+00
0.000000000000000000e+00
0.000000000000000000e+00
0.000000000000000000e+00
0.000000000000000000e+00
0.000000000000000000e+00
0.000000000000000000e+00
0.000000000000000000e+00
0.000000000000000000e+00
0.000000000000000000e+00
0.000000000000000000e+00
0.000000000000000000e+00
0.000000000000000000e+00
0.000000000000000000e+00
0.000000000000000000e+00
0.000000000000000000e+00
0.000000000000000000e+00
1.569255301509131950e+00
7.183297545484427160e-05
8.120976745231061500e+00
8.033616353676373478e+01
1.077663154916523452e-01
1.870026021155982709e+00
2.269707760822689480e+01
2.547914677958060606e-02
1.647212081000980177e+01
4.059957468125183766e+00
7.604858443880407205e-11
4.041727626433503140e+00
3.485933622615307771e-10
2.050163676293314661e-11
0.000000000000000000e+00
0.000000000000000000e+00
9.905201229427135404e-13
4.200439228449268439e-03
4.160617460163023297e-17
1.706941709971218302e+01
1.778445580502202574e+03
1.899377794865897640e+00
0.000000000000000000e+00
1.833837546232522797e+01
1.055982262902376512e+00
1.784748226885073175e+00
2.651563446691696316e-02
7.869247189796263475e-02
4.787382523149259441e+02
1.077024695882724785e+02
2.422802426749281892e+02
1.569062012043135355e-11
7.008329964116054356e+00
1.261501844303349316e+02
1.188934031995348732e+02
2.065964537510464893e+01
5.243950993456509480e+01
1.315629422966108772e-13
1.557081088869691346e-11
9.341257814736439522e-10
1.515624635079081417e-09
2.641382241371391970e+01
3.986403469450690196e-09
6.467211939732265824e-01
1.386091747554305253e-01
6.937790569655005735e-02
1.879791571961733325e+02
1.322464605065938497e-13
9.996231201093019990e+03
3.604988426163557858e+00
4.195155585010673649e-01
7.981968197081127370e-01
2.467091957164217320e+01
9.106443780354493700e-02
9.106993817685367087e-01
1.047091566698990306e+01
3.774455935613844626e-01
9.280706330725622955e-02
7.407783189153897829e-02
4.244499869675218306e+00
2.949108281321346059e+00
9.442071076231958043e-03
1.924917341905375281e+02
1.592440819552376574e+01
4.089440988034964003e-02
4.990813734076262054e-01
7.039788322658515618e-01
2.039136483937373789e-01
2.197604815973997461e+01
2.176330251893413161e-13
6.638881153192900865e-11
3.400202033386640892e+02
0.000000000000000000e+00
4.601957588029215884e+01
3.471682564995280984e+01
1.911433324441059654e+02
3.211974998608314036e-01
1.280545602852501519e+00
6.486122772951834747e+01
0.000000000000000000e+00
9.940568857750375846e-12
2.560240602496716633e+01
1.591159883182130209e-10
3.459406895803770476e-01
6.439720098081270403e-11
4.779019079994254078e-04
1.872595932705036631e-02
1.834935186409644980e-01
6.726632729306227462e-17
5.403541380761566620e-02
0.000000000000000000e+00
6.278836525443642902e-01
1.412559399246164638e-01
5.574810052857726461e+00
4.205596597556275462e+00
2.065968606164475574e+01
6.269310406270919635e-15
1.508480994436578885e-14
4.452587897885461350e-11
1.071128480195424344e-10
6.727143835962201563e-14
1.374862358282891769e-03
1.004252412020299572e-03
9.123264684161963263e-04
1.593644125256770405e-01
2.272559450204621797e-03
4.769733192759299800e-02
0.000000000000000000e+00
6.447585153721049238e-14
4.771735132752382578e-13
1.329607077617814747e-03
7.566848704185477173e-14
4.950959770534747394e-13
0.000000000000000000e+00
1.783598201625747727e-12
4.415018314013694628e-02
1.949019300761204050e-04
8.482441719232801424e-04
1.908307786649330294e-04
1.117750118059939126e+02
3.855826509409221892e+00
3.184570575127954051e-01
7.622848872050681734e+00
1.714923993172837058e+00
9.634812391887830785e+00
0.000000000000000000e+00
0.000000000000000000e+00
0.000000000000000000e+00
0.000000000000000000e+00
5.956487625278725773e+01
6.657763871726940863e+01
0.000000000000000000e+00
0.000000000000000000e+00
0.000000000000000000e+00
0.000000000000000000e+00
0.000000000000000000e+00
5.488807497909671020e-03
4.987869330128613492e-03
9.361006134355722081e-05
2.764010164784671056e-03
2.289639852571557187e-03
5.376216566653199691e-03
5.376216566653199691e-03
5.376216566653199691e-03
5.376216566653199691e-03
1.829182092422598424e-02
3.794982358112791161e-06
1.357970938889601492e-02
5.376216566653199691e-03
5.376216566653199691e-03
5.376216566653199691e-03
5.376216566653199691e-03
5.376216566653199691e-03
5.376216566653199691e-03
5.376216566653199691e-03
5.376216566653199691e-03
5.376216566653199691e-03
5.376216566653199691e-03
5.376216566653199691e-03
5.376216566653199691e-03
5.376216566653199691e-03
5.717773419555999964e-04
9.420411206955300182e-03
4.703248135821100177e-03
1.498765032630679922e-02
2.770337121422000162e-04
2.087240296962000101e-04
1.044885639110557617e-03
8.741119295056145200e-04
4.314895437684357522e-03
3.714021741452685349e-03
0.000000000000000000e+00
8.557679755932171353e-03
3.363618370386885301e-03
4.977749873683771226e-03
7.653219387295570999e-04
1.579978151604456097e-03
2.354154205102367003e-02
6.297138243677514666e-03
7.589964716225612816e-06
5.805057517282941927e-03
1.281186342004992859e-02
8.843572895501786504e-03
3.916422091478533735e-02
5.013171695066999042e-03
6.906862926662428372e-04
1.137228720294085555e-03
1.090045283708872617e-02
9.955498754346426161e-04
0.000000000000000000e+00
1.784906702432298691e-03
2.469268521012000193e-03
2.023990590993499574e-05
4.030271264315801218e-03
3.972714026919317298e-01
1.525329611231355381e-02
1.264994119370919446e-06
0.000000000000000000e+00
3.509094183645157603e-03
2.529988238741870656e-06
1.264994119370919446e-06
0.000000000000000000e+00
9.715154836768000526e-04
0.000000000000000000e+00
3.309221140702999376e-03
5.749397776030642365e-03
4.026475288937285402e-03
4.667823335376427673e-04
1.495222552586242867e-03
2.075855846397857331e-03
2.656487650678970711e-05
0.000000000000000000e+00
9.487440999976282964e-04
2.099890238155700112e-03
6.526102179283614635e-03
3.825341223957286641e-03
2.523662771634742948e-03
5.059976477483741313e-06
0.000000000000000000e+00
5.488805015358685056e-03
2.982854147435871298e-03
1.791990024037615550e-02
1.927850541411042784e-03
4.087199475258799890e-03
2.330118174860785520e-03
3.104295072426042131e-03
4.843665958642598933e-03
0.000000000000000000e+00
4.743728444151157700e-03
1.855745876606942641e-03
4.035346136098717242e-04
6.084619728133370750e-03
2.213736233327799792e-03
0.000000000000000000e+00
3.162480333325428956e-03
1.311925252246532586e-02
8.903029108642754319e-03
7.640574411204146708e-04
3.054707203644711419e-02
5.435682213487786317e-03
4.791797227666842393e-03
7.880913363679998467e-04
4.099844947860785578e-03
6.051729384519513935e-03
2.126453625131928364e-03
5.264907014352370948e-03
1.003140336661100061e-03
1.264994119370919446e-06
1.011995295496748601e-05
2.640041634804724327e-02
1.749992815086734432e-02
3.146044843467214660e-03
1.322044559738258171e-02
1.061329569641942302e-03
1.832597030383695605e-02
9.993468438335717258e-04
1.579977655094299974e-03
1.043366901402051176e-02
2.771602612051857727e-03
4.168154630306786235e-03
3.817751755751242707e-03
2.737447274318700191e-03
0.000000000000000000e+00
1.945561452102657993e-03
0.000000000000000000e+00
5.059976477483741313e-06
1.708248505657681063e-02
2.201089767705000143e-04
6.324970596854693582e-06
5.059976477483741313e-06
3.655828039880092356e-04
3.225739969497572754e-04
4.001177392590616125e-03
6.324960666650855309e-04
8.032712658005000325e-04
2.024040242005716297e-05
0.000000000000000000e+00
