1.897392000000000053e+03
3.063035628943653137e+02
6.653666919295782911e+00
1.350967411278149370e+02
3.518173804844882957e-01
1.291793655481048578e-72
6.355076050968868149e-102
6.635347945580718054e+00
6.603872473941128973e+00
6.601951789405831050e+00
6.427276471370048760e+00
6.420292308430552097e+00
6.404334899076061127e+00
6.402145844590394042e+00
6.360682994533368273e+00
6.309561491028127911e+00
6.242907089235505858e+00
6.610472575895912861e+00
6.545518344736441563e+00
6.459524385757388742e+00
6.408411033834976678e+00
6.338984451482122751e+00
6.196840623556340688e+00
6.144559794429240718e+00
6.111976025019657754e+00
6.058121424179875092e+00
6.037622505726647049e+00
6.878973097199355680e-01
6.346945759721358371e+01
1.487589385701574152e+01
3.540116517102844212e-04
1.266364321891274750e-05
0.000000000000000000e+00
0.000000000000000000e+00
6.719865364219869264e+01
1.526052647198622481e+02
0.000000000000000000e+00
8.090728686688521520e+00
1.489033549976766846e+00
7.971142851287376288e+03
2.973536567251582774e+00
3.158168944009360352e-02
1.128803807489164228e+03
6.933803155036024624e-01
1.456231044189113089e+00
1.740757294860555504e+01
3.537774725442166979e+00
2.552763811742000954e-01
8.911347567667219360e-01
2.752709394299626577e+00
1.140875503662647716e+01
1.121144974694449514e+00
1.413040874096216726e+02
4.922991960701496339e+01
1.601435135155681522e+01
5.529828931973087691e+01
4.023259486578579569e+00
1.404440533161330862e+01
5.215310804772649078e+00
1.274305274405578059e+00
2.037323327884582369e+01
5.953480673419736524e-01
1.088095819457219164e+02
1.159727918122828605e+01
4.204885013765133017e+00
4.153573261656669047e+01
3.443686248843332631e+00
3.900648720929878799e+00
6.841988814948870568e-01
7.116750775218514491e+01
7.300627595934462422e-01
9.402908295013322260e+00
2.651894604931925059e+01
1.674039884576663084e+01
8.368825995835797726e-02
1.497720318032879916e-01
8.993643611043029523e+03
1.675962805435477154e+00
2.899133542714880107e+00
3.032334222528373369e-01
3.194702264557089388e-02
3.637468077906765018e-02
2.373627097064782976e-03
0.000000000000000000e+00
4.626329334078796762e+00
0.000000000000000000e+00
0.000000000000000000e+00
9.871647293114205191e-01
0.000000000000000000e+00
1.603305974196906192e+01
0.000000000000000000e+00
6.126425974608485292e-04
2.861737732949024005e-03
5.532028138118976724e-06
8.569812084734465429e+01
8.290951815785017193e-03
6.472264381221199227e-05
4.754079478050964980e+00
9.713615763053252617e-10
1.933686033834052271e-05
2.939238355310294564e-09
2.043872603235493912e+01
8.280714521920316698e-05
3.188337002747186375e+02
6.456408095552352051e-07
3.710120039821798721e-01
6.091809972592511002e+01
1.069511984187818387e-04
2.569962213399983780e-06
4.072921151736696999e+01
3.210113221091587428e-04
1.112177370403933594e+02
9.028994616356108191e-08
1.182393263185687010e-04
1.601142208917165095e-03
5.816552404663601905e+00
2.863265822380234998e-02
8.106139529292743476e-05
1.457017476585236023e-03
2.077764715668953372e-07
3.773356741878440338e-06
2.259976984354786964e+03
1.483358446224819793e-06
1.983313978630588462e-04
1.731758037194314602e+04
1.974681849444735737e-02
1.983207484213989069e-01
1.814483946078060626e+03
2.069011928186001523e-03
1.400658094983751704e-02
1.391234193445947329e-02
5.256745563854241937e-02
1.155113911218134407e-06
3.405144576160318293e-01
7.949845705167020329e-11
1.490640920688988826e-12
1.868559829589319376e-12
5.106344107158125329e-04
1.898187197516567356e-10
2.263037146920220122e-01
6.093093772318068702e+00
1.794616164177461543e-11
1.032076584524909046e-12
1.035172987195759526e-12
2.228722075827990394e-09
1.323863610132177588e-10
1.289191065003288725e-10
4.629477621488544813e-12
1.625392989975621868e-18
5.771499159523063123e-10
8.510721067635518639e-13
1.701849949854675694e-10
1.506860790000981393e-14
3.299897564484892669e-09
3.299168627073519229e-12
9.558196046762527574e-16
2.207722054849320414e-17
6.106381194685048500e-19
1.957919934497027251e-16
4.078484962580750494e-17
9.218970363280091168e-18
0.000000000000000000e+00
2.541489912929018402e+01
4.671339219564293899e+01
2.174896270407700193e-04
3.998278177677017597e-04
4.966829061058096863e-05
2.330944305863508364e-13
4.284605904788874220e-13
0.000000000000000000e+00
1.674205772044501828e+01
2.160542499525732352e-04
2.105225261867768705e+00
2.080456053921391629e-02
3.095943933143668544e-03
6.459058002129092202e-01
5.527393050418599233e-06
1.262294503671948734e-06
5.923912183079115072e-15
4.730184610720500507e-11
1.080235471030306262e-11
5.069514322996980319e-20
1.157728427815223362e-20
5.433186564504908276e-29
2.802940135128609289e-01
4.431938229983356861e-03
1.463200766698028676e+00
1.702419715849429194e-02
5.808918561968871977e-16
1.956832054416292893e-23
1.007573148909801998e-31
1.973460378617095407e-17
4.228618069749013492e-20
1.390908542285606830e-17
5.116328410175250078e-19
0.000000000000000000e+00
1.239377913282403622e-14
1.129690127378598257e-19
1.166531117233312402e-28
3.556075412383481379e-27
3.897751608824458398e-22
9.647988881137129516e-28
0.000000000000000000e+00
4.084099750510969919e-36
1.869968780949995267e-35
0.000000000000000000e+00
2.057080093588564011e-30
4.165297972702390161e-36
2.000515714792728054e-44
2.824771737791199848e-16
1.082401166696043167e-38
2.074195817154188893e-16
4.568452191465251841e-18
0.000000000000000000e+00
4.855367949666880610e-31
9.293015436067714672e-38
1.615652925521033096e-46
8.333276288958869766e-46
6.273565383535544149e-54
1.727190230586874425e-62
9.301206591439966410e-34
8.937293062021865206e-42
1.943004670259734772e-33
3.537685628156399754e-36
0.000000000000000000e+00
4.672158690865996888e+00
3.998281285697076362e-05
4.285110939359560825e-14
5.090390264660388500e-19
0.000000000000000000e+00
1.222547468960944856e-14
4.789442747979184028e-31
1.123884839878674621e-19
9.237855464015819765e-38
1.160546514397502743e-28
1.606727356206166171e-46
3.550593751833625017e-27
0.000000000000000000e+00
3.874934900361597835e-22
4.077344179843813778e-36
6.257731584446562913e-54
1.867607584978251602e-35
0.000000000000000000e+00
2.045928321416669130e-30
4.158546723947622543e-36
1.997868053399397894e-44
1.724116011517453474e-62
2.822620848437350310e-16
9.293370472000124137e-34
8.926474433642845530e-42
1.081079419702560162e-38
1.941142215967432663e-33
2.072109973448792657e-16
4.563948616002752088e-18
0.000000000000000000e+00
3.534075332141906147e-36
0.000000000000000000e+00
5.489338989441221553e-18
0.000000000000000000e+00
4.239337874303096979e-36
0.000000000000000000e+00
3.571502094492591335e-23
0.000000000000000000e+00
8.670986219648434054e-19
3.358596134155563463e-35
7.875081386045608807e-24
6.026561361957993604e-42
8.061167773057688378e-33
1.040706275722565138e-50
2.383743271256950303e-31
0.000000000000000000e+00
2.578151193579583327e-26
2.707431453693350729e-40
3.872889334408722136e-58
1.238517782182718784e-39
0.000000000000000000e+00
1.344387426751356311e-34
2.758339571652542622e-40
1.310408496759243325e-48
1.054086677192684643e-66
1.987221949713001304e-20
6.469612577263733473e-38
6.188837382016871679e-46
7.499264873869371584e-43
1.370283407810743713e-37
1.465288581569364956e-20
3.250186164125465109e-22
0.000000000000000000e+00
2.509882073904719456e-40
0.000000000000000000e+00
2.773321818943621900e-18
0.000000000000000000e+00
1.864759319449239322e-13
7.115507146244466599e-30
6.104418941875043519e-19
4.336760242257994607e-37
6.178250345958264125e-28
7.411559142318761516e-46
1.472150758631673898e-27
0.000000000000000000e+00
1.880680642421870532e-21
1.664799174657295668e-36
2.327423273507719758e-54
7.618029698950810295e-36
0.000000000000000000e+00
9.682668799247713400e-30
1.695599168416822514e-36
8.027010171953642803e-45
6.314447670462019237e-63
1.261629232171469698e-16
4.087559521513404316e-34
3.868283301309636852e-42
4.690278635818834413e-39
8.706254524842901336e-34
9.316202502874177674e-17
1.070208438771273304e-17
0.000000000000000000e+00
7.548443650191015510e-36
0.000000000000000000e+00
2.775770185349174312e-18
0.000000000000000000e+00
1.866373306687024845e-13
7.121750542723263927e-30
6.109816645331661477e-19
4.340906590665221139e-37
6.183770634003102707e-28
7.418714694430467126e-46
1.474334633936363041e-27
0.000000000000000000e+00
1.882446140454439605e-21
1.667288903868036164e-36
2.331084273077234182e-54
7.629428481901196049e-36
0.000000000000000000e+00
9.691884899697131259e-30
1.698136829664189524e-36
8.039117814647545094e-45
6.324465217856417863e-63
1.263429372817246395e-16
4.093439808206091542e-34
3.873891376868077593e-42
4.697074352110832017e-39
8.718655010702358258e-34
9.329455492047128528e-17
1.070282314215268361e-17
0.000000000000000000e+00
7.549002951201335676e-36
0.000000000000000000e+00
1.346208378372770644e-17
0.000000000000000000e+00
9.490375855520799079e-36
0.000000000000000000e+00
1.966008144788431969e-22
0.000000000000000000e+00
5.247567630600247134e-18
2.054560254714701453e-34
3.858537256980577205e-23
3.162152657129466199e-41
5.475681087886161532e-32
7.560796682217605929e-50
1.064528790385816845e-30
0.000000000000000000e+00
1.327700337719593578e-25
1.571043700088230445e-39
2.404345560508482466e-57
7.995241700143864231e-39
0.000000000000000000e+00
9.631367029950078355e-34
1.602147351432950636e-39
1.025873943329816309e-47
8.828422313772293347e-66
2.422338703364950647e-20
7.972793837981490664e-38
3.827291745055758607e-46
4.635475445755889253e-43
6.664160099238901654e-37
7.114309909893947747e-20
1.178238798185270064e-21
0.000000000000000000e+00
9.099955028260570226e-40
0.000000000000000000e+00
1.072769119944453540e-21
0.000000000000000000e+00
8.014562859939067982e-17
3.058177302121597765e-33
2.098940899077716045e-22
1.491144654387109437e-40
2.920932005816463821e-31
3.504018914467191417e-49
4.431502673392282949e-31
0.000000000000000000e+00
6.466507452905107709e-25
6.443211055830364168e-40
9.007757064138188509e-58
3.275993838960936509e-39
0.000000000000000000e+00
4.577751646967518669e-33
6.562451582941751198e-40
4.142239605556561586e-48
3.258480379868739980e-66
1.085084689788484934e-20
3.515569851585810706e-38
1.663403728547079868e-46
2.016870714546535447e-43
2.995030755146004065e-37
3.204858682807989723e-20
2.890455858975375264e-21
0.000000000000000000e+00
2.037684713004369011e-39
0.000000000000000000e+00
7.711586466268669716e-20
0.000000000000000000e+00
1.850878881110628608e-15
7.253665345243102844e-32
1.276857421422832087e-20
1.047406163828494452e-38
1.318170209514994483e-29
1.822189479744385618e-47
4.029213943121308956e-28
0.000000000000000000e+00
4.397544287768498473e-23
3.083735811206290936e-37
4.725003460877576617e-55
2.118934373720796738e-36
0.000000000000000000e+00
2.321241967252595352e-31
3.145420741444800828e-37
1.510794529012585509e-45
1.301653302518233212e-63
4.276026322150360337e-17
1.407546499098234079e-34
1.689506979416204436e-42
2.045940167856462867e-39
1.470166413572527498e-34
4.708345221201936850e-17
3.119019015021088950e-19
0.000000000000000000e+00
2.408509296975492976e-37
0.000000000000000000e+00
1.295983430926773487e-19
0.000000000000000000e+00
1.557005117786315609e-15
6.090584810174645677e-32
7.155842823698148626e-20
5.808635702362905841e-38
2.948765803818588234e-29
4.033822938507515114e-47
2.686126030369193018e-27
0.000000000000000000e+00
2.436044503269753209e-22
3.078656780271771646e-36
4.665305754224101445e-54
7.050110787752607240e-36
0.000000000000000000e+00
5.154415392565348091e-31
3.141530842933145150e-36
7.522255097429733314e-45
6.423249571645050807e-63
1.078895113738322572e-16
3.545892316071606210e-34
3.367278926249069311e-42
4.078023348437333800e-39
1.729071780860359790e-33
2.109958167028885126e-16
3.647930316134110004e-18
0.000000000000000000e+00
2.816024179597284386e-36
0.000000000000000000e+00
1.293458198826689479e-19
0.000000000000000000e+00
1.553272641327442881e-15
6.084125433896665241e-32
7.140329426981927878e-20
5.862291972796574335e-38
2.948515177987865175e-29
4.078127948077025388e-47
2.704688081560943985e-27
0.000000000000000000e+00
2.459802652139075832e-22
3.104963539737290194e-36
4.760375602288047263e-54
7.111979893461253188e-36
0.000000000000000000e+00
5.193898238566110231e-31
3.167121772898275449e-36
7.606729628042923475e-45
6.556715899830823099e-63
1.075951057819586133e-16
3.541943598563612079e-34
3.399079704704549808e-42
4.116590912214631825e-39
1.725321077116046173e-33
2.104881700574865165e-16
3.661977913928741136e-18
0.000000000000000000e+00
2.827979777602562061e-36
0.000000000000000000e+00
1.849821239007641009e-21
0.000000000000000000e+00
1.381988265929489429e-16
5.273294829927873254e-33
3.619309748068171954e-22
2.571073078757410016e-40
5.036633560299384965e-31
6.041670827504642441e-49
7.641045820651744449e-31
0.000000000000000000e+00
1.114992333103380088e-24
1.110954612126816062e-39
1.553030429814771705e-57
5.648580832128378522e-39
0.000000000000000000e+00
7.893120106668619163e-33
1.131520023374120338e-39
7.142106103312008249e-48
5.617882111218593437e-66
1.871068850610639719e-20
6.062012324677589775e-38
2.868090191092007982e-46
3.477551461612105407e-43
5.164251185117895506e-37
5.526061399287164647e-20
4.984183885903411893e-21
0.000000000000000000e+00
3.513704678307433944e-39
0.000000000000000000e+00
1.712039795094725785e-20
0.000000000000000000e+00
4.569689975123548352e-16
1.789151807828107719e-32
3.360092761717747193e-21
2.753654779794673991e-39
4.768330828158627519e-30
6.584064673724115761e-48
9.270106430739207086e-29
0.000000000000000000e+00
1.156185066025817517e-23
1.368091975039260265e-37
2.093736809966560817e-55
6.962393920735788658e-37
0.000000000000000000e+00
8.387155910747097462e-32
1.395177325233893561e-37
8.933480557510912604e-46
7.687904885862727250e-64
2.109421412164671180e-18
6.942866301834967256e-36
3.332879098458470701e-44
4.036661323323828257e-41
5.803286136814001688e-35
6.195286420240800041e-18
1.026034787862206986e-19
0.000000000000000000e+00
7.924430390186815432e-38
0.000000000000000000e+00
7.007810226573495632e-19
0.000000000000000000e+00
1.681907898927997957e-14
6.591593105073568033e-31
1.160323785392800731e-19
9.517231422236647651e-38
1.197851872780008976e-28
1.655750120092690632e-46
3.661289340854097281e-27
0.000000000000000000e+00
3.995998263751953749e-22
2.802108932066227868e-36
4.293158178359146062e-54
1.925428205525848128e-35
0.000000000000000000e+00
2.109260110539752047e-30
2.858172255449099516e-36
1.372810298891148962e-44
1.182681274515655422e-62
3.885783436575062045e-16
1.279076312483435601e-33
1.535288886954646836e-41
1.859177142290309587e-38
1.335992945706652011e-33
4.278654067194173294e-16
2.834392209772676048e-18
0.000000000000000000e+00
2.188708574206697157e-36
0.000000000000000000e+00
1.282649897547977485e-18
0.000000000000000000e+00
1.540990937586423389e-14
6.027885084578465700e-31
7.082232928062201939e-19
5.748422371073781837e-37
2.918389654638251471e-28
3.991958490835897510e-46
2.658324693497259634e-26
0.000000000000000000e+00
2.410783182833217046e-21
3.046757175182755267e-35
4.616581147437650054e-53
6.977050646793423344e-35
0.000000000000000000e+00
5.101039489110775713e-30
3.108988519694698006e-35
7.444173337427262937e-44
6.356147067330273836e-62
1.067800916539418816e-15
3.509390256253051000e-33
3.332367680091364828e-41
4.035742831263399336e-38
1.711285108765900317e-32
2.088256860317806331e-15
3.610421450175077116e-17
0.000000000000000000e+00
2.787067616230379844e-35
0.000000000000000000e+00
0.000000000000000000e+00
0.000000000000000000e+00
0.000000000000000000e+00
0.000000000000000000e+00
0.000000000000000000e+00
0.000000000000000000e+00
0.000000000000000000e+00
0.000000000000000000e+00
0.000000000000000000e+00
0.000000000000000000e+00
0.000000000000000000e+00
0.000000000000000000e+00
0.000000000000000000e+00
0.000000000000000000e+00
0.000000000000000000e+00
0.000000000000000000e+00
0.000000000000000000e+00
0.000000000000000000e+00
0.000000000000000000e+00
0.000000000000000000e+00
0.000000000000000000e+00
0.000000000000000000e+00
0.000000000000000000e+00
0.000000000000000000e+00
0.000000000000000000e+00
0.000000000000000000e+00
0.000000000000000000e+00
0.000000000000000000e+00
0.000000000000000000e+00
1.576181524492251684e+00
7.183298684152643679e-05
5.772200952677705388e+00
1.013638152500196412e+02
1.116525247617130845e-01
2.049585796393504467e+00
1.932215662433609538e+01
3.167381923274083244e-02
1.453086669747642290e+01
4.468514625250200822e+00
1.784473946630369045e-10
4.448926761759553372e+00
7.478744648270103328e-10
4.480042811534805969e-11
0.000000000000000000e+00
0.000000000000000000e+00
1.630872899270530254e-12
4.200439263547913783e-03
6.850379313393286243e-17
1.376936985702967853e+01
1.741642379369588525e+03
2.434199945888340544e+00
0.000000000000000000e+00
2.403915363158788665e+01
1.309263509528587832e+00
1.777470673655793698e+00
2.709727363444811715e-02
6.451217097441168391e-02
5.405265447626958348e+02
1.144625248159485267e+02
2.422876679103420372e+02
1.347062031983706496e-11
7.414076324122398809e+00
1.334540727702647587e+02
1.210929388053247067e+02
2.226129523621599304e+01
5.649312143614028514e+01
8.539523460581985029e-14
1.309112881379566564e-11
9.611281938411272954e-10
1.656485383329457625e-09
2.546548392999358867e+01
4.193772465518259471e-09
6.467211931196163999e-01
1.397057314332153521e-01
6.986346563173358171e-02
1.605712627363494391e+02
2.177363427225018541e-13
9.996266893518253710e+03
3.561307568301984361e+00
4.382687253444058628e-01
8.135593207492594070e-01
2.544121430739080481e+01
9.235725984418977075e-02
9.236297668993561638e-01
1.059786048996283014e+01
3.773944710532074476e-01
9.908786160281189692e-02
8.081808992016378812e-02
3.806337189390820441e+00
2.801379332396174870e+00
9.572053501929704902e-03
1.790310563344501986e+02
1.502162184577826309e+01
4.136209743017828233e-02
4.906517686200664863e-01
7.221667101953437307e-01
2.028637371071134732e-01
2.111733137636851865e+01
3.443282442522399996e-13
1.068734737255015004e-10
3.456680599694624902e+02
0.000000000000000000e+00
4.869380835612882663e+01
3.673326032362302840e+01
2.022221863085964912e+02
1.386408351468374489e-01
5.538939602200452228e-01
6.445507467088387443e+01
0.000000000000000000e+00
2.651536583117725430e-11
2.426054828136338770e+01
3.291612039690774305e-10
2.806059782162760308e-01
1.137747390066916203e-10
4.226474474382462378e-04
2.052574440071096643e-02
2.406901215384545378e-01
1.084610185531293879e-16
5.586229937953057778e-02
0.000000000000000000e+00
5.811745734672829622e-01
1.230701488202400468e-01
5.898947227506789126e+00
4.449997916126297248e+00
2.226144780689904223e+01
4.384695462617041777e-15
1.035914917787204422e-14
4.935036352011103802e-11
1.165806085698007946e-10
1.082014768659612370e-13
1.418917685628344038e-03
1.023442142358063547e-03
9.252751531927418376e-04
1.503248448415647198e-01
2.265895148079504796e-03
4.960854616474508205e-02
0.000000000000000000e+00
1.142837973753222326e-13
9.880720965588640788e-13
5.820504695562946432e-04
1.819861347610377097e-13
4.497192633255423109e-13
0.000000000000000000e+00
1.587173418226892218e-12
3.634607294377340675e-02
1.320914046234047750e-04
6.490802497069774390e-04
1.374499525037559274e-04
1.107931712834037796e+02
3.099286454034878791e+00
3.158277394385469172e-01
8.535620754157410062e+00
1.807510720681287708e+00
4.154005302050939541e+00
0.000000000000000000e+00
0.000000000000000000e+00
0.000000000000000000e+00
0.000000000000000000e+00
5.984233837867866868e+01
6.630017659137872954e+01
0.000000000000000000e+00
0.000000000000000000e+00
0.000000000000000000e+00
0.000000000000000000e+00
0.000000000000000000e+00
4.540063397912042290e-03
2.457885063468271802e-03
0.000000000000000000e+00
1.815266064787042759e-03
1.973391819239014421e-03
5.376216566653199691e-03
5.376216566653199691e-03
5.376216566653199691e-03
5.376216566653199691e-03
2.303554142421412876e-02
3.794982358112791161e-06
1.168222118890075920e-02
5.376216566653199691e-03
5.376216566653199691e-03
5.376216566653199691e-03
5.376216566653199691e-03
5.376216566653199691e-03
5.376216566653199691e-03
5.376216566653199691e-03
5.376216566653199691e-03
5.376216566653199691e-03
5.376216566653199691e-03
5.376216566653199691e-03
5.376216566653199691e-03
5.376216566653199691e-03
5.717773419555999964e-04
9.420411206955300182e-03
4.703248135821100177e-03
1.498765032630679922e-02
2.770337121422000162e-04
2.087240296962000101e-04
1.361133672443100382e-03
1.506607996170699834e-03
6.528631671012156447e-03
3.081525674787599818e-03
1.846891414280999236e-04
4.446455322609114968e-03
3.363618370386885301e-03
2.131517573690885469e-03
7.653219387295572083e-04
4.109962418264798654e-03
2.037906171769824498e-02
4.715898077014800405e-03
7.589964716225612816e-06
7.070049650613112989e-03
1.629059178670789684e-02
5.048596495511272451e-03
3.695048468145753495e-02
5.013171695066999042e-03
3.162480333325427655e-04
0.000000000000000000e+00
9.002964637093470446e-03
4.680577543701436034e-05
4.085931005567999840e-04
1.784906702432298691e-03
3.734260654342172556e-03
6.527359725750205097e-04
4.030271264315801218e-03
4.194087650252097399e-01
1.303955987898575662e-02
1.264994119370919446e-06
0.000000000000000000e+00
5.406582383640414630e-03
2.529988238741870656e-06
1.264994119370919446e-06
0.000000000000000000e+00
1.287763517009342818e-03
0.000000000000000000e+00
1.264992133330171062e-03
8.279382042690984489e-03
3.077731188939657539e-03
0.000000000000000000e+00
8.627264859211575525e-04
2.392103879730399230e-03
2.656487650678969017e-05
0.000000000000000000e+00
3.162480333325427655e-04
1.783642204823157346e-03
7.158598245948700166e-03
2.876597123959658345e-03
4.737399004962541439e-03
5.059976477483741313e-06
0.000000000000000000e+00
2.958820748698342933e-03
1.401613980773157471e-03
1.475741990705072872e-02
3.192842674741212545e-03
7.882175875249313943e-03
2.013870141528242754e-03
2.788047039093499366e-03
7.373650225302941057e-03
6.324960666650855309e-04
6.008720577481328762e-03
1.855745876606942641e-03
1.036030680274957309e-03
5.768371694800827551e-03
6.324960666650855309e-04
6.324960666650860730e-04
2.901894523796072402e-03
8.691780055809728012e-03
7.005540908647498594e-03
2.029049574450585407e-03
2.991457596978202779e-02
7.016922380150497976e-03
4.791797227666842393e-03
1.104339369700542287e-03
3.151100847863157715e-03
5.102985284521885205e-03
8.614614918017576275e-04
7.162395214347627541e-03
3.706442699960144755e-04
1.264994119370919446e-06
1.011995295496748601e-05
2.481917618138452727e-02
2.161115258419040244e-02
6.308525176792641881e-03
9.425469197392066789e-03
9.487440999976282964e-04
1.737722620383932645e-02
4.161827177158999164e-03
9.474815884292144431e-04
1.011742098068796857e-02
2.455354578719314528e-03
4.800650696971870898e-03
4.133999789083785473e-03
3.369943340983786156e-03
2.909486474553155913e-05
4.159297685430457352e-03
0.000000000000000000e+00
5.059976477483741313e-06
1.739873308990935036e-02
6.324960666650855309e-04
6.324970596854693582e-06
5.059976477483741313e-06
0.000000000000000000e+00
3.225739969497572754e-04
4.317425425923156722e-03
8.095957398871426319e-04
8.032712658005000325e-04
2.024040242005716297e-05
0.000000000000000000e+00
